Time (s) 	 Position (mm) 	 Delay (ps) 	 X 	 Y 	 R 	 theta 

6.0562	90.0	600.4169999999999	5.19682e-07	2.97094e-07	6.49135e-07	25.878
7.111	90.01	600.483713	1.66708e-07	-3.35278e-08	6.5193e-08	-76.14
8.1349	90.02	600.5504259999999	3.79981e-07	-4.61006e-07	5.59729e-07	-53.382
9.1587	90.03	600.617139	5.98844e-07	3.44592e-08	6.49135e-07	2.802
10.166	90.04	600.683852	6.13745e-07	-1.35043e-07	5.83012e-07	-12.456
11.1901	90.05	600.7505649999999	3.34347e-07	6.5193e-08	4.13509e-07	11.454
12.1974	90.06	600.817278	2.67291e-07	-4.33998e-07	5.14094e-07	-58.38
13.2042	90.07	600.8839909999999	-1.59257e-07	-2.85918e-07	3.31553e-07	-129.096
14.2123	90.08	600.950704	6.06295e-07	-5.68109e-08	5.78355e-07	-10.668
15.2203	90.09	601.017417	4.68457e-07	-3.22239e-07	6.24921e-07	-25.992
16.2267	90.1	601.08413	2.57978e-07	1.11759e-07	2.16068e-07	29.64
17.2343	90.11	601.150843	5.53209e-07	2.01167e-07	5.41102e-07	23.22
18.2425	90.12	601.217556	2.79398e-08	8.00942e-08	1.44356e-07	26.652
19.2502	90.13	601.2842689999999	3.94883e-07	-1.79746e-07	4.64732e-07	-24.3
20.2575	90.14	601.3509819999999	1.29455e-07	-7.26436e-08	1.31317e-07	-37.956
21.2813	90.15	601.417695	2.68223e-07	-1.35043e-07	3.04544e-07	-27.036
22.3048	90.16	601.4844079999999	9.5927e-07	-1.69502e-07	9.67651e-07	-8.736
23.3604	90.17	601.551121	1.71364e-07	-2.37488e-07	2.73811e-07	-66.012
24.3842	90.18	601.617834	7.86971e-07	-1.24798e-07	7.8604e-07	-8.544
25.4073	90.19	601.684547	4.33067e-07	-4.4238e-07	6.48204e-07	-37.602
26.4303	90.2	601.75126	-2.14205e-08	1.08965e-07	1.21073e-07	108.138
27.4387	90.21	601.8179729999999	6.49135e-07	-3.84638e-07	7.75795e-07	-28.38
28.4631	90.22	601.884686	3.0175e-07	-1.85334e-07	3.44591e-07	-30.726
29.4696	90.23	601.951399	1.14367e-06	-6.14677e-08	1.14926e-06	-2.826
30.4941	90.24	602.018112	5.39239e-07	-1.29455e-07	5.33651e-07	-12.108
31.5002	90.25	602.0848249999999	9.59267e-08	1.22935e-07	1.51806e-07	68.562
32.5092	90.26	602.151538	3.96745e-07	-6.14677e-08	3.89295e-07	-9.042
33.5157	90.27	602.2182509999999	1.89991e-07	-1.36905e-07	2.32832e-07	-32.496
34.524	90.28	602.284964	5.62522e-07	-3.00819e-07	6.38891e-07	-30.312
35.5473	90.29	602.351677	4.46105e-07	-3.16652e-08	3.85569e-07	-2.334
36.5866	90.3	602.4183899999999	8.27949e-07	1.26661e-07	8.7731e-07	6.438
37.6103	90.31	602.485103	8.29812e-07	5.58796e-09	8.34469e-07	0.69
38.6178	90.32	602.5518159999999	3.13858e-07	5.49483e-08	2.76605e-07	13.86
39.625	90.33	602.618529	5.22476e-07	2.27244e-07	6.06295e-07	22.116
40.6487	90.34	602.685242	5.59729e-07	-9.77893e-08	5.55072e-07	-9.438
41.656	90.35	602.751955	-1.20142e-07	-2.03029e-07	2.32832e-07	-99.666
42.6639	90.36	602.818668	9.29464e-07	-1.32249e-07	8.89417e-07	-7.71
43.6716	90.37	602.8853809999999	2.64497e-07	-4.17234e-07	5.113e-07	-50.67
44.6787	90.38	602.9520939999999	1.26381e-06	2.00235e-07	1.28244e-06	9.684
45.6873	90.39	603.0188069999999	1.77884e-07	-1.10828e-07	1.93716e-07	-36.36
46.6941	90.4	603.08552	5.00124e-07	-1.81609e-07	5.55072e-07	-19.662
47.7015	90.41	603.1522329999999	8.19568e-08	-1.78815e-07	1.69502e-07	-103.098
48.7251	90.42	603.218946	6.72419e-07	-2.04892e-08	6.808e-07	-1.608
49.7489	90.43	603.285659	2.13274e-07	1.21073e-07	2.74742e-07	29.196
50.7722	90.44	603.352372	3.72531e-07	3.35278e-07	4.69388e-07	45.288
51.7961	90.45	603.419085	1.72296e-07	-5.58796e-08	1.24798e-07	-21.36
52.8195	90.46	603.4857979999999	1.86266e-08	-4.93603e-08	5.30856e-08	-40.05
53.8429	90.47	603.552511	5.59729e-07	2.32832e-08	5.75561e-07	4.152
54.8656	90.48	603.619224	9.12701e-08	-1.90922e-07	2.03961e-07	-77.346
55.89	90.49	603.685937	1.26661e-07	-4.4238e-07	4.61938e-07	-71.538
56.8978	90.5	603.75265	5.84874e-07	1.46219e-07	6.26784e-07	18.81
57.9054	90.51	603.819363	7.65551e-07	-2.40283e-07	7.81383e-07	-18.234
58.9128	90.52	603.8860759999999	8.93142e-07	-9.12701e-08	8.62408e-07	-5.784
59.936	90.53	603.9527889999999	1.14553e-07	2.01167e-07	2.62635e-07	48.684
60.944	90.54	604.019502	-1.15484e-07	-1.31317e-07	1.84403e-07	-116.91
61.968	90.55	604.0862149999999	8.20499e-07	-1.42493e-07	8.61477e-07	-9.486
62.976	90.56	604.152928	8.37263e-07	-7.45064e-09	7.69276e-07	1.848
63.9818	90.57	604.2196409999999	6.7335e-07	-1.6857e-07	6.98496e-07	-15.924
64.9903	90.58	604.286354	2.8778e-07	7.82316e-08	3.67874e-07	12.828
66.0303	90.59	604.353067	9.78827e-07	1.02446e-07	1.03098e-06	4.266
67.0538	90.6	604.41978	-4.81497e-07	2.3842e-07	5.78355e-07	155.34
68.0766	90.61	604.486493	7.89765e-07	2.14205e-08	7.53444e-07	1.08
69.1001	90.62	604.553206	6.11883e-07	-1.18278e-07	6.76144e-07	-9.738
70.1081	90.63	604.619919	3.2969e-07	2.35626e-07	4.65663e-07	28.254
71.1162	90.64	604.6866319999999	3.73462e-07	-1.94647e-07	4.36792e-07	-26.364
72.1231	90.65	604.753345	1.76952e-08	-6.60311e-07	6.57517e-07	-93.042
73.1302	90.66	604.8200579999999	1.86266e-09	5.58796e-08	5.21543e-08	95.118
74.1383	90.67	604.886771	6.37028e-07	-4.7032e-07	7.97216e-07	-38.412
75.1456	90.68	604.953484	6.30509e-07	-2.16068e-07	6.15608e-07	-18.99
76.17	90.69	605.0201969999999	4.65664e-09	-3.44592e-08	6.5193e-08	-21.492
77.1774	90.7	605.08691	9.11768e-07	3.52042e-07	1.00677e-06	18.342
78.1836	90.71	605.1536229999999	9.49953e-07	1.7509e-07	9.16425e-07	11.274
79.1918	90.72	605.220336	3.23171e-07	3.18514e-07	4.44243e-07	39.69
80.2146	90.73	605.287049	3.87432e-07	1.16416e-07	3.88363e-07	19.506
81.2383	90.74	605.353762	5.28995e-07	-1.08034e-07	5.83012e-07	-11.814
82.2631	90.75	605.420475	3.25033e-07	-3.62286e-07	4.20028e-07	-62.196
83.2864	90.76	605.487188	-1.06171e-07	-1.26661e-07	1.35974e-07	-99.828
84.2937	90.77	605.5539009999999	3.96745e-07	-1.78815e-07	4.13509e-07	-22.524
85.3172	90.78	605.6206139999999	9.79759e-07	-2.47734e-07	9.5927e-07	-15.81
86.3255	90.79	605.687327	7.30161e-07	-2.20724e-07	7.18053e-07	-19.602
87.3487	90.8	605.7540399999999	7.35748e-07	3.72531e-08	6.84526e-07	-0.744
88.3566	90.81	605.820753	3.75325e-07	5.70904e-07	6.83594e-07	61.962
89.3633	90.82	605.8874659999999	2.05823e-07	-1.26661e-07	2.74742e-07	-25.464
90.3713	90.83	605.954179	7.65551e-07	-2.23518e-07	7.23641e-07	-18.822
91.3787	90.84	606.020892	3.25965e-07	-4.55419e-07	5.56003e-07	-52.794
92.3862	90.85	606.0876049999999	-1.62051e-07	-2.16068e-07	2.319e-07	-113.55
93.3946	90.86	606.154318	3.07338e-07	1.35974e-07	3.20377e-07	28.728
94.401	90.87	606.221031	1.45287e-07	1.76021e-07	2.56116e-07	42.51
95.4094	90.88	606.287744	1.64845e-07	-3.73462e-07	4.08852e-07	-70.59
96.432	90.89	606.3544569999999	6.30509e-07	1.546e-07	6.66831e-07	14.466
97.4562	90.9	606.42117	8.58683e-07	5.15956e-07	1.00863e-06	32.586
98.4788	90.91	606.4878829999999	8.47508e-08	2.07686e-07	2.50528e-07	57.948
99.5193	90.92	606.554596	8.7079e-07	1.27592e-07	7.0874e-07	10.518
100.5258	90.93	606.621309	2.59841e-07	1.07103e-07	2.71948e-07	22.53
101.5338	90.94	606.6880219999999	-1.40631e-07	2.97094e-07	3.26896e-07	120.162
102.5587	90.95	606.754735	9.15494e-07	4.47037e-08	9.42502e-07	2.688
103.5659	90.96	606.8214479999999	4.51693e-07	-1.64845e-07	5.34583e-07	-19.35
104.5729	90.97	606.888161	1.00584e-06	-5.1875e-07	1.14181e-06	-24.882
105.5803	90.98	606.954874	6.49135e-07	1.48081e-07	6.91045e-07	12.768
106.588	90.99	607.021587	4.09784e-07	-1.76021e-07	3.97677e-07	-28.368
112.6174	91.0	607.0883	4.54487e-07	1.11759e-08	4.15372e-07	-0.096
113.6415	91.01	607.1550129999999	4.31204e-07	2.88712e-07	5.83012e-07	31.506
114.6805	91.02	607.221726	4.93605e-07	2.98025e-08	4.78703e-07	3.972
115.6888	91.03	607.2884389999999	4.37724e-08	-2.25381e-07	2.30969e-07	-60.474
116.7117	91.04	607.355152	3.53904e-07	-8.75448e-08	4.24685e-07	-15.66
117.719	91.05	607.4218649999999	3.41797e-07	-3.16651e-07	4.8336e-07	-38.442
118.7272	91.06	607.488578	1.4715e-07	-4.5635e-08	1.76952e-07	-21.912
119.7339	91.07	607.5552909999999	6.81732e-07	-4.8429e-08	5.9605e-07	-2.334
120.7422	91.08	607.622004	8.50301e-07	1.35974e-07	9.38777e-07	9.24
121.7503	91.09	607.688717	3.30621e-07	-3.66012e-07	4.93605e-07	-47.784
122.7581	91.1	607.7554299999999	3.39935e-07	-8.94074e-08	3.60424e-07	-11.034
123.7806	91.11	607.822143	5.85806e-07	-8.66135e-08	6.58449e-07	-9.288
124.789	91.12	607.888856	7.45063e-08	-1.57394e-07	1.6857e-07	-46.548
125.8121	91.13	607.955569	5.21543e-08	-1.36905e-07	1.49944e-07	-74.088
126.8348	91.14	608.022282	8.66134e-07	3.16651e-07	8.73584e-07	21.69
127.8586	91.15	608.088995	1.11759e-07	-3.33415e-07	3.39003e-07	-85.104
128.8825	91.16	608.1557079999999	3.67874e-07	-1.95579e-07	3.99539e-07	-30.834
129.8903	91.17	608.2224209999999	2.05823e-07	-2.23518e-07	3.16651e-07	-37.716
130.9133	91.18	608.289134	3.94883e-07	3.31553e-07	5.17819e-07	44.166
131.9376	91.19	608.3558469999999	5.9605e-07	-1.22935e-07	6.27715e-07	-12.594
132.9446	91.2	608.42256	-2.51458e-08	4.5635e-07	4.5635e-07	103.896
133.9532	91.21	608.4892729999999	9.47159e-07	-2.25381e-07	9.77896e-07	-12.912
134.9603	91.22	608.555986	4.03264e-07	-1.06171e-07	4.10715e-07	-13.494
135.9667	91.23	608.622699	8.32606e-07	6.05364e-08	7.45993e-07	3.756
136.9749	91.24	608.689412	3.79981e-07	-1.3318e-07	4.35861e-07	-20.976
137.9831	91.25	608.756125	5.79286e-07	-3.0827e-07	6.82663e-07	-25.95
138.99	91.26	608.822838	-7.82316e-08	-1.86266e-08	6.7987e-08	179.334
139.9983	91.27	608.889551	7.64619e-07	-1.21073e-08	7.4413e-07	0.102
141.0051	91.28	608.9562639999999	6.61243e-07	1.23867e-07	6.65899e-07	13.236
142.0295	91.29	609.022977	8.15842e-07	1.87197e-07	8.0001e-07	16.29
143.0533	91.3	609.0896899999999	1.1269e-07	4.54487e-07	4.54487e-07	78.24
144.0763	91.31	609.156403	5.34583e-07	-8.28882e-08	5.85806e-07	-6.894
145.0837	91.32	609.2231159999999	-2.70085e-08	-4.15372e-07	4.26548e-07	-97.026
146.1073	91.33	609.2898289999999	1.99304e-07	-4.13509e-07	4.88017e-07	-53.496
147.1313	91.34	609.356542	3.17583e-07	-3.80913e-07	5.22476e-07	-45.414
148.1385	91.35	609.4232549999999	5.02918e-07	2.8778e-07	5.51347e-07	37.56
149.1616	91.36	609.489968	-2.46802e-07	1.49013e-07	2.71948e-07	153.03
150.1698	91.37	609.556681	4.74976e-07	2.319e-07	5.43896e-07	24.942
151.1771	91.38	609.623394	3.11064e-07	-1.1269e-07	3.44591e-07	-20.298
152.1843	91.39	609.690107	-9.87206e-08	-5.65316e-07	5.56003e-07	-91.74
153.1923	91.4	609.75682	3.14789e-07	3.63218e-08	2.98956e-07	9.234
154.1993	91.41	609.8235329999999	4.29342e-07	-9.3133e-10	5.38308e-07	2.394
155.2236	91.42	609.8902459999999	3.7905e-07	-7.35749e-08	3.84638e-07	-7.902
156.2303	91.43	609.956959	7.2271e-07	-2.79399e-07	7.05946e-07	-24.63
157.2545	91.44	610.0236719999999	3.25965e-07	7.35749e-08	4.08852e-07	8.49
158.2617	91.45	610.090385	5.40169e-08	2.79398e-09	3.25965e-08	135.39
159.2702	91.46	610.1570979999999	5.7463e-07	1.4715e-07	6.13745e-07	15.198
160.2929	91.47	610.223811	9.30395e-07	-1.50875e-07	1.0049e-06	-6.54
161.3175	91.48	610.290524	6.85457e-07	1.01515e-07	6.13745e-07	14.022
162.356	91.49	610.3572369999999	4.2841e-07	2.07686e-07	4.87085e-07	22.344
163.3634	91.5	610.42395	5.12231e-07	-1.76952e-08	5.6066e-07	-0.732
164.3715	91.51	610.490663	1.39047e-06	-2.02098e-07	1.32714e-06	-9.624
165.3949	91.52	610.557376	8.13048e-07	-3.44592e-08	7.94422e-07	-3.384
166.419	91.53	610.6240889999999	2.67291e-07	-1.77884e-07	3.10132e-07	-37.446
167.426	91.54	610.690802	8.2143e-07	1.95579e-08	7.55306e-07	-0.684
168.4334	91.55	610.7575149999999	1.0077e-06	-4.47037e-07	1.13343e-06	-24.348
169.4409	91.56	610.824228	4.41449e-07	-4.74977e-08	4.31204e-07	-7.812
170.4487	91.57	610.8909409999999	4.77772e-07	-4.65664e-08	5.02918e-07	-4.572
171.4719	91.58	610.9576539999999	-3.25965e-08	1.01515e-07	1.22935e-07	128.142
172.4962	91.59	611.024367	-1.49013e-07	-2.19793e-07	2.56116e-07	-120.84
173.519	91.6	611.0910799999999	-9.4064e-08	9.77893e-08	1.23867e-07	106.752
174.5581	91.61	611.157793	8.58683e-07	-4.5635e-08	9.22944e-07	0.696
175.5821	91.62	611.224506	6.07226e-07	1.546e-07	6.25852e-07	10.524
176.5902	91.63	611.291219	8.57752e-07	-6.64968e-07	1.03471e-06	-41.178
177.5975	91.64	611.357932	5.48553e-07	1.67639e-08	5.83012e-07	-1.986
178.6216	91.65	611.4246449999999	7.82315e-07	1.79746e-07	8.1398e-07	13.446
179.644	91.66	611.491358	4.89879e-07	8.47508e-08	5.45759e-07	6.486
180.6523	91.67	611.5580709999999	2.88711e-08	-2.25381e-07	2.33763e-07	-72.522
181.6598	91.68	611.624784	2.04892e-08	-2.43077e-07	2.47734e-07	-65.658
182.6677	91.69	611.6914969999999	-1.30386e-08	-2.03029e-07	2.03029e-07	-97.218
183.6753	91.7	611.75821	7.43199e-07	5.68109e-08	6.69625e-07	6.21
184.6827	91.71	611.8249229999999	5.42965e-07	-9.6858e-08	5.51347e-07	-3.522
185.6902	91.72	611.891636	3.61355e-07	4.49831e-07	5.59729e-07	57.624
186.7138	91.73	611.958349	2.51459e-07	-8.38195e-08	2.46802e-07	-16.236
187.7371	91.74	612.0250619999999	3.7905e-07	4.19097e-07	5.27132e-07	50.556
188.7605	91.75	612.091775	5.13162e-07	-1.38768e-07	5.886e-07	-14.778
189.7686	91.76	612.158488	7.99078e-07	4.33067e-07	9.49953e-07	30.27
190.7756	91.77	612.225201	5.2527e-07	2.54253e-07	6.51929e-07	22.854
191.7987	91.78	612.291914	4.49831e-07	-2.23518e-07	4.85223e-07	-28.5
192.8068	91.79	612.358627	8.94074e-08	4.09784e-08	1.0524e-07	33.504
193.8143	91.8	612.4253399999999	6.58449e-07	-6.40754e-07	9.00593e-07	-46.104
194.822	91.81	612.4920529999999	2.14205e-08	2.55184e-07	2.45871e-07	94.968
195.83	91.82	612.5587659999999	7.96284e-07	8.56821e-08	7.91628e-07	7.674
196.8539	91.83	612.6254789999999	5.58796e-09	-3.61355e-07	3.80913e-07	-90.372
197.8603	91.84	612.692192	6.35166e-07	-7.64619e-07	1.01329e-06	-46.452
198.8688	91.85	612.7589049999999	9.30395e-07	-1.8254e-07	8.94073e-07	-14.196
199.876	91.86	612.825618	2.11411e-07	-1.1269e-07	1.76952e-07	-39.498
200.8992	91.87	612.892331	4.59144e-07	1.49944e-07	5.10368e-07	17.148
201.9073	91.88	612.959044	8.69859e-07	-4.06058e-07	8.97799e-07	-23.79
202.9302	91.89	613.025757	7.26436e-08	-3.56698e-07	3.58561e-07	-75.756
203.9543	91.9	613.09247	4.67526e-07	-5.96051e-08	4.92673e-07	-6.564
204.9615	91.91	613.159183	-3.24102e-07	-2.06755e-07	3.89295e-07	-145.872
206.0016	91.92	613.2258959999999	5.33651e-07	-3.81845e-08	5.20613e-07	-5.004
207.0091	91.93	613.292609	7.65551e-07	2.57978e-07	7.98147e-07	17.592
208.0171	91.94	613.3593219999999	-9.87206e-08	-4.41449e-07	4.49831e-07	-105.0
209.0232	91.95	613.426035	5.55072e-07	-8.75448e-08	5.97913e-07	-9.048
210.0316	91.96	613.4927479999999	3.13858e-07	-1.83471e-07	2.92437e-07	-33.216
211.0393	91.97	613.5594609999999	2.37488e-07	-6.23991e-08	2.32832e-07	-13.536
212.0466	91.98	613.626174	-3.44592e-08	3.25965e-08	6.33304e-08	115.23
213.0545	91.99	613.6928869999999	7.24573e-07	2.63566e-07	7.49718e-07	20.502
219.083	92.0	613.7596	6.17471e-07	6.51929e-09	6.27715e-07	0.3
220.1239	92.01	613.826313	2.70085e-07	2.36557e-07	3.6508e-07	43.008
221.1469	92.02	613.893026	8.74516e-07	5.01987e-07	9.87209e-07	31.764
222.1699	92.03	613.959739	6.5193e-08	1.02446e-07	1.28523e-07	43.668
223.1783	92.04	614.026452	2.57978e-07	-1.90922e-07	2.64497e-07	-51.582
224.1857	92.05	614.0931649999999	4.27479e-07	1.546e-07	5.0478e-07	15.834
225.1936	92.06	614.1598779999999	1.76021e-07	-2.42146e-07	3.39003e-07	-42.168
226.1996	92.07	614.2265909999999	1.56463e-07	3.53905e-08	1.22004e-07	6.51
227.2243	92.08	614.2933039999999	2.61703e-07	-7.63689e-08	2.81261e-07	-7.194
228.2316	92.09	614.360017	1.18278e-07	-3.04544e-07	3.26896e-07	-63.33
229.2393	92.1	614.4267299999999	4.69388e-07	-1.1269e-07	5.113e-07	-11.76
230.2472	92.11	614.493443	8.08392e-07	-2.98025e-07	8.39125e-07	-22.092
231.2544	92.12	614.560156	1.18278e-07	1.97441e-07	2.00235e-07	80.502
232.2768	92.13	614.6268689999999	-5.12231e-07	-1.44356e-07	5.42965e-07	-166.95
233.3015	92.14	614.693582	-1.69502e-07	-3.49248e-07	3.87432e-07	-115.716
234.324	92.15	614.760295	-1.86266e-08	1.74158e-07	1.76952e-07	88.518
235.3484	92.16	614.827008	7.73002e-08	-1.92785e-07	2.15136e-07	-49.32
236.3724	92.17	614.893721	3.19445e-07	1.52738e-07	3.44591e-07	27.468
237.379	92.18	614.960434	-1.0524e-07	1.15484e-07	1.4715e-07	136.296
238.3873	92.19	615.0271469999999	1.6857e-07	-4.47968e-07	5.08506e-07	-66.642
239.3941	92.2	615.09386	-2.20724e-07	1.6857e-07	2.76605e-07	153.564
240.4024	92.21	615.1605729999999	-3.56698e-07	-1.67639e-08	3.31553e-07	-177.216
241.4103	92.22	615.2272859999999	-3.68806e-07	-1.85334e-07	3.79981e-07	-149.448
242.434	92.23	615.293999	4.99193e-07	2.19793e-07	5.59729e-07	28.944
243.4403	92.24	615.3607119999999	-3.68806e-07	-7.0781e-08	3.74393e-07	-166.062
244.4489	92.25	615.427425	-4.98261e-07	-2.20724e-07	5.31789e-07	-157.308
245.4561	92.26	615.494138	-2.78467e-07	-2.84055e-07	3.7905e-07	-135.072
246.4637	92.27	615.560851	6.47273e-07	-2.58909e-07	7.00358e-07	-23.37
247.4878	92.28	615.627564	-1.49013e-08	-5.8208e-07	5.8208e-07	-98.082
248.5266	92.29	615.694277	1.6857e-07	-9.12701e-08	1.85334e-07	-6.246
249.5503	92.3	615.76099	3.84638e-07	-2.16068e-07	3.94883e-07	-30.072
250.5585	92.31	615.8277029999999	1.13622e-07	-8.47508e-08	1.25729e-07	-76.476
251.5816	92.32	615.8944159999999	-2.04892e-07	1.58326e-07	2.50528e-07	137.07
252.6213	92.33	615.9611289999999	1.07103e-07	1.87197e-07	1.79746e-07	68.424
253.6281	92.34	616.027842	2.06755e-07	-5.40171e-07	5.76492e-07	-68.382
254.6362	92.35	616.0945549999999	-1.51806e-07	-2.43077e-07	2.67291e-07	-115.398
255.6432	92.36	616.161268	-1.43425e-07	2.61703e-07	3.18514e-07	115.554
256.6516	92.37	616.227981	5.68109e-08	1.53669e-07	1.45287e-07	72.594
257.6589	92.38	616.2946939999999	3.33415e-07	-4.67526e-07	5.6811e-07	-57.792
258.6669	92.39	616.361407	1.70433e-07	2.71948e-07	3.39003e-07	59.328
259.6735	92.4	616.42812	1.86266e-08	1.44356e-07	1.56463e-07	91.62
260.6816	92.41	616.494833	4.65664e-08	-3.17583e-07	3.13858e-07	-90.72
261.6893	92.42	616.561546	1.72296e-07	2.85918e-07	3.39935e-07	60.282
262.7123	92.43	616.628259	-1.80677e-07	2.03961e-07	2.73811e-07	143.214
263.7363	92.44	616.6949719999999	8.38195e-08	1.53669e-07	1.70433e-07	76.638
264.76	92.45	616.7616849999999	-2.79398e-09	-1.1269e-07	1.37837e-07	-59.412
265.7828	92.46	616.8283979999999	-1.01515e-07	-1.63914e-07	1.73227e-07	-112.224
266.8074	92.47	616.8951109999999	6.98496e-08	-4.47968e-07	4.47968e-07	-78.204
267.8302	92.48	616.961824	1.49944e-07	1.02446e-07	1.89991e-07	43.41
268.8381	92.49	617.0285369999999	1.10828e-07	-3.14789e-07	3.68806e-07	-76.572
269.8462	92.5	617.09525	5.36445e-07	-2.70085e-07	6.14677e-07	-21.606
270.8531	92.51	617.161963	-1.1921e-07	8.28882e-08	1.66708e-07	161.772
271.8611	92.52	617.228676	7.91629e-08	-1.65776e-07	1.97441e-07	-56.466
272.8678	92.53	617.295389	3.07338e-07	-6.70557e-08	3.09201e-07	-9.066
273.8917	92.54	617.362102	2.23518e-07	-1.39699e-08	2.30969e-07	-5.178
274.8986	92.55	617.428815	3.24102e-07	-1.1269e-07	3.14789e-07	-21.24
275.9063	92.56	617.4955279999999	2.30969e-07	1.07103e-07	2.45871e-07	28.524
276.9147	92.57	617.5622409999999	7.63689e-08	-2.85918e-07	2.82193e-07	-75.27
277.9383	92.58	617.6289539999999	1.3318e-07	1.49944e-07	2.1048e-07	30.552
278.9614	92.59	617.695667	2.3842e-07	1.39699e-07	2.67291e-07	45.852
279.985	92.6	617.7623799999999	-2.00235e-07	1.58326e-07	2.2445e-07	135.936
280.9929	92.61	617.829093	5.17819e-07	-2.96162e-07	5.30858e-07	-31.308
282.0166	92.62	617.895806	-3.32484e-07	8.66135e-08	3.44591e-07	167.754
283.04	92.63	617.9625189999999	-2.91506e-07	7.35749e-08	3.17583e-07	171.246
284.0633	92.64	618.029232	7.45063e-08	8.00942e-08	1.07103e-07	48.306
285.0709	92.65	618.095945	1.10828e-07	-1.01515e-07	1.70433e-07	-35.706
286.079	92.66	618.162658	2.08617e-07	-2.59841e-07	3.4366e-07	-59.166
287.0863	92.67	618.229371	1.08965e-07	-1.22935e-07	1.76952e-07	-44.28
288.0935	92.68	618.296084	1.14553e-07	1.73227e-07	2.27244e-07	54.516
289.1015	92.69	618.362797	8.66135e-08	1.24798e-07	1.35043e-07	67.638
290.1248	92.7	618.4295099999999	-1.58326e-08	-3.25965e-08	5.02916e-08	-167.856
291.1646	92.71	618.4962229999999	-9.49954e-08	-4.21891e-07	4.31204e-07	-108.24
292.1716	92.72	618.5629359999999	2.16068e-07	4.08852e-07	4.43311e-07	62.304
293.1958	92.73	618.629649	6.23991e-08	9.31328e-09	3.25965e-08	-15.126
294.22	92.74	618.6963619999999	-1.10828e-07	-4.18166e-07	4.21891e-07	-101.562
295.2581	92.75	618.763075	-1.20142e-07	1.7509e-07	2.36557e-07	137.226
296.2823	92.76	618.829788	1.57394e-07	-5.49483e-08	1.70433e-07	-15.456
297.306	92.77	618.896501	-1.57394e-07	-2.89643e-07	3.10132e-07	-117.96
298.3142	92.78	618.963214	4.33067e-07	1.6112e-07	4.77772e-07	20.814
299.3376	92.79	619.029927	-2.29106e-07	-1.43425e-07	2.93368e-07	-145.788
300.3443	92.8	619.09664	2.56116e-07	-3.53905e-08	2.55184e-07	-4.812
301.3515	92.81	619.163353	-1.62051e-07	-1.20142e-07	1.52738e-07	-134.382
302.3601	92.82	619.230066	2.13274e-07	5.77422e-08	2.09548e-07	17.724
303.3671	92.83	619.2967789999999	-3.40866e-07	-1.10828e-07	3.60424e-07	-158.16
304.3753	92.84	619.363492	-9.6858e-08	3.35278e-08	1.15484e-07	144.936
305.3977	92.85	619.4302049999999	-1.88128e-07	6.61244e-08	1.6112e-07	161.808
306.406	92.86	619.4969179999999	1.09897e-07	-1.63914e-07	2.02098e-07	-51.372
307.4289	92.87	619.563631	1.21073e-07	-1.57394e-07	2.12342e-07	-41.736
308.4375	92.88	619.6303439999999	4.91742e-07	7.17123e-08	4.85223e-07	7.56
309.4601	92.89	619.697057	7.73002e-08	2.46802e-07	2.57978e-07	69.69
310.4681	92.9	619.76377	1.84403e-07	1.45287e-07	2.53322e-07	30.606
311.4917	92.91	619.830483	6.61244e-08	1.50875e-07	1.51806e-07	72.6
312.5155	92.92	619.897196	-2.28175e-07	-1.81609e-07	2.91506e-07	-146.724
313.5224	92.93	619.9639090000001	3.53905e-08	-2.12342e-07	2.05823e-07	-90.198
314.5466	92.94	620.030622	-3.92089e-07	3.76256e-07	5.03849e-07	132.474
315.5538	92.95	620.0973349999999	-1.29455e-07	1.78815e-07	2.27244e-07	126.972
316.5776	92.96	620.1640479999999	-5.30856e-08	-1.90922e-07	2.1793e-07	-101.76
317.5853	92.97	620.2307609999999	8.66135e-08	6.51929e-09	1.0524e-07	-12.426
318.6094	92.98	620.297474	1.62051e-07	1.59257e-07	2.16999e-07	42.384
319.6159	92.99	620.3641869999999	-3.53905e-08	2.27244e-07	2.26312e-07	99.996
325.6299	93.0	620.4309	-4.17234e-07	4.16303e-07	5.63454e-07	132.45
326.6533	93.01	620.497613	-8.28882e-08	-1.48081e-07	1.6857e-07	-114.03
327.6771	93.02	620.5643259999999	7.82316e-08	-2.84987e-07	2.91506e-07	-71.736
328.7006	93.03	620.631039	-2.79398e-09	-1.66708e-07	1.86265e-07	-78.09
329.7237	93.04	620.697752	2.61703e-07	3.33415e-07	4.1444e-07	58.74
330.7472	93.05	620.764465	-2.60772e-07	2.57047e-07	3.53904e-07	131.964
331.7551	93.06	620.831178	2.41214e-07	5.77422e-08	2.62635e-07	19.53
332.7626	93.07	620.897891	-1.29455e-07	-1.88128e-07	2.45871e-07	-130.422
333.8023	93.08	620.9646039999999	8.84761e-08	-3.38072e-07	3.37141e-07	-75.528
334.81	93.09	621.031317	4.87085e-07	-5.40169e-08	5.05712e-07	-6.3
335.8175	93.1	621.0980299999999	-1.63914e-07	3.33415e-07	3.52973e-07	107.418
336.8403	93.11	621.1647429999999	7.82316e-08	9.87206e-08	1.31317e-07	45.0
337.8479	93.12	621.231456	-5.21543e-08	7.17123e-08	1.27592e-07	145.368
338.8555	93.13	621.2981689999999	-1.99304e-07	-3.92089e-07	4.35861e-07	-114.198
339.88	93.14	621.364882	-3.72531e-07	-6.42617e-08	3.73462e-07	-169.992
340.9031	93.15	621.431595	8.28882e-08	-1.16416e-07	1.57394e-07	-58.956
341.9272	93.16	621.498308	-4.03264e-07	-1.72296e-07	4.33998e-07	-163.92
342.9496	93.17	621.565021	-2.16999e-07	5.58796e-08	1.85334e-07	152.85
343.9579	93.18	621.631734	-2.2445e-07	-1.90922e-07	3.11064e-07	-130.902
344.9977	93.19	621.698447	1.18278e-07	-1.69502e-07	2.53322e-07	-44.208
346.0056	93.2	621.7651599999999	2.09548e-07	1.79746e-07	2.95231e-07	40.734
347.0286	93.21	621.831873	5.02918e-07	-4.37724e-08	5.12231e-07	-8.862
348.0366	93.22	621.8985859999999	1.29455e-07	-8.94074e-08	1.4715e-07	-47.952
349.0434	93.23	621.965299	1.11759e-07	2.60772e-07	2.85918e-07	73.644
350.0679	93.24	622.0320119999999	-2.943e-07	1.73227e-07	3.13858e-07	148.56
351.0747	93.25	622.098725	-3.81845e-08	2.15136e-07	2.32832e-07	82.536
352.0823	93.26	622.165438	-2.14205e-08	-1.80677e-07	1.87197e-07	-87.822
353.09	93.27	622.2321509999999	3.83707e-07	-8.28882e-08	4.04196e-07	-9.264
354.0973	93.28	622.298864	1.22004e-07	1.00583e-07	1.6112e-07	42.762
355.1048	93.29	622.365577	9.77893e-08	2.42146e-07	2.50528e-07	66.324
356.144	93.3	622.43229	1.44356e-07	-3.33415e-07	3.17583e-07	-74.538
357.1522	93.31	622.499003	2.55184e-07	3.07339e-08	2.319e-07	4.734
358.1597	93.32	622.565716	-1.60188e-07	-6.98496e-08	1.74158e-07	-151.596
359.1682	93.33	622.632429	-9.12701e-08	2.83124e-07	3.19445e-07	116.406
360.1753	93.34	622.6991419999999	1.28523e-07	-2.27244e-07	2.57047e-07	-68.25
361.1828	93.35	622.7658549999999	-3.20377e-07	3.25965e-08	3.53904e-07	175.44
362.1904	93.36	622.8325679999999	-2.25381e-07	-1.84403e-07	2.76605e-07	-137.196
363.1976	93.37	622.899281	1.63914e-07	-3.40866e-07	3.81844e-07	-64.32
364.2053	93.38	622.9659939999999	-7.54376e-08	-2.56116e-07	2.61703e-07	-118.536
365.2127	93.39	623.032707	1.26661e-07	-1.50875e-07	1.9651e-07	-48.462
366.2206	93.4	623.09942	4.5635e-08	-4.44243e-07	4.30273e-07	-74.754
367.2278	93.41	623.166133	2.77536e-07	-1.74158e-07	3.41797e-07	-29.898
368.2357	93.42	623.232846	-8.84761e-08	2.15136e-07	2.16999e-07	99.918
369.2429	93.43	623.299559	6.16539e-07	-3.88363e-07	7.26435e-07	-27.822
370.267	93.44	623.366272	7.87903e-07	-1.59257e-07	8.28881e-07	-9.714
371.29	93.45	623.432985	9.57407e-07	3.83707e-07	1.04216e-06	23.352
372.3139	93.46	623.499698	4.55419e-07	2.97094e-07	5.17819e-07	37.962
373.337	93.47	623.5664109999999	7.82315e-07	3.67874e-07	8.86623e-07	23.418
374.3777	93.48	623.633124	-1.41562e-07	-6.7987e-08	1.8254e-07	-148.098
375.3853	93.49	623.6998369999999	9.49953e-07	-2.91506e-07	9.68583e-07	-19.152
376.4084	93.5	623.7665499999999	3.82775e-07	-3.38072e-07	5.06643e-07	-41.994
377.4169	93.51	623.833263	7.49718e-07	-5.90462e-07	9.73239e-07	-35.154
378.4232	93.52	623.8999759999999	8.92211e-07	-6.89183e-08	9.00593e-07	-3.522
379.4303	93.53	623.966689	7.89765e-07	-8.75448e-08	7.5065e-07	-7.116
380.4538	93.54	624.033402	5.93256e-07	5.1223e-08	6.11883e-07	5.484
381.4616	93.55	624.100115	-4.34929e-07	-1.10828e-07	4.47968e-07	-166.152
382.4696	93.56	624.166828	6.61243e-07	-3.62286e-07	7.59032e-07	-31.134
383.4774	93.57	624.233541	6.79869e-07	-4.24685e-07	8.25155e-07	-32.466
384.4856	93.58	624.300254	3.7905e-07	-3.32484e-07	5.113e-07	-35.832
385.5083	93.59	624.3669669999999	0.0	-5.21543e-08	6.05364e-08	-72.978
386.5322	93.6	624.4336799999999	9.09906e-07	6.05364e-08	8.93142e-07	1.746
387.5555	93.61	624.5003929999999	8.74516e-07	-4.64732e-07	9.98385e-07	-28.944
388.5789	93.62	624.567106	3.34347e-07	-1.95579e-08	3.27827e-07	-4.38
389.6029	93.63	624.6338189999999	6.8732e-07	-5.4669e-07	9.14562e-07	-38.07
390.6103	93.64	624.700532	2.42146e-07	-3.2969e-07	4.03264e-07	-53.592
391.6341	93.65	624.767245	5.37377e-07	-2.91506e-07	6.32372e-07	-24.72
392.6411	93.66	624.8339579999999	3.13858e-07	1.91853e-07	3.58561e-07	25.704
393.6491	93.67	624.900671	2.22587e-07	2.04892e-08	1.76952e-07	2.532
394.6572	93.68	624.967384	7.97216e-07	8.47508e-08	7.99078e-07	8.76
395.664	93.69	625.034097	2.4494e-07	3.53905e-08	1.94647e-07	16.182
396.687	93.7	625.10081	-1.16416e-07	-2.40283e-07	2.49596e-07	-105.39
397.695	93.71	625.167523	2.96162e-07	-2.14205e-07	3.18514e-07	-39.402
398.7025	93.72	625.2342359999999	4.79635e-07	-3.11064e-07	5.71836e-07	-36.384
399.7258	93.73	625.300949	-4.53556e-07	1.07103e-07	3.90226e-07	159.6
400.7343	93.74	625.3676619999999	6.25852e-07	-1.08034e-07	6.808e-07	-8.712
401.7572	93.75	625.4343749999999	7.99078e-07	3.4366e-07	8.57752e-07	26.142
402.7801	93.76	625.501088	6.78006e-07	-1.39699e-08	7.28298e-07	-7.212
403.8047	93.77	625.5678009999999	8.38195e-08	0.0	1.21073e-07	3.69
404.8116	93.78	625.634514	1.7509e-07	3.09201e-07	3.55767e-07	67.788
405.8516	93.79	625.701227	6.16539e-07	2.35626e-07	7.15259e-07	17.352
406.86	93.8	625.76794	6.49135e-07	-5.21543e-08	6.2399e-07	-7.44
407.8668	93.81	625.834653	8.38196e-09	-1.04309e-07	8.66135e-08	-112.86
408.8748	93.82	625.9013659999999	2.2445e-07	3.62286e-07	4.47037e-07	51.33
409.882	93.83	625.968079	1.30386e-07	-2.70085e-08	1.09897e-07	-20.358
410.8902	93.84	626.034792	5.83943e-07	-3.81845e-08	5.76492e-07	-4.926
411.9129	93.85	626.101505	7.97216e-07	-3.73462e-07	8.85691e-07	-22.794
412.9203	93.86	626.1682179999999	4.8429e-08	-4.58213e-07	4.66594e-07	-73.068
413.9283	93.87	626.234931	1.3318e-07	-3.4366e-07	3.74393e-07	-67.32
414.9354	93.88	626.3016439999999	3.37141e-07	-2.01167e-07	3.84638e-07	-35.838
415.9597	93.89	626.368357	9.82553e-07	-1.27592e-07	1.01701e-06	-7.074
416.9835	93.9	626.43507	5.91393e-07	-5.1223e-08	6.13745e-07	-3.996
418.0066	93.91	626.5017829999999	3.32484e-07	-4.81497e-07	5.56935e-07	-61.092
419.0303	93.92	626.568496	-5.40169e-08	-1.51806e-07	1.49944e-07	-117.69
420.0531	93.93	626.635209	5.71836e-07	-2.70085e-08	5.48553e-07	-2.82
421.0773	93.94	626.701922	3.79981e-07	-8.75448e-08	3.23171e-07	-20.544
422.0848	93.95	626.768635	5.22476e-07	4.65664e-08	5.3272e-07	7.206
423.0924	93.96	626.835348	5.42965e-07	3.16652e-08	5.2527e-07	-1.962
424.1	93.97	626.902061	4.61938e-07	-2.59841e-07	5.33651e-07	-27.078
425.107	93.98	626.9687739999999	3.13858e-07	-2.25381e-07	4.20028e-07	-29.67
426.1152	93.99	627.0354869999999	3.7905e-07	1.58326e-08	4.47037e-07	-4.056
432.1437	94.0	627.1021999999999	3.74393e-07	1.14553e-07	4.19097e-07	18.678
433.1685	94.01	627.168913	-1.35974e-07	-3.64149e-07	4.07921e-07	-111.852
434.1917	94.02	627.2356259999999	5.41102e-07	-2.63566e-07	6.33303e-07	-23.16
435.199	94.03	627.302339	3.66943e-07	-3.47385e-07	4.61938e-07	-46.272
436.2067	94.04	627.369052	6.2399e-07	1.43425e-07	6.72419e-07	11.532
437.2147	94.05	627.435765	2.20724e-07	-9.49954e-08	1.89991e-07	-39.78
438.2218	94.06	627.502478	-1.36905e-07	-2.00235e-07	2.11411e-07	-113.25
439.2462	94.07	627.5691909999999	7.37611e-07	-8.19568e-08	7.00358e-07	-4.782
440.2531	94.08	627.635904	5.89531e-07	9.6858e-08	6.04432e-07	8.76
441.2604	94.09	627.702617	5.75561e-07	-3.05476e-07	6.3796e-07	-25.644
442.2681	94.1	627.76933	4.27479e-07	-2.65429e-07	4.88948e-07	-32.316
443.2764	94.11	627.8360429999999	5.7463e-07	4.47037e-08	5.62522e-07	4.644
444.2827	94.12	627.902756	2.53322e-07	9.22014e-08	2.76605e-07	15.486
445.2903	94.13	627.9694689999999	5.79286e-07	1.51806e-07	5.69042e-07	12.78
446.3139	94.14	628.0361819999999	6.90114e-07	-1.29455e-07	7.4413e-07	-8.646
447.3384	94.15	628.102895	6.83594e-07	-1.26661e-07	6.84526e-07	-10.326
448.3771	94.16	628.1696079999999	4.93605e-07	-6.91976e-07	8.37263e-07	-57.72
449.4012	94.17	628.236321	7.09671e-07	8.28882e-08	7.13397e-07	7.11
450.4244	94.18	628.303034	4.89879e-07	-4.28411e-08	5.53209e-07	-5.352
451.4318	94.19	628.369747	2.33763e-07	2.19793e-07	3.39003e-07	45.234
452.4389	94.2	628.43646	1.63914e-07	2.64497e-07	3.41797e-07	44.61
453.4631	94.21	628.503173	2.27244e-07	-1.06171e-07	2.90574e-07	-18.978
454.4704	94.22	628.569886	9.51815e-07	-2.20724e-07	9.73239e-07	-14.844
455.494	94.23	628.6365989999999	6.54723e-07	9.31327e-08	6.39822e-07	8.682
456.5009	94.24	628.7033119999999	3.98608e-07	2.59841e-07	4.85223e-07	30.888
457.51	94.25	628.7700249999999	8.45645e-07	-2.95231e-07	9.27601e-07	-20.502
458.516	94.26	628.836738	8.88485e-07	2.77536e-07	9.11768e-07	20.022
459.5241	94.27	628.9034509999999	4.34929e-07	-1.93716e-07	5.01987e-07	-23.112
460.5308	94.28	628.970164	3.00819e-07	-2.03961e-07	3.82775e-07	-37.878
461.5558	94.29	629.036877	3.58561e-07	4.47968e-07	6.11883e-07	41.64
462.5785	94.3	629.1035899999999	6.46342e-07	3.91157e-07	7.18985e-07	34.704
463.6023	94.31	629.170303	-3.07338e-07	4.80566e-07	5.95119e-07	127.512
464.6258	94.32	629.2370159999999	2.13274e-07	-5.21543e-08	2.2445e-07	-23.658
465.6491	94.33	629.303729	2.03961e-07	-3.23171e-07	3.95814e-07	-56.67
466.674	94.34	629.370442	9.89072e-07	-1.43425e-07	1.01142e-06	-10.302
467.6972	94.35	629.437155	5.83943e-07	-7.17123e-08	5.76492e-07	-4.632
468.7364	94.36	629.503868	4.23754e-07	-5.49483e-08	4.87085e-07	-8.778
469.744	94.37	629.570581	8.79172e-07	3.58561e-07	9.51815e-07	23.742
470.751	94.38	629.6372939999999	5.02918e-07	-1.81609e-07	4.01402e-07	-34.308
471.7593	94.39	629.7040069999999	8.0746e-07	1.94647e-07	8.7731e-07	12.822
472.7668	94.4	629.77072	5.71836e-07	-3.81845e-08	5.17819e-07	-7.338
473.774	94.41	629.8374329999999	2.03961e-07	-8.00942e-08	2.45871e-07	-25.692
474.7815	94.42	629.904146	3.06407e-07	6.42617e-08	3.52042e-07	12.804
475.7893	94.43	629.970859	6.68693e-07	2.319e-07	7.07809e-07	17.904
476.8125	94.44	630.037572	-1.58326e-08	1.73227e-07	1.49944e-07	88.17
477.8362	94.45	630.104285	6.75213e-07	-3.39003e-07	7.66482e-07	-25.518
478.86	94.46	630.1709979999999	5.56003e-07	-4.18166e-07	7.12465e-07	-35.82
479.9	94.47	630.237711	5.58796e-09	2.60772e-07	2.72879e-07	100.488
480.9238	94.48	630.304424	4.60075e-07	8.19568e-08	4.00471e-07	9.462
481.9456	94.49	630.371137	9.6672e-07	-2.90574e-07	9.91866e-07	-19.272
482.954	94.5	630.4378499999999	3.18514e-07	-1.23867e-07	3.30621e-07	-20.61
483.9616	94.51	630.504563	-1.50875e-07	-1.36905e-07	2.53322e-07	-144.546
484.9859	94.52	630.5712759999999	-1.83471e-07	-3.80913e-07	4.4238e-07	-121.038
485.9931	94.53	630.637989	5.38308e-07	-3.34347e-07	6.81732e-07	-26.952
487.0003	94.54	630.704702	4.77772e-07	-1.30386e-07	5.13162e-07	-11.514
488.0084	94.55	630.7714149999999	4.04196e-07	5.01055e-07	6.808e-07	46.02
489.0154	94.56	630.838128	9.08043e-07	1.74158e-07	8.69859e-07	11.664
490.0237	94.57	630.9048409999999	1.15484e-07	-3.07339e-08	1.27592e-07	-11.478
491.0623	94.58	630.971554	1.45287e-07	-1.69502e-07	2.15136e-07	-37.098
492.0859	94.59	631.038267	-5.01987e-07	-2.14205e-08	4.98261e-07	-178.59
493.109	94.6	631.10498	-1.69502e-07	2.97094e-07	3.10132e-07	120.486
494.1492	94.61	631.171693	2.8778e-07	-3.45522e-07	4.22822e-07	-54.264
495.172	94.62	631.2384059999999	-1.15484e-07	-3.45522e-07	3.69737e-07	-108.336
496.1971	94.63	631.3051189999999	4.35861e-07	-1.13622e-07	4.73114e-07	-11.01
497.2039	94.64	631.3718319999999	1.546e-07	-5.68109e-08	1.91853e-07	-21.516
498.2116	94.65	631.438545	2.08617e-07	-4.74977e-08	2.2445e-07	-7.728
499.219	94.66	631.5052579999999	2.82193e-07	-4.01402e-07	4.87085e-07	-61.404
500.2267	94.67	631.571971	-3.33415e-07	6.51929e-09	3.66012e-07	-177.156
501.2347	94.68	631.638684	8.19568e-08	9.4064e-08	1.27592e-07	58.638
502.2413	94.69	631.705397	4.25616e-07	-2.45871e-07	5.06643e-07	-28.812
503.2494	94.7	631.77211	3.95814e-07	-1.63914e-07	4.2841e-07	-20.808
504.2569	94.71	631.8388229999999	5.2527e-07	-3.72531e-08	5.2527e-07	-2.208
505.2647	94.72	631.905536	-1.22004e-07	5.30856e-08	1.4715e-07	169.392
506.2871	94.73	631.972249	-2.61703e-07	1.0524e-07	2.78467e-07	159.102
507.3115	94.74	632.038962	1.86266e-08	-1.49013e-08	3.63218e-08	-121.608
508.3351	94.75	632.1056749999999	5.42033e-07	2.62635e-07	5.92325e-07	27.432
509.3594	94.76	632.172388	-2.96162e-07	3.44592e-08	3.34347e-07	167.58
510.3817	94.77	632.2391009999999	4.19097e-08	2.51458e-08	4.47037e-08	63.438
511.4059	94.78	632.3058139999999	2.41214e-07	2.15136e-07	3.21308e-07	46.236
512.4299	94.79	632.372527	4.8429e-08	2.29106e-07	2.64497e-07	73.98
513.4361	94.8	632.4392399999999	2.01167e-07	-2.09548e-07	2.76605e-07	-45.702
514.4446	94.81	632.505953	-5.40169e-08	1.02446e-07	1.10828e-07	121.56
515.4516	94.82	632.5726659999999	-7.82316e-08	-7.17123e-08	7.73002e-08	-99.462
516.46	94.83	632.639379	-2.46802e-07	-2.04892e-07	3.26896e-07	-138.492
517.4665	94.84	632.706092	-1.35043e-07	-2.68223e-07	2.78467e-07	-105.672
518.4748	94.85	632.772805	2.5239e-07	-1.38768e-07	3.22239e-07	-28.746
519.4825	94.86	632.839518	3.6508e-07	-7.54376e-08	3.67874e-07	-14.808
520.4899	94.87	632.9062309999999	1.21073e-07	-9.12701e-08	1.44356e-07	-43.332
521.497	94.88	632.972944	2.78467e-07	-4.00471e-08	2.37488e-07	-3.354
522.5041	94.89	633.0396569999999	1.24798e-07	-1.15484e-07	1.51806e-07	-37.926
523.529	94.9	633.10637	-1.24798e-07	0.0	9.77893e-08	171.072
524.5523	94.91	633.1730829999999	-1.36905e-07	3.03613e-07	3.38072e-07	123.036
525.5756	94.92	633.239796	1.76021e-07	-2.81261e-07	3.41797e-07	-58.284
526.6001	94.93	633.306509	1.86266e-09	-9.6858e-08	1.00583e-07	-99.756
527.6227	94.94	633.3732219999999	-9.12701e-08	-2.59841e-07	2.72879e-07	-103.626
528.6303	94.95	633.439935	-9.03387e-08	1.9651e-07	2.12342e-07	118.818
529.6379	94.96	633.5066479999999	-4.00471e-08	2.49596e-07	2.41214e-07	104.364
530.6775	94.97	633.573361	-2.2445e-07	-3.5111e-07	4.24685e-07	-122.358
531.7018	94.98	633.640074	-3.89295e-07	-2.14205e-07	4.59144e-07	-153.84
532.7086	94.99	633.706787	-4.26548e-07	2.79398e-08	4.27479e-07	168.582
538.7217	95.0	633.7735	-1.21073e-07	-1.66708e-07	2.16068e-07	-134.01