Time (s) 	 Position (mm) 	 Delay (ps) 	 X 	 Y 	 R 	 theta 

6.1235	90.0	600.4169999999999	4.01402e-07	2.59841e-07	4.638e-07	34.95
7.1948	90.01	600.483713	6.70557e-08	1.546e-07	1.73227e-07	48.708
8.2026	90.02	600.5504259999999	3.49248e-07	-3.35278e-08	2.77536e-07	-8.436
9.2101	90.03	600.617139	1.64845e-07	-2.16068e-07	2.79399e-07	-53.532
10.2186	90.04	600.683852	8.44713e-07	-9.6858e-08	8.10254e-07	-5.742
11.2253	90.05	600.7505649999999	4.75908e-07	-1.10828e-07	5.113e-07	-15.774
12.2492	90.06	600.817278	1.00584e-06	-2.65429e-07	1.06917e-06	-14.868
13.2725	90.07	600.8839909999999	7.10603e-07	3.72532e-09	7.38542e-07	-0.912
14.2967	90.08	600.950704	1.27685e-06	-7.35749e-08	1.30013e-06	-1.992
15.3365	90.09	601.017417	8.08392e-07	-2.86849e-07	9.28532e-07	-15.75
16.3595	90.1	601.08413	9.98385e-07	1.11759e-08	9.72308e-07	0.792
17.3673	90.11	601.150843	6.14677e-07	2.65429e-07	6.91045e-07	21.672
18.3745	90.12	601.217556	6.64037e-07	-5.68109e-08	7.27367e-07	-7.56
19.3986	90.13	601.2842689999999	7.06877e-07	4.01402e-07	8.32606e-07	30.21
20.405	90.14	601.3509819999999	4.02333e-07	1.62982e-07	3.44591e-07	26.292
21.4127	90.15	601.417695	4.23754e-07	-4.54487e-07	6.46342e-07	-46.758
22.4214	90.16	601.4844079999999	5.99775e-07	-2.61703e-07	6.3796e-07	-28.47
23.428	90.17	601.551121	4.35861e-07	-8.75448e-08	4.72182e-07	-9.288
24.436	90.18	601.617834	2.8033e-07	-1.45287e-07	2.85918e-07	-32.616
25.4426	90.19	601.684547	-1.41562e-07	-9.22014e-08	1.29455e-07	-139.662
26.451	90.2	601.75126	1.31317e-07	4.65664e-09	1.91853e-07	8.988
27.4912	90.21	601.8179729999999	5.35514e-07	1.55532e-07	5.69973e-07	16.11
28.5136	90.22	601.884686	1.0049e-06	1.11759e-07	9.54613e-07	7.086
29.5373	90.23	601.951399	6.51929e-09	1.22935e-07	1.34111e-07	48.192
30.5605	90.24	602.018112	5.93256e-07	-8.10255e-08	6.13745e-07	-7.674
31.6014	90.25	602.0848249999999	1.40817e-06	-2.88711e-08	1.41375e-06	0.732
32.624	90.26	602.151538	7.73002e-08	2.30969e-07	2.49596e-07	61.824
33.6639	90.27	602.2182509999999	6.69625e-07	-1.20142e-07	6.18402e-07	-10.398
34.6712	90.28	602.284964	2.18862e-07	4.61938e-07	4.99193e-07	62.982
35.6794	90.29	602.351677	7.94422e-07	-1.95579e-07	7.56238e-07	-11.382
36.7016	90.3	602.4183899999999	1.1297e-06	-2.16068e-07	1.17534e-06	-11.034
37.7104	90.31	602.485103	3.78119e-07	-3.78119e-07	5.02918e-07	-52.176
38.7179	90.32	602.5518159999999	7.40405e-07	1.35974e-07	7.73933e-07	9.216
39.7258	90.33	602.618529	2.943e-07	-3.11995e-07	4.66594e-07	-37.152
40.7327	90.34	602.685242	6.53792e-07	-6.51929e-09	6.1002e-07	-1.086
41.7404	90.35	602.751955	5.55072e-07	-4.0699e-07	6.65899e-07	-35.928
42.764	90.36	602.818668	3.74393e-07	8.84761e-08	3.84638e-07	14.622
43.7723	90.37	602.8853809999999	3.64149e-07	-3.2969e-07	4.89879e-07	-37.116
44.7789	90.38	602.9520939999999	1.14833e-06	-3.48316e-07	1.2098e-06	-17.358
45.8031	90.39	603.0188069999999	8.30743e-07	-6.14677e-08	8.23293e-07	-6.516
46.8107	90.4	603.08552	3.77187e-07	-3.91157e-07	5.55072e-07	-41.586
47.8177	90.41	603.1522329999999	1.15205e-06	-1.74158e-07	1.16882e-06	-9.528
48.8254	90.42	603.218946	3.91157e-07	-3.86501e-07	5.42033e-07	-41.76
49.8337	90.43	603.285659	2.22587e-07	-8.19568e-08	2.27244e-07	-22.14
50.8403	90.44	603.352372	1.81609e-07	2.93368e-07	3.39003e-07	47.874
51.8494	90.45	603.419085	6.53792e-07	-4.19097e-08	7.02221e-07	-2.4
52.8726	90.46	603.4857979999999	6.07226e-07	6.98496e-08	5.7463e-07	6.396
53.8802	90.47	603.552511	2.53322e-07	1.86265e-07	3.11995e-07	41.622
54.8873	90.48	603.619224	5.8208e-07	3.44592e-08	5.87668e-07	-1.26
55.895	90.49	603.685937	2.88711e-08	-3.09201e-07	3.1572e-07	-84.75
56.9185	90.5	603.75265	-1.99304e-07	2.39352e-07	3.0175e-07	130.518
57.9421	90.51	603.819363	-4.28411e-08	9.31328e-09	5.77422e-08	7.98
58.9653	90.52	603.8860759999999	1.09059e-06	-4.09784e-07	1.1474e-06	-19.782
60.0051	90.53	603.9527889999999	2.97094e-07	-1.97441e-07	3.39935e-07	-35.934
61.044	90.54	604.019502	-4.74045e-07	-2.97094e-07	5.44827e-07	-147.666
62.0681	90.55	604.0862149999999	6.88251e-07	2.98025e-08	7.20847e-07	4.674
63.0914	90.56	604.152928	-2.3842e-07	-3.60424e-07	4.52625e-07	-129.636
64.0988	90.57	604.2196409999999	1.27033e-06	-6.61244e-08	1.29082e-06	-2.904
65.1069	90.58	604.286354	8.32606e-07	-1.34111e-07	8.354e-07	-5.064
66.1138	90.59	604.353067	1.03191e-06	1.49944e-07	1.06172e-06	7.362
67.1215	90.6	604.41978	1.67639e-07	-1.17347e-07	2.12342e-07	-25.512
68.1451	90.61	604.486493	1.88128e-07	-9.22014e-08	2.14205e-07	-31.056
69.1527	90.62	604.553206	2.25381e-07	8.28882e-08	2.28175e-07	16.02
70.1614	90.63	604.619919	6.33303e-07	-2.95231e-07	7.07809e-07	-22.152
71.1681	90.64	604.6866319999999	7.61826e-07	1.06171e-07	7.68345e-07	7.62
72.1755	90.65	604.753345	5.08506e-07	-2.18862e-07	6.13745e-07	-21.876
73.1983	90.66	604.8200579999999	6.67762e-07	-1.59257e-07	6.3796e-07	-14.25
74.2066	90.67	604.886771	0.0	3.07339e-08	3.72531e-08	31.662
75.2304	90.68	604.953484	6.20264e-07	2.32832e-08	7.35748e-07	1.704
76.2377	90.69	605.0201969999999	1.74158e-07	1.98373e-07	2.27244e-07	54.078
77.245	90.7	605.08691	6.3796e-07	6.33304e-08	6.68693e-07	5.604
78.2528	90.71	605.1536229999999	6.13745e-07	-2.34694e-07	6.50998e-07	-22.32
79.2606	90.72	605.220336	1.30386e-07	-4.93603e-08	1.35043e-07	-17.508
80.2839	90.73	605.287049	2.62635e-07	3.16651e-07	4.13509e-07	59.19
81.3075	90.74	605.353762	1.25729e-07	3.25965e-07	3.22239e-07	76.374
82.3148	90.75	605.420475	-2.13274e-07	-5.1223e-08	2.01167e-07	-152.67
83.323	90.76	605.487188	3.63218e-07	-2.88712e-07	4.43311e-07	-39.876
84.3302	90.77	605.5539009999999	9.3412e-07	-2.11411e-07	9.86278e-07	-11.304
85.3382	90.78	605.6206139999999	-9.4064e-08	2.93368e-07	3.22239e-07	111.486
86.3451	90.79	605.687327	3.52973e-07	-8.75448e-08	3.67874e-07	-10.296
87.3695	90.8	605.7540399999999	5.92325e-07	2.79398e-08	6.90114e-07	1.902
88.3765	90.81	605.820753	1.2992e-06	-8.38196e-09	1.27592e-06	-0.12
89.4002	90.82	605.8874659999999	4.68457e-07	3.44592e-08	4.62869e-07	0.504
90.4235	90.83	605.954179	-3.4366e-07	4.03264e-07	5.4669e-07	127.686
91.4637	90.84	606.020892	-4.46105e-07	1.65776e-07	4.4238e-07	164.202
92.4717	90.85	606.0876049999999	7.7207e-07	1.84403e-07	7.05015e-07	13.518
93.494	90.86	606.154318	7.17122e-07	7.54376e-08	7.13397e-07	6.378
94.5013	90.87	606.221031	1.47429e-06	2.8033e-07	1.49944e-06	11.142
95.5098	90.88	606.287744	8.23293e-07	2.60771e-08	8.20499e-07	1.032
96.5168	90.89	606.3544569999999	9.52747e-07	1.14553e-07	9.25738e-07	6.672
97.541	90.9	606.42117	9.13631e-07	-2.82193e-07	9.62063e-07	-18.234
98.5477	90.91	606.4878829999999	4.1444e-07	-6.5193e-08	4.29342e-07	-10.008
99.556	90.92	606.554596	7.59963e-07	1.21073e-08	7.65551e-07	0.546
100.5637	90.93	606.621309	-1.35974e-07	-8.47508e-08	1.71364e-07	-136.086
101.5712	90.94	606.6880219999999	4.91742e-07	7.63689e-08	4.90811e-07	7.908
102.5786	90.95	606.754735	7.78589e-07	-1.17347e-07	7.99078e-07	-5.01
103.6027	90.96	606.8214479999999	5.113e-07	2.32832e-08	5.47621e-07	3.264
104.6256	90.97	606.888161	3.58561e-07	3.79981e-07	5.2527e-07	42.204
105.6499	90.98	606.954874	-6.14677e-08	-2.88711e-08	1.41562e-07	-178.098
106.657	90.99	607.021587	2.89643e-07	2.36557e-07	3.52042e-07	32.256
112.6694	91.0	607.0883	1.39699e-07	3.94883e-07	4.26548e-07	66.048
113.6779	91.01	607.1550129999999	4.48899e-07	-2.65429e-07	4.61006e-07	-32.742
114.6849	91.02	607.221726	8.66135e-08	-9.4064e-08	9.12701e-08	-92.448
115.6932	91.03	607.2884389999999	5.14094e-07	5.58796e-09	5.48553e-07	-0.324
116.7005	91.04	607.355152	6.63105e-07	-5.89531e-07	8.97799e-07	-42.642
117.7084	91.05	607.4218649999999	2.319e-07	-1.52738e-07	2.78467e-07	-30.216
118.7326	91.06	607.488578	6.28646e-07	9.77893e-08	6.76144e-07	5.328
119.7548	91.07	607.5552909999999	4.88017e-07	1.37837e-07	4.84291e-07	19.368
120.779	91.08	607.622004	8.66134e-07	-1.77884e-07	9.75102e-07	-8.352
121.8027	91.09	607.688717	9.95591e-07	-1.49013e-08	1.00118e-06	-3.432
122.8265	91.1	607.7554299999999	9.07112e-07	-1.35043e-07	9.54613e-07	-6.84
123.8327	91.11	607.822143	1.17999e-06	-1.98373e-07	1.29455e-06	-9.18
124.8413	91.12	607.888856	8.99661e-07	-6.27715e-07	1.03191e-06	-36.018
125.865	91.13	607.955569	4.77772e-07	-3.26896e-07	5.81149e-07	-33.834
126.8722	91.14	608.022282	1.03191e-06	-1.01515e-07	9.96522e-07	-5.532
127.8787	91.15	608.088995	5.75561e-07	-5.96051e-08	6.06295e-07	-6.252
128.8876	91.16	608.1557079999999	1.04309e-06	2.37488e-07	1.11759e-06	10.602
129.8954	91.17	608.2224209999999	3.96745e-07	-3.53905e-08	3.93951e-07	-4.236
130.9023	91.18	608.289134	5.29926e-07	1.1921e-07	5.22476e-07	12.72
131.9101	91.19	608.3558469999999	4.2096e-07	-1.62982e-07	3.87432e-07	-23.46
132.9337	91.2	608.42256	3.46454e-07	-1.48081e-07	3.49248e-07	-30.294
133.9573	91.21	608.4892729999999	1.17999e-06	2.46802e-07	1.2219e-06	12.792
134.9803	91.22	608.555986	7.66482e-07	3.63218e-07	8.38194e-07	27.348
136.0035	91.23	608.622699	3.60424e-07	-7.35749e-08	3.61355e-07	-13.836
137.0285	91.24	608.689412	4.59144e-07	3.44592e-08	4.50762e-07	2.514
138.0514	91.25	608.756125	7.79521e-07	-3.28759e-07	8.54958e-07	-20.826
139.0587	91.26	608.822838	6.82663e-07	5.30856e-08	6.72419e-07	3.054
140.0659	91.27	608.889551	1.09524e-06	9.6858e-08	1.13715e-06	6.636
141.074	91.28	608.9562639999999	1.29175e-06	-1.95579e-08	1.27592e-06	-0.816
142.0824	91.29	609.022977	1.05985e-06	2.47734e-07	1.15205e-06	11.286
143.0891	91.3	609.0896899999999	5.73698e-07	1.17347e-07	5.7463e-07	7.848
144.0975	91.31	609.156403	4.89879e-07	-2.84987e-07	5.99775e-07	-23.94
145.1043	91.32	609.2231159999999	8.81966e-07	-4.93603e-08	8.88485e-07	-5.118
146.1128	91.33	609.2898289999999	7.18985e-07	1.13622e-07	6.39822e-07	12.492
147.1197	91.34	609.356542	1.30386e-08	-6.42617e-08	6.98496e-08	-52.842
148.1437	91.35	609.4232549999999	-5.40169e-08	3.44592e-08	7.91629e-08	131.952
149.1664	91.36	609.489968	5.47621e-07	1.98373e-07	6.58449e-07	17.274
150.1903	91.37	609.556681	4.92673e-07	1.58326e-07	5.06643e-07	16.374
151.2139	91.38	609.623394	7.19916e-07	-3.34347e-07	7.73001e-07	-28.536
152.2375	91.39	609.690107	8.76378e-07	-3.07338e-07	9.39708e-07	-17.142
153.2606	91.4	609.75682	1.10176e-06	-5.58796e-08	1.07289e-06	-7.47
154.2689	91.41	609.8235329999999	1.18372e-06	1.11759e-07	1.19117e-06	5.862
155.2915	91.42	609.8902459999999	2.29106e-07	9.31327e-08	2.62635e-07	22.662
156.3001	91.43	609.956959	1.49944e-07	-1.27592e-07	1.86265e-07	-35.328
157.3076	91.44	610.0236719999999	7.02221e-07	1.11759e-08	7.37611e-07	-1.902
158.3141	91.45	610.090385	4.00471e-08	-3.30621e-07	3.30621e-07	-77.16
159.3378	91.46	610.1570979999999	6.21196e-07	-3.72531e-08	6.37028e-07	-2.286
160.3608	91.47	610.223811	5.41102e-07	-1.29455e-07	5.50415e-07	-11.04
161.3696	91.48	610.290524	1.12691e-06	3.16652e-08	1.12691e-06	3.168
162.3768	91.49	610.3572369999999	1.26474e-06	2.16068e-07	1.28616e-06	10.494
163.3843	91.5	610.42395	8.42851e-07	-1.27592e-07	8.42851e-07	-11.37
164.3927	91.51	610.490663	2.21656e-07	1.17347e-07	2.53322e-07	28.5
165.4153	91.52	610.557376	-5.68109e-08	2.82193e-07	3.11995e-07	106.158
166.439	91.53	610.6240889999999	-1.01515e-07	2.91506e-07	3.06407e-07	119.778
167.4465	91.54	610.690802	4.65663e-07	2.8033e-07	5.43896e-07	27.858
168.4544	91.55	610.7575149999999	6.4541e-07	2.15136e-07	7.10603e-07	19.554
169.4612	91.56	610.824228	6.16539e-07	-1.67639e-08	6.32372e-07	-2.718
170.4694	91.57	610.8909409999999	1.17254e-06	-1.66708e-07	1.17999e-06	-7.338
171.4776	91.58	610.9576539999999	7.17122e-07	2.00235e-07	7.19916e-07	14.85
172.4844	91.59	611.024367	6.64968e-07	-1.29455e-07	6.56586e-07	-13.782
173.4914	91.6	611.0910799999999	1.80677e-07	5.3272e-07	5.69973e-07	69.9
174.5001	91.61	611.157793	4.1444e-07	1.36905e-07	4.45174e-07	13.536
175.507	91.62	611.224506	7.0874e-07	2.04892e-08	7.10603e-07	0.708
176.5153	91.63	611.291219	7.05946e-07	1.99304e-07	7.90697e-07	17.568
177.539	91.64	611.357932	3.23171e-07	1.62982e-07	3.16651e-07	28.23
178.5452	91.65	611.4246449999999	2.30038e-07	-9.49954e-08	2.63566e-07	-9.51
179.5537	91.66	611.491358	5.69973e-07	-4.93603e-08	5.78355e-07	-4.86
180.5768	91.67	611.5580709999999	7.41336e-07	-3.53905e-08	7.12465e-07	-0.108
181.5846	91.68	611.624784	7.54376e-08	9.77893e-08	1.4715e-07	45.666
182.608	91.69	611.6914969999999	3.72531e-07	-1.11759e-07	4.10715e-07	-15.636
183.6157	91.7	611.75821	5.21544e-07	8.00942e-08	5.03849e-07	12.324
184.6553	91.71	611.8249229999999	2.53322e-07	-1.22004e-07	1.87197e-07	-61.17
185.6627	91.72	611.891636	2.50528e-07	1.65776e-07	3.0175e-07	34.962
186.6701	91.73	611.958349	2.27244e-07	-4.00471e-08	2.65429e-07	-4.95
187.6772	91.74	612.0250619999999	-1.90922e-07	2.98025e-08	1.58326e-07	-170.262
188.6855	91.75	612.091775	-2.42145e-08	-2.40283e-07	2.46802e-07	-89.562
189.694	91.76	612.158488	7.26436e-08	-4.7032e-07	5.08506e-07	-78.636
190.7005	91.77	612.225201	7.57169e-07	-5.15956e-07	9.23876e-07	-34.098
191.7086	91.78	612.291914	6.66831e-07	-2.98025e-07	6.74281e-07	-25.92
192.7159	91.79	612.358627	9.84415e-07	-2.92437e-07	9.62995e-07	-18.828
193.7226	91.8	612.4253399999999	2.23518e-07	6.05364e-08	2.47734e-07	14.562
194.7466	91.81	612.4920529999999	6.83594e-07	-1.03377e-07	7.73001e-07	-5.646
195.7704	91.82	612.5587659999999	-1.1921e-07	1.11759e-07	1.77884e-07	129.072
196.7941	91.83	612.6254789999999	1.63914e-07	-6.5193e-08	1.11759e-07	-55.008
197.8015	91.84	612.692192	1.3318e-07	2.20724e-07	2.43077e-07	63.21
198.8254	91.85	612.7589049999999	-8.19568e-08	-1.43425e-07	1.66708e-07	-65.814
199.8337	91.86	612.825618	4.06058e-07	-1.60188e-07	4.27479e-07	-24.954
200.84	91.87	612.892331	6.75213e-07	-1.39699e-08	6.93839e-07	0.498
201.8488	91.88	612.959044	8.24224e-07	-1.06171e-07	8.40988e-07	-6.642
202.8553	91.89	613.025757	2.62635e-07	4.19097e-07	5.36445e-07	55.632
203.8953	91.9	613.09247	5.01987e-07	-1.55532e-07	5.15956e-07	-15.24
204.9029	91.91	613.159183	6.90114e-07	5.58796e-09	7.21779e-07	-1.626
205.91	91.92	613.2258959999999	6.32372e-07	7.91629e-08	6.67762e-07	6.432
206.9185	91.93	613.292609	5.41102e-07	5.30856e-08	5.36445e-07	8.448
207.925	91.94	613.3593219999999	3.37141e-07	-1.79746e-07	4.09784e-07	-30.48
208.9327	91.95	613.426035	7.61826e-07	2.14205e-07	7.52512e-07	18.204
209.9566	91.96	613.4927479999999	5.92325e-07	-1.08965e-07	5.49484e-07	-11.802
210.9638	91.97	613.5594609999999	-1.69502e-07	-3.91158e-08	1.65776e-07	-160.77
211.988	91.98	613.626174	-2.68223e-07	6.7987e-08	2.70085e-07	166.428
213.0114	91.99	613.6928869999999	1.50875e-07	-5.30856e-08	1.57394e-07	-20.49
219.0253	92.0	613.7596	7.45993e-07	-4.1444e-07	8.78241e-07	-30.6
220.0317	92.01	613.826313	4.90811e-07	-4.52625e-07	7.05015e-07	-39.942
221.0397	92.02	613.893026	2.319e-07	1.18278e-07	2.30038e-07	41.31
222.0477	92.03	613.959739	2.1793e-07	2.08617e-07	2.88712e-07	39.18
223.0552	92.04	614.026452	1.9651e-07	-5.34583e-07	5.64385e-07	-75.528
224.0629	92.05	614.0931649999999	7.47856e-07	-2.2445e-07	7.0129e-07	-18.012
225.0866	92.06	614.1598779999999	6.67762e-07	3.91158e-08	7.17122e-07	2.124
226.1098	92.07	614.2265909999999	3.70668e-07	8.28882e-08	3.5111e-07	18.432
227.1325	92.08	614.2933039999999	8.72653e-07	5.58796e-09	8.60546e-07	0.396
228.1569	92.09	614.360017	6.78006e-07	-2.51459e-07	6.53792e-07	-22.188
229.1806	92.1	614.4267299999999	6.35166e-07	4.11646e-07	7.49718e-07	33.48
230.2034	92.11	614.493443	1.58326e-07	-1.49944e-07	1.87197e-07	-52.164
231.2275	92.12	614.560156	1.21259e-06	4.93603e-08	1.22656e-06	2.64
232.2507	92.13	614.6268689999999	4.50762e-07	2.84987e-07	5.69042e-07	33.102
233.2579	92.14	614.693582	-1.21073e-08	-1.16416e-07	1.26661e-07	-126.588
234.2659	92.15	614.760295	3.07339e-08	2.48665e-07	2.76605e-07	83.478
235.2738	92.16	614.827008	9.87206e-08	9.77893e-08	8.75448e-08	30.51
236.2967	92.17	614.893721	-2.30038e-07	-2.09548e-07	3.00819e-07	-141.318
237.305	92.18	614.960434	6.15608e-07	9.59267e-08	6.84526e-07	4.83
238.3123	92.19	615.0271469999999	3.83707e-07	-3.25965e-08	4.45174e-07	-2.802
239.336	92.2	615.09386	8.58683e-07	-4.91742e-07	9.62995e-07	-29.46
240.3433	92.21	615.1605729999999	-8.19568e-08	-3.83707e-07	3.59492e-07	-87.612
241.3664	92.22	615.2272859999999	5.33651e-07	-5.21543e-08	5.1875e-07	-6.18
242.3905	92.23	615.293999	3.72531e-07	6.42617e-08	4.94536e-07	6.606
243.4136	92.24	615.3607119999999	6.30509e-07	9.9652e-08	6.3796e-07	8.556
244.4387	92.25	615.427425	7.16191e-07	-4.00471e-08	6.67762e-07	-6.258
245.4776	92.26	615.494138	2.51458e-08	7.45064e-09	2.04892e-08	145.098
246.5165	92.27	615.560851	3.32484e-07	-8.19568e-08	3.85569e-07	-15.948
247.5234	92.28	615.627564	9.46227e-07	-3.24102e-07	9.65789e-07	-17.958
248.532	92.29	615.694277	5.59729e-07	-4.8336e-07	7.47856e-07	-36.912
249.5398	92.3	615.76099	8.69859e-07	2.36557e-07	8.76378e-07	16.326
250.5471	92.31	615.8277029999999	4.79635e-07	1.23867e-07	4.66594e-07	13.59
251.5542	92.32	615.8944159999999	3.0175e-07	3.40866e-07	5.02918e-07	43.782
252.5791	92.33	615.9611289999999	5.86735e-08	-7.63689e-08	1.0524e-07	-63.738
253.6023	92.34	616.027842	2.46802e-07	3.91158e-08	2.92437e-07	6.564
254.6252	92.35	616.0945549999999	2.48665e-07	-1.66708e-07	2.79399e-07	-47.85
255.6492	92.36	616.161268	5.81149e-07	1.50875e-07	6.58449e-07	13.404
256.6728	92.37	616.227981	7.69276e-07	2.13274e-07	7.85109e-07	16.128
257.6967	92.38	616.2946939999999	6.23991e-08	-1.09897e-07	1.35974e-07	-53.916
258.7194	92.39	616.361407	7.73933e-07	-1.41562e-07	7.76727e-07	-13.008
259.7434	92.4	616.42812	8.38195e-08	-7.82316e-08	1.97441e-07	-23.964
260.7667	92.41	616.494833	8.53095e-07	-4.74977e-08	8.57752e-07	-1.17
261.7737	92.42	616.561546	8.06529e-07	-1.44356e-07	8.67065e-07	-7.764
262.7809	92.43	616.628259	6.37028e-07	-4.28411e-08	6.30509e-07	-4.686
263.7893	92.44	616.6949719999999	5.36445e-07	-1.36905e-07	5.90462e-07	-14.58
264.7975	92.45	616.7616849999999	2.47734e-07	1.23867e-07	2.72879e-07	34.614
265.8041	92.46	616.8283979999999	5.15025e-07	2.50528e-07	5.61591e-07	27.906
266.8127	92.47	616.8951109999999	4.17234e-07	1.00583e-07	4.44243e-07	12.6
267.836	92.48	616.961824	8.48439e-07	-4.8429e-08	7.57169e-07	-0.162
268.8439	92.49	617.0285369999999	-4.33998e-07	-3.42729e-07	5.14094e-07	-137.856
269.8511	92.5	617.09525	3.17583e-07	-2.64497e-07	3.84638e-07	-44.352
270.8586	92.51	617.161963	4.06058e-07	-1.45287e-07	4.33067e-07	-20.598
271.898	92.52	617.228676	4.45174e-07	-3.17583e-07	5.23407e-07	-34.254
272.9223	92.53	617.295389	8.84761e-08	-5.40169e-08	1.46219e-07	-20.088
273.9452	92.54	617.362102	6.83594e-07	3.35278e-08	7.21779e-07	3.732
274.968	92.55	617.428815	3.48316e-07	-1.51806e-07	3.72531e-07	-26.934
275.9763	92.56	617.4955279999999	2.51458e-08	5.40169e-08	7.45063e-08	74.934
277.0	92.57	617.5622409999999	3.90226e-07	1.06171e-07	3.6508e-07	15.03
278.0075	92.58	617.6289539999999	-2.04892e-07	-3.716e-07	3.95814e-07	-118.182
279.0309	92.59	617.695667	5.53209e-07	-4.00471e-08	5.14094e-07	0.24
280.0394	92.6	617.7623799999999	2.76605e-07	-3.63218e-08	3.2969e-07	-5.322
281.0468	92.61	617.829093	5.41102e-07	1.21073e-07	5.69973e-07	9.474
282.0534	92.62	617.895806	6.27715e-07	-8.47508e-08	6.51929e-07	-6.654
283.0613	92.63	617.9625189999999	5.93256e-07	1.58326e-07	5.91393e-07	16.41
284.0685	92.64	618.029232	7.40405e-07	1.29455e-07	7.40405e-07	10.59
285.0764	92.65	618.095945	1.35974e-07	1.0524e-07	1.89059e-07	28.38
286.0843	92.66	618.162658	4.23754e-07	4.17234e-07	5.97913e-07	44.322
287.1077	92.67	618.229371	1.11759e-08	8.84761e-08	9.22014e-08	94.026
288.1312	92.68	618.296084	-7.73002e-08	3.44592e-08	9.6858e-08	-177.726
289.1551	92.69	618.362797	-5.68109e-08	-1.81609e-07	1.88128e-07	-82.878
290.1774	92.7	618.4295099999999	2.04892e-08	1.98373e-07	1.91853e-07	100.746
291.2026	92.71	618.4962229999999	6.23058e-07	-6.06295e-07	8.83829e-07	-41.454
292.2253	92.72	618.5629359999999	2.59841e-07	3.07339e-08	2.73811e-07	1.068
293.2321	92.73	618.629649	1.27592e-06	2.92437e-07	1.27964e-06	12.738
294.2408	92.74	618.6963619999999	1.03378e-06	3.4366e-07	1.13901e-06	16.902
295.2475	92.75	618.763075	9.01524e-07	-2.06755e-07	9.73239e-07	-11.508
296.2553	92.76	618.829788	9.02455e-07	-4.34929e-07	9.95591e-07	-25.422
297.2795	92.77	618.896501	8.28881e-07	6.42617e-08	7.94422e-07	6.522
298.2872	92.78	618.963214	-7.0781e-08	1.09897e-07	1.72296e-07	140.298
299.31	92.79	619.029927	2.74742e-07	-2.60771e-08	2.67291e-07	-7.23
300.3174	92.8	619.09664	-2.46802e-07	-4.09784e-07	5.07574e-07	-121.44
301.3422	92.81	619.163353	-2.84987e-07	7.45064e-09	1.53669e-07	147.126
302.3644	92.82	619.230066	8.93142e-07	1.87197e-07	8.34469e-07	12.168
303.3892	92.83	619.2967789999999	4.5635e-07	-2.59841e-07	4.47037e-07	-30.264
304.4274	92.84	619.363492	9.6672e-07	2.30969e-07	1.05054e-06	11.766
305.4519	92.85	619.4302049999999	7.29229e-07	-2.43077e-07	7.59032e-07	-20.124
306.4587	92.86	619.4969179999999	1.18186e-06	-3.9302e-07	1.19024e-06	-20.034
307.4825	92.87	619.563631	4.1444e-07	-7.82316e-08	4.32135e-07	-5.76
308.491	92.88	619.6303439999999	1.10735e-06	-9.31328e-09	1.0524e-06	-1.998
309.4982	92.89	619.697057	1.00211e-06	-3.39003e-07	1.02167e-06	-18.354
310.5054	92.9	619.76377	6.18402e-07	-3.85569e-07	7.49718e-07	-29.16
311.5129	92.91	619.830483	2.319e-07	-2.25381e-07	3.74393e-07	-31.296
312.5205	92.92	619.897196	8.60546e-07	-3.36209e-07	8.7731e-07	-22.254
313.529	92.93	619.9639090000001	3.72531e-07	1.70433e-07	4.65663e-07	14.79
314.536	92.94	620.030622	9.35983e-07	-2.42146e-07	9.65789e-07	-13.902
315.5437	92.95	620.0973349999999	1.1921e-07	-2.14205e-08	1.77884e-07	-6.576
316.5826	92.96	620.1640479999999	7.06877e-07	-6.89183e-08	6.63105e-07	-4.056
317.6068	92.97	620.2307609999999	4.65664e-08	7.17123e-08	1.1921e-07	25.722
318.6294	92.98	620.297474	5.20613e-07	-1.20142e-07	4.85223e-07	-14.058
319.6534	92.99	620.3641869999999	4.22822e-07	-2.97094e-07	5.3272e-07	-34.632
325.6677	93.0	620.4309	8.10255e-08	7.26436e-08	1.10828e-07	40.116
326.674	93.01	620.497613	3.25965e-07	-3.36209e-07	4.98261e-07	-42.006
327.6814	93.02	620.5643259999999	7.45993e-07	1.0524e-07	8.1398e-07	6.156
328.7054	93.03	620.631039	1.09152e-06	-2.34694e-07	1.07475e-06	-11.454
329.7137	93.04	620.697752	8.03735e-07	1.10828e-07	8.50301e-07	8.094
330.7211	93.05	620.764465	7.73933e-07	-4.65663e-07	8.88485e-07	-30.222
331.7291	93.06	620.831178	5.86737e-07	4.23754e-07	6.63105e-07	44.628
332.7515	93.07	620.897891	2.42146e-07	-2.99888e-07	4.00471e-07	-56.52
333.7752	93.08	620.9646039999999	5.08506e-07	2.51458e-08	6.09089e-07	5.616
334.8148	93.09	621.031317	-2.05823e-07	-5.40169e-08	2.71017e-07	-160.932
335.8232	93.1	621.0980299999999	1.03377e-07	3.44592e-08	1.26661e-07	17.232
336.862	93.11	621.1647429999999	7.73002e-08	-6.51929e-09	1.15484e-07	9.198
337.8699	93.12	621.231456	-3.45522e-07	-1.53669e-07	4.08852e-07	-157.542
338.9086	93.13	621.2981689999999	4.12578e-07	-8.66135e-08	4.89879e-07	-7.296
339.9172	93.14	621.364882	2.55184e-07	1.99304e-07	3.69737e-07	31.356
340.9239	93.15	621.431595	4.99193e-07	-3.14789e-07	6.23058e-07	-30.942
341.9473	93.16	621.498308	9.43433e-07	-3.19445e-07	9.78827e-07	-20.406
342.9552	93.17	621.565021	9.27601e-07	3.25965e-08	9.07112e-07	-0.942
343.9797	93.18	621.631734	9.31326e-07	-2.82193e-07	9.49021e-07	-12.492
344.9859	93.19	621.698447	6.34234e-07	-4.74045e-07	8.39125e-07	-34.572
345.9937	93.2	621.7651599999999	8.99661e-07	-4.05127e-07	9.87209e-07	-24.99
347.0177	93.21	621.831873	4.20028e-07	-1.66708e-07	4.87085e-07	-22.638
348.041	93.22	621.8985859999999	4.2841e-07	-1.1921e-07	4.88017e-07	-14.016
349.0653	93.23	621.965299	6.808e-07	-2.39352e-07	7.24573e-07	-19.956
350.0881	93.24	622.0320119999999	8.34469e-07	5.21543e-08	8.15842e-07	4.23
351.1279	93.25	622.098725	9.10837e-07	2.67291e-07	9.21082e-07	16.38
352.1512	93.26	622.165438	1.16416e-06	-1.60188e-07	1.21445e-06	-7.452
353.1587	93.27	622.2321509999999	1.06637e-06	6.33304e-08	1.07848e-06	3.762
354.1668	93.28	622.298864	3.83707e-07	2.28175e-07	4.02333e-07	32.748
355.1895	93.29	622.365577	1.12784e-06	-9.31327e-08	1.14367e-06	-3.354
356.2303	93.3	622.43229	4.21891e-07	-2.86849e-07	4.99193e-07	-28.314
357.2376	93.31	622.499003	8.17705e-07	2.23519e-08	8.2143e-07	1.488
358.2451	93.32	622.565716	7.52512e-07	-2.86849e-07	8.41919e-07	-18.126
359.2529	93.33	622.632429	4.52625e-07	1.3318e-07	4.90811e-07	18.096
360.2923	93.34	622.6991419999999	5.94187e-07	-4.13509e-07	7.64619e-07	-32.004
361.2993	93.35	622.7658549999999	1.87197e-07	-2.29106e-07	2.90574e-07	-46.596
362.3073	93.36	622.8325679999999	-5.58796e-09	1.30386e-08	3.72531e-08	177.954
363.33	93.37	622.899281	5.01987e-07	-1.66708e-07	5.40171e-07	-20.676
364.354	93.38	622.9659939999999	5.42033e-07	-1.95579e-08	5.17819e-07	-0.294
365.3775	93.39	623.032707	-3.89295e-07	5.94187e-07	7.10603e-07	126.894
366.3855	93.4	623.09942	2.12342e-07	9.22014e-08	1.6857e-07	26.088
367.4082	93.41	623.166133	5.59729e-07	1.44356e-07	5.35514e-07	16.434
368.4314	93.42	623.232846	6.89182e-07	-5.58796e-09	6.91976e-07	-0.432
369.4403	93.43	623.299559	2.79398e-09	-2.23518e-07	2.3842e-07	-96.288
370.4787	93.44	623.366272	8.9873e-07	-4.91742e-07	1.00304e-06	-26.688
371.4871	93.45	623.432985	1.59257e-07	6.51929e-07	6.56586e-07	81.03
372.4944	93.46	623.499698	6.03501e-07	1.26661e-07	6.25852e-07	15.726
373.5022	93.47	623.5664109999999	7.46924e-07	4.12578e-07	8.80103e-07	26.622
374.5256	93.48	623.633124	6.10951e-07	-6.16539e-07	9.07112e-07	-37.752
375.5332	93.49	623.6998369999999	7.86971e-07	-3.63218e-08	7.96284e-07	-3.102
376.5409	93.5	623.7665499999999	7.18053e-07	-3.26896e-07	7.57169e-07	-28.272
377.5484	93.51	623.833263	4.61006e-07	-1.8254e-07	4.91742e-07	-20.904
378.5713	93.52	623.8999759999999	6.50067e-07	-5.58796e-08	6.86388e-07	-7.842
379.5952	93.53	623.966689	1.21073e-07	-1.88128e-07	2.55184e-07	-30.264
380.6189	93.54	624.033402	8.01872e-07	2.15136e-07	8.54026e-07	14.922
381.6274	93.55	624.100115	6.51929e-07	-2.44008e-07	6.71487e-07	-25.008
382.6343	93.56	624.166828	9.00593e-07	3.81845e-08	8.40057e-07	2.304
383.6582	93.57	624.233541	1.01329e-06	4.02333e-07	1.04588e-06	22.638
384.6655	93.58	624.300254	1.02912e-06	1.22004e-07	1.05054e-06	5.622
385.689	93.59	624.3669669999999	1.41375e-06	-9.12701e-08	1.42121e-06	-4.614
386.6969	93.6	624.4336799999999	1.04775e-06	-2.71017e-07	1.07848e-06	-15.234
387.7037	93.61	624.5003929999999	7.88834e-07	-1.78815e-07	8.10254e-07	-11.16
388.7117	93.62	624.567106	-3.47385e-07	-3.10132e-07	4.79635e-07	-142.986
389.7189	93.63	624.6338189999999	5.36445e-07	-5.21543e-08	5.43896e-07	-6.072
390.7271	93.64	624.700532	1.546e-07	-1.77884e-07	2.2445e-07	-43.716
391.734	93.65	624.767245	6.16539e-07	2.51458e-08	6.28646e-07	2.502
392.7577	93.66	624.8339579999999	-1.70433e-07	-6.05363e-07	6.30509e-07	-109.86
393.7813	93.67	624.900671	-5.30856e-08	-2.11411e-07	2.03961e-07	-107.202
394.8053	93.68	624.967384	-3.63218e-08	-3.25965e-08	8.47508e-08	-146.748
395.844	93.69	625.034097	7.91629e-08	-6.26784e-07	6.11883e-07	-83.772
396.8681	93.7	625.10081	2.03961e-07	2.16068e-07	2.81261e-07	57.282
397.8758	93.71	625.167523	7.45063e-08	-5.58796e-08	1.22935e-07	-17.886
398.899	93.72	625.2342359999999	-1.39699e-08	-1.26661e-07	1.07103e-07	-114.72
399.9068	93.73	625.300949	-1.24798e-07	-3.72532e-09	2.04892e-08	-17.526
400.9138	93.74	625.3676619999999	3.27827e-07	-1.48081e-07	4.44243e-07	-24.33
401.9226	93.75	625.4343749999999	1.76952e-07	-4.65664e-09	1.28523e-07	4.164
402.93	93.76	625.501088	-8.75448e-08	-1.49013e-08	1.1269e-07	-160.41
403.9371	93.77	625.5678009999999	3.22239e-07	-2.61703e-07	4.17234e-07	-35.748
404.9448	93.78	625.634514	1.52738e-07	5.58796e-09	1.92785e-07	16.368
405.9684	93.79	625.701227	6.47273e-07	-2.79399e-07	7.20847e-07	-22.482
406.9757	93.8	625.76794	8.27018e-07	-2.65429e-07	8.69859e-07	-16.476
408.0002	93.81	625.834653	7.94422e-07	-6.42617e-08	7.47856e-07	-3.468
409.0237	93.82	625.9013659999999	4.57281e-07	-1.27592e-07	5.69042e-07	-12.252
410.0458	93.83	625.968079	5.52278e-07	-2.30969e-07	5.63454e-07	-24.888
411.0708	93.84	626.034792	5.77424e-07	3.25965e-08	6.02569e-07	2.916
412.094	93.85	626.101505	3.74393e-07	-6.98496e-08	3.93951e-07	-9.858
413.1017	93.86	626.1682179999999	8.00941e-07	-1.86266e-08	7.38542e-07	-2.022
414.1086	93.87	626.234931	2.58909e-07	1.30386e-07	2.67291e-07	32.436
415.132	93.88	626.3016439999999	1.76952e-07	-1.86265e-07	2.84055e-07	-27.084
416.1396	93.89	626.368357	-1.24798e-07	-1.07103e-07	1.99304e-07	-155.616
417.1477	93.9	626.43507	3.95814e-07	-1.59257e-07	4.47968e-07	-17.622
418.155	93.91	626.5017829999999	-3.12926e-07	3.37141e-07	4.65663e-07	135.768
419.1626	93.92	626.568496	8.39125e-07	-4.16303e-07	9.43433e-07	-26.016
420.1703	93.93	626.635209	3.24102e-07	-6.83594e-07	7.54375e-07	-66.102
421.194	93.94	626.701922	6.4541e-07	-1.95579e-07	7.06877e-07	-13.764
422.2019	93.95	626.768635	9.10837e-07	-2.91506e-07	9.35052e-07	-18.03
423.2251	93.96	626.835348	7.73933e-07	-1.45287e-07	8.31675e-07	-9.87
424.2488	93.97	626.902061	6.1002e-07	-5.86735e-08	6.30509e-07	-5.58
425.2882	93.98	626.9687739999999	6.3796e-07	1.01515e-07	6.57517e-07	4.962
426.3108	93.99	627.0354869999999	9.31327e-08	-1.49944e-07	1.92785e-07	-57.792
432.3407	94.0	627.1021999999999	1.45287e-07	1.59257e-07	2.39352e-07	43.716
433.3485	94.01	627.168913	1.63914e-07	-3.59492e-07	3.96745e-07	-53.892
434.3567	94.02	627.2356259999999	4.84291e-07	-9.6858e-08	4.74045e-07	-11.196
435.3626	94.03	627.302339	4.49831e-07	2.62635e-07	4.69388e-07	33.666
436.371	94.04	627.369052	5.42033e-07	-6.89183e-08	5.38308e-07	-4.128
437.3779	94.05	627.435765	6.11883e-07	1.49013e-08	5.81149e-07	-1.212
438.3861	94.06	627.502478	7.57169e-07	-1.65776e-07	7.8604e-07	-11.73
439.3939	94.07	627.5691909999999	5.92325e-07	-3.16651e-07	6.30509e-07	-31.428
440.4176	94.08	627.635904	2.79399e-07	-3.20377e-07	3.95814e-07	-52.752
441.4415	94.09	627.702617	6.75213e-07	-1.41562e-07	7.54375e-07	-7.266
442.4645	94.1	627.76933	6.70556e-07	1.60188e-07	6.17471e-07	18.132
443.5045	94.11	627.8360429999999	7.69276e-07	4.03264e-07	8.94073e-07	23.964
444.5274	94.12	627.902756	1.04309e-06	-3.95814e-07	1.23215e-06	-17.604
445.5353	94.13	627.9694689999999	7.62757e-07	-4.47968e-07	9.35983e-07	-30.174
446.5437	94.14	628.0361819999999	7.89765e-07	-1.85334e-07	7.8604e-07	-9.198
447.5501	94.15	628.102895	2.62635e-07	4.19097e-08	2.46802e-07	8.538
448.558	94.16	628.1696079999999	1.87197e-07	2.90574e-07	3.54836e-07	59.472
449.5815	94.17	628.236321	4.61938e-07	-1.83471e-07	4.69388e-07	-24.144
450.5889	94.18	628.303034	2.61703e-07	3.30621e-07	3.86501e-07	60.096
451.5966	94.19	628.369747	2.67291e-07	-1.46219e-07	3.11064e-07	-32.964
452.6046	94.2	628.43646	5.77424e-07	6.42617e-08	6.33303e-07	5.604
453.6112	94.21	628.503173	7.95353e-07	7.73002e-08	7.99078e-07	3.732
454.635	94.22	628.569886	2.30038e-07	-8.75448e-08	1.99304e-07	-18.432
455.6587	94.23	628.6365989999999	2.45871e-07	3.23171e-07	4.35861e-07	49.062
456.6831	94.24	628.7033119999999	-2.56116e-07	2.57978e-07	4.05127e-07	142.422
457.706	94.25	628.7700249999999	5.67179e-07	1.07103e-07	5.56935e-07	11.322
458.714	94.26	628.836738	-1.02446e-08	-4.04196e-07	4.17234e-07	-72.042
459.7213	94.27	628.9034509999999	3.44591e-07	-2.13274e-07	3.52042e-07	-38.772
460.7285	94.28	628.970164	4.50762e-07	2.3842e-07	5.08506e-07	28.578
461.7368	94.29	629.036877	4.33998e-07	-3.23171e-07	5.09437e-07	-38.514
462.7437	94.3	629.1035899999999	2.67291e-07	-1.80677e-07	3.28759e-07	-33.912
463.752	94.31	629.170303	1.27126e-06	1.18278e-07	1.30758e-06	4.938
464.759	94.32	629.2370159999999	4.65664e-08	-6.33304e-08	5.30856e-08	-83.346
465.7664	94.33	629.303729	5.96981e-07	3.44592e-08	5.93256e-07	1.812
466.774	94.34	629.370442	-1.31317e-07	-3.54836e-07	3.77187e-07	-107.868
467.7983	94.35	629.437155	6.47273e-07	-2.18862e-07	6.42616e-07	-21.87
468.8048	94.36	629.503868	9.51815e-07	-2.16999e-07	9.98385e-07	-14.046
469.8292	94.37	629.570581	1.6857e-07	2.12342e-07	2.68223e-07	66.438
470.852	94.38	629.6372939999999	3.66943e-07	6.70557e-08	4.05127e-07	7.008
471.8759	94.39	629.7040069999999	9.01524e-07	-5.02916e-08	8.05598e-07	-4.386
472.8986	94.4	629.77072	1.20048e-06	3.16652e-08	1.1921e-06	1.932
473.9074	94.41	629.8374329999999	1.03377e-07	2.03961e-07	2.20724e-07	86.22
474.9141	94.42	629.904146	1.23867e-07	-5.05712e-07	5.48553e-07	-67.77
475.9224	94.43	629.970859	3.00819e-07	2.15136e-07	3.27827e-07	37.332
476.9299	94.44	630.037572	1.13343e-06	1.34111e-07	1.20514e-06	6.606
477.9541	94.45	630.104285	6.8732e-07	-2.04892e-07	6.84526e-07	-17.484
478.9605	94.46	630.1709979999999	8.53095e-07	1.14553e-07	8.90348e-07	7.428
479.9693	94.47	630.237711	7.85109e-07	-1.74158e-07	7.57169e-07	-11.964
480.976	94.48	630.304424	4.94536e-07	-1.95579e-08	4.47037e-07	0.09
481.983	94.49	630.371137	6.05363e-07	9.49954e-08	6.03501e-07	8.544
482.9912	94.5	630.4378499999999	3.03613e-07	6.14677e-08	3.58561e-07	12.474
484.0152	94.51	630.504563	1.18558e-06	5.77422e-08	1.15112e-06	2.136
485.0546	94.52	630.5712759999999	1.34856e-06	-2.35626e-07	1.35322e-06	-12.294
486.0777	94.53	630.637989	1.08034e-07	-1.52738e-07	1.9651e-07	-55.416
487.1007	94.54	630.704702	6.57517e-07	1.45287e-07	6.64968e-07	11.952
488.1246	94.55	630.7714149999999	4.49831e-07	1.42493e-07	5.10368e-07	15.408
489.1322	94.56	630.838128	-2.21656e-07	-6.05363e-07	6.15608e-07	-100.092
490.1402	94.57	630.9048409999999	4.35861e-07	2.64497e-07	5.48553e-07	25.65
491.1485	94.58	630.971554	4.5635e-07	-8.00942e-08	4.66594e-07	-10.146
492.155	94.59	631.038267	2.13274e-07	-6.05364e-08	2.2445e-07	-11.442
493.1797	94.6	631.10498	4.68457e-07	-4.44243e-07	6.21196e-07	-42.942
494.1859	94.61	631.171693	9.60201e-07	3.11064e-07	1.00304e-06	16.44
495.194	94.62	631.2384059999999	1.21631e-06	-3.24102e-07	1.18651e-06	-17.262
496.2025	94.63	631.3051189999999	4.45174e-07	-1.73227e-07	5.43896e-07	-15.828
497.2096	94.64	631.3718319999999	9.01524e-07	-5.86735e-08	8.60546e-07	-2.67
498.217	94.65	631.438545	9.91866e-07	-2.23518e-07	1.01887e-06	-11.352
499.2408	94.66	631.5052579999999	8.95005e-07	2.30038e-07	9.21082e-07	16.098
500.2639	94.67	631.571971	1.00677e-06	-3.16652e-08	1.0552e-06	-2.724
501.2877	94.68	631.638684	6.50067e-07	-5.42033e-07	8.78241e-07	-37.542
502.3111	94.69	631.705397	5.31789e-07	-5.1223e-08	4.45174e-07	-6.258
503.3338	94.7	631.77211	1.1269e-07	2.3842e-07	2.42146e-07	93.054
504.3578	94.71	631.8388229999999	2.64497e-07	-1.15484e-07	3.45522e-07	-29.73
505.3656	94.72	631.905536	8.10255e-08	3.72531e-08	1.36905e-07	25.83
506.4053	94.73	631.972249	4.09784e-07	-1.55532e-07	4.52625e-07	-21.036
507.4125	94.74	632.038962	4.59144e-07	-2.20724e-07	5.37377e-07	-20.13
508.4205	94.75	632.1056749999999	8.32606e-07	-1.35974e-07	8.33537e-07	-8.802
509.4275	94.76	632.172388	1.59257e-07	6.42617e-08	1.49944e-07	27.012
510.4352	94.77	632.2391009999999	3.11064e-07	3.0175e-07	4.0699e-07	51.864
511.4429	94.78	632.3058139999999	2.50528e-07	5.1223e-08	2.3842e-07	11.082
512.4661	94.79	632.372527	1.39699e-07	2.8033e-07	2.83124e-07	69.48
513.474	94.8	632.4392399999999	7.05946e-07	-8.47508e-08	7.52512e-07	-6.072
514.4974	94.81	632.505953	3.27827e-07	-5.49483e-08	3.23171e-07	-6.666
515.5217	94.82	632.5726659999999	5.20613e-07	5.73698e-07	7.71139e-07	45.216
516.5607	94.83	632.639379	6.42616e-07	-8.19568e-08	6.56586e-07	-7.992
517.584	94.84	632.706092	8.7731e-07	1.69502e-07	8.97799e-07	10.566
518.6074	94.85	632.772805	9.79759e-07	1.86266e-09	9.07112e-07	0.87
519.6152	94.86	632.839518	1.04123e-06	2.1793e-07	1.05985e-06	12.414
520.6229	94.87	632.9062309999999	7.87903e-07	2.16999e-07	8.37263e-07	13.572
521.6459	94.88	632.972944	5.41102e-07	-6.33304e-08	5.99775e-07	-4.848
522.6541	94.89	633.0396569999999	5.20613e-07	1.14553e-07	5.75561e-07	12.12
523.6612	94.9	633.10637	-7.581e-07	-1.8254e-07	7.81383e-07	-168.87
524.6694	94.91	633.1730829999999	2.41214e-07	-1.6857e-07	2.76605e-07	-35.436
525.6764	94.92	633.239796	6.49135e-07	1.86266e-09	6.63105e-07	1.272
526.6839	94.93	633.306509	3.47385e-07	8.84761e-08	3.09201e-07	16.458
527.6918	94.94	633.3732219999999	4.33067e-07	-3.07339e-08	4.86154e-07	-0.438
528.6998	94.95	633.439935	7.40405e-07	-1.76952e-08	7.07809e-07	-2.892
529.7074	94.96	633.5066479999999	1.1297e-06	-3.84638e-07	1.16975e-06	-17.802
530.7307	94.97	633.573361	2.55184e-07	-3.05476e-07	3.82775e-07	-57.336
531.7542	94.98	633.640074	5.10368e-07	-1.13622e-07	4.47037e-07	-14.406
532.7776	94.99	633.706787	-3.52973e-07	2.04892e-08	3.44591e-07	176.208
538.7912	95.0	633.7735	3.13858e-07	-4.65664e-08	3.50179e-07	-5.586