# Menlo Systems GmbH ScanControl
# Program Version 1.7.0+git.a90605a3
# Start: -402.50000000 ps, Average over 1000 waveforms. Timestamp: 2024-05-06T14:29:37
# Window type: Tukey, parameters: alpha = 0.1
# User time axis shift: 0 ps
# Time axis offset: 0 ps
# Frequency [THz]	THz Signal [a.u.]
0.00000000	-20.11969838
0.01465559	-24.59812156
0.02931119	-39.81463823
0.04396678	-31.51906186
0.05862238	-38.58860667
0.07327797	-34.89889001
0.08793356	-41.48762752
0.10258916	-39.27211393
0.11724475	-37.85930621
0.13190034	-30.95069996
0.14655594	-38.18100442
0.16121153	-31.80384672
0.17586713	-25.21814221
0.19052272	-23.56326452
0.20517831	-29.19453727
0.21983391	-18.65481494
0.23448950	-16.23358350
0.24914510	-19.03762677
0.26380069	-21.32531534
0.27845628	-15.28540550
0.29311188	-13.33623510
0.30776747	-16.78308108
0.32242307	-15.85577079
0.33707866	-9.87967905
0.35173425	-8.50939983
0.36638985	-12.99144311
0.38104544	-11.37382022
0.39570103	-6.75457442
0.41035663	-6.51925669
0.42501222	-10.50886620
0.43966782	-7.76905179
0.45432341	-3.15695981
0.46897900	-3.51281319
0.48363460	-7.71371030
0.49829019	-5.08033994
0.51294579	-1.90982806
0.52760138	-3.24321515
0.54225697	-7.23463746
0.55691257	-3.67014399
0.57156816	-0.24504763
0.58622376	-1.57947524
0.60087935	-5.82411514
0.61553494	-1.71895648
0.63019054	-0.21204811
0.64484613	-2.73696829
0.65950172	-6.02315531
0.67415732	-1.38960251
0.68881291	0.00000000
0.70346851	-2.78597941
0.71812410	-4.97814579
0.73277969	-1.00225582
0.74743529	-0.80401367
0.76209088	-4.75042881
0.77674648	-5.47824350
0.79140207	-1.58806902
0.80605766	-1.22480211
0.82071326	-5.18225039
0.83536885	-4.33360549
0.85002445	-1.27030478
0.86468004	-2.39761129
0.87933563	-6.92432529
0.89399123	-4.97682393
0.90864682	-2.35315656
0.92330241	-3.83140076
0.93795801	-7.23169803
0.95261360	-4.27189820
0.96726920	-2.85554676
0.98192479	-5.97439349
0.99658038	-9.39937382
1.01123598	-6.03438223
1.02589157	-5.18435997
1.04054717	-8.06245864
1.05520276	-8.98285493
1.06985835	-5.44887841
1.08451395	-6.28545065
1.09916954	-11.39974815
1.11382514	-10.09883303
1.12848073	-7.46535115
1.14313632	-8.80541824
1.15779192	-13.02112791
1.17244751	-9.73123788
1.18710310	-7.78895947
1.20175870	-10.79467167
1.21641429	-13.53191436
1.23106989	-11.04052231
1.24572548	-11.35768748
1.26038107	-14.58922506
1.27503667	-14.50561883
1.28969226	-11.48964538
1.30434786	-12.81689694
1.31900345	-16.61098866
1.33365904	-15.05678452
1.34831464	-14.34578907
1.36297023	-17.53353324
1.37762583	-19.39375621
1.39228142	-16.16613033
1.40693701	-16.94776380
1.42159261	-20.34140429
1.43624820	-18.94508110
1.45090379	-17.85864425
1.46555939	-20.44995505
1.48021498	-23.69081373
1.49487058	-21.61236416
1.50952617	-21.07282207
1.52418176	-23.66883426
1.53883736	-24.15409278
1.55349295	-22.72831226
1.56814855	-24.86119839
1.58280414	-28.31489950
1.59745973	-27.83228339
1.61211533	-27.44280459
1.62677092	-29.46718911
1.64142652	-29.43037137
1.65608211	-28.83737256
1.67073770	-32.85830588
1.68539330	-33.26744089
1.70004889	-31.63677957
1.71470448	-34.31246639
1.72936008	-36.28940984
1.74401567	-34.06067070
1.75867127	-33.21596913
1.77332686	-34.96181135
1.78798245	-36.51086705
1.80263805	-36.13653341
1.81729364	-37.20066363
1.83194924	-39.08000399
1.84660483	-38.54825350
1.86126042	-38.85433647
1.87591602	-40.28219084
1.89057161	-40.10866108
1.90522721	-41.32675134
1.91988280	-43.46067920
1.93453839	-43.33418906
1.94919399	-44.02557304
1.96384958	-45.42499676
1.97850517	-45.20322965
1.99316077	-45.63841928
2.00781636	-47.96076400
2.02247196	-50.36638693
2.03712755	-52.14984618
2.05178314	-53.38107758
2.06643874	-55.17954173
2.08109433	-58.31705439
2.09574993	-59.17500248
2.11040552	-62.77185432
2.12506111	-71.87573104
2.13971671	-68.28121261
2.15437230	-63.73335067
2.16902790	-62.96485405
2.18368349	-61.58741060
2.19833908	-59.06067201
2.21299468	-58.36712569
2.22765027	-59.56471057
2.24230586	-59.39241959
2.25696146	-58.13007751
2.27161705	-59.09408904
2.28627265	-60.13072790
2.30092824	-59.64844137
2.31558383	-59.22309474
2.33023943	-59.40415976
2.34489502	-60.90140933
2.35955062	-61.68942306
2.37420621	-62.05128088
2.38886180	-63.52522077
2.40351740	-64.27622912
2.41817299	-64.92986394
2.43282859	-63.56798670
2.44748418	-63.34581830
2.46213977	-65.44042969
2.47679537	-64.28608318
2.49145096	-64.01725179
2.50610655	-64.86820588
2.52076215	-65.84791788
2.53541774	-65.71009985
2.55007334	-63.94464825
2.56472893	-64.58552881
2.57938452	-64.36143417
2.59404012	-63.83585336
2.60869571	-64.12561051
2.62335131	-65.51603556
2.63800690	-65.99149324
2.65266249	-64.69915708
2.66731809	-66.38906112
2.68197368	-64.92234849
2.69662928	-64.86496357
2.71128487	-67.60040399
2.72594046	-67.15145076
2.74059606	-66.39741532
2.75525165	-67.34102557
2.76990724	-68.60464275
2.78456284	-65.45692404
2.79921843	-66.39680212
2.81387403	-66.26388031
2.82852962	-66.06021325
2.84318521	-70.16567861
2.85784081	-66.92415218
2.87249640	-66.70743690
2.88715200	-68.44791143
2.90180759	-65.73461743
2.91646318	-67.08125392
2.93111878	-69.59102682
2.94577437	-69.20282948
2.96042997	-69.36004601
2.97508556	-72.13420432
2.98974115	-77.96042524
3.00439675	-73.53304308
3.01905234	-74.99312073
3.03370793	-76.47117945
3.04836353	-73.22678030
3.06301912	-75.61123592
3.07767472	-71.63229684
3.09233031	-73.48368710
3.10698590	-74.82539351
3.12164150	-70.99673255
3.13629709	-75.36600014
3.15095269	-77.30423104
3.16560828	-73.14994736
3.18026387	-77.72895453
3.19491947	-77.73033163
3.20957506	-77.75137457
3.22423066	-79.16667375
3.23888625	-80.73299405
3.25354184	-83.07916193
3.26819744	-78.73828519
3.28285303	-80.25350676
3.29750862	-72.24646006
3.31216422	-71.42506720
3.32681981	-75.95141010
3.34147541	-76.31790949
3.35613100	-82.28891725
3.37078659	-82.08969460
3.38544219	-79.77478539
3.40009778	-81.46927247
3.41475338	-78.64896418
3.42940897	-80.76720420
3.44406456	-87.96114314
3.45872016	-80.09777167
3.47337575	-99.06149483
3.48803135	-78.45881368
3.50268694	-77.79814405
3.51734253	-81.14752455
3.53199813	-86.28506712
3.54665372	-83.37239192
3.56130931	-76.52532704
3.57596491	-82.32010711
3.59062050	-77.49216222
3.60527610	-76.11810214
3.61993169	-81.73349783
3.63458728	-91.70754343
3.64924288	-84.68152811
3.66389847	-78.46189555
3.67855407	-84.62492352
3.69320966	-75.45545323
3.70786525	-79.76329937
3.72252085	-78.80350917
3.73717644	-75.62672494
3.75183204	-80.16088045
3.76648763	-79.63536361
3.78114322	-87.68701905
3.79579882	-81.10842683
3.81045441	-80.02374067
3.82511000	-80.33407969
3.83976560	-77.72564252
3.85442119	-84.90135879
3.86907679	-77.96995325
3.88373238	-79.05675669
3.89838797	-82.65006915
3.91304357	-89.09537533
3.92769916	-97.41265008
3.94235476	-80.66785401
3.95701035	-75.46466097
3.97166594	-77.93066596
3.98632154	-79.32952246
4.00097713	-77.91177750
4.01563273	-80.06047723
4.03028832	-86.49574313
4.04494391	-87.79882768
4.05959951	-83.06156208
4.07425510	-89.39104992
4.08891069	-97.79984237
4.10356629	-91.44455261
4.11822188	-91.47993346
4.13287748	-83.42969890
4.14753307	-81.37914970
4.16218866	-80.47072462
4.17684426	-92.99578057
4.19149985	-80.79584219
4.20615545	-88.25630983
4.22081104	-80.75415857
4.23546663	-82.60832462
4.25012223	-83.64919801
4.26477782	-79.31608961
4.27943342	-92.98541356
4.29408901	-80.13093562
4.30874460	-89.39547761
4.32340020	-79.81300738
4.33805579	-83.83155570
4.35271138	-87.63148614
4.36736698	-86.46383706
4.38202257	-102.00348809
4.39667817	-81.13557244
4.41133376	-83.69989833
4.42598935	-80.31149880
4.44064495	-78.56418254
4.45530054	-81.03027712
4.46995614	-84.09194381
4.48461173	-83.28630672
4.49926732	-80.31294340
4.51392292	-85.54213201
4.52857851	-78.44502384
4.54323411	-78.33595205
4.55788970	-79.12996646
4.57254529	-83.41367113
4.58720089	-84.22357049
4.60185648	-86.85493262
4.61651207	-80.43432006
4.63116767	-78.12017096
4.64582326	-86.04092436
4.66047886	-81.24397045
4.67513445	-79.83944287
4.68979004	-82.19856366
4.70444564	-80.82711182
4.71910123	-84.49431242
4.73375683	-83.89996038
4.74841242	-79.05823507
4.76306801	-80.77228800
4.77772361	-88.81251228
4.79237920	-83.41405728
4.80703480	-84.90624498
4.82169039	-81.13537813
4.83634598	-95.89502461
4.85100158	-81.78088151
4.86565717	-84.76534626
4.88031276	-96.07793060
4.89496836	-87.72282635
4.90962395	-75.99167983
4.92427955	-75.06020737
4.93893514	-86.65330119
4.95359073	-85.59658377
4.96824633	-87.17275127
4.98290192	-85.83374833
4.99755752	-93.46565428
5.01221311	-86.44688967
5.02686870	-91.96415761
5.04152430	-78.53150785
5.05617989	-76.47685411
5.07083548	-78.62888079
5.08549108	-80.50061402
5.10014667	-80.70201387
5.11480227	-84.70394267
5.12945786	-89.37831042
5.14411345	-82.51058474
5.15876905	-78.82824213
5.17342464	-78.24715703
5.18808024	-83.62284200
5.20273583	-77.07621912
5.21739142	-82.63008892
5.23204702	-80.24117375
5.24670261	-85.22233965
5.26135821	-91.50749372
5.27601380	-86.59647042
5.29066939	-87.22948727
5.30532499	-105.17720377
5.31998058	-89.58746013
5.33463617	-94.11747059
5.34929177	-87.41674506
5.36394736	-90.79588153
5.37860296	-87.54379363
5.39325855	-88.77120463
5.40791414	-97.88284738
5.42256974	-86.06983016
5.43722533	-87.10567694
5.45188093	-78.47995420
5.46653652	-78.63579730
5.48119211	-82.13422685
5.49584771	-80.12902395
5.51050330	-88.75074465
5.52515890	-87.44005851
5.53981449	-75.87821592
5.55447008	-81.46776753
5.56912568	-78.97617052
5.58378127	-81.45911841
5.59843686	-82.96448742
5.61309246	-88.79240449
5.62774805	-77.20404744
5.64240365	-81.38818090
5.65705924	-83.95999394
5.67171483	-90.65138064
5.68637043	-86.15402941
5.70102602	-87.06144459
5.71568162	-88.45586553
5.73033721	-81.23144400
5.74499280	-83.73044730
5.75964840	-87.49507137
5.77430399	-86.96472887
5.78895959	-76.40660986
5.80361518	-78.44819566
5.81827077	-87.67293901
5.83292637	-81.24414657
5.84758196	-79.07950244
5.86223755	-82.93506915
5.87689315	-84.59883188
5.89154874	-88.28829345
5.90620434	-78.13965465
5.92085993	-79.96144495
5.93551552	-85.31720279
5.95017112	-89.14315726
5.96482671	-78.51252619
5.97948231	-79.89864995
5.99413790	-84.59605861
6.00879349	-87.15864367
6.02344909	-86.56199508
6.03810468	-88.09418047
6.05276028	-85.04897130
6.06741587	-96.16054614
6.08207146	-91.77443413
6.09672706	-81.95612260
6.11138265	-84.58744064
6.12603824	-83.23841487
6.14069384	-84.22724341
6.15534943	-83.61505660
6.17000503	-80.18115672
6.18466062	-82.25960920
6.19931621	-80.46075839
6.21397181	-79.49002905
6.22862740	-82.61195633
6.24328300	-82.30907964
6.25793859	-94.84127774
6.27259418	-88.85619973
6.28724978	-86.47008764
6.30190537	-83.68252725
6.31656097	-109.27928594
6.33121656	-82.71384449
6.34587215	-81.81319544
6.36052775	-81.76299790
6.37518334	-72.39419154
6.38983893	-76.56613687
6.40449453	-77.80057598
6.41915012	-75.45599519
6.43380572	-84.88983984
6.44846131	-78.34331441
6.46311690	-79.11003644
6.47777250	-92.78258743
6.49242809	-80.48262427
6.50708369	-80.91067606
6.52173928	-76.07752645
6.53639487	-76.09512342
6.55105047	-79.45310842
6.56570606	-88.90217158
6.58036166	-78.08503151
6.59501725	-78.11368615
6.60967284	-78.67540125
6.62432844	-75.79084991
6.63898403	-79.39722739
6.65363962	-73.07595671
6.66829522	-75.25720359
6.68295081	-82.82549016
6.69760641	-85.19668480
6.71226200	-85.95662911
6.72691759	-76.31612425
6.74157319	-76.46140095
6.75622878	-73.89209806
6.77088438	-77.29119963
6.78553997	-73.98084480
6.80019556	-77.11964312
6.81485116	-77.32906530
6.82950675	-73.27753063
6.84416235	-79.17750722
6.85881794	-82.10152873
6.87347353	-76.77511728
6.88812913	-93.48464881
6.90278472	-76.37347341
6.91744031	-77.91765121
6.93209591	-87.22872201
6.94675150	-84.41977198
6.96140710	-84.48433740
6.97606269	-83.16182038
6.99071828	-78.17565799
7.00537388	-87.71187987
7.02002947	-82.20509795
7.03468507	-84.97399274
7.04934066	-75.87581510
7.06399625	-78.95336584
7.07865185	-86.52890083
7.09330744	-97.91502492
7.10796304	-93.10292943
7.12261863	-95.45450517
7.13727422	-82.55640399
7.15192982	-81.10868119
7.16658541	-85.01848583
7.18124100	-89.44900795
7.19589660	-89.56427125
7.21055219	-80.58489795
7.22520779	-79.04160708
7.23986338	-87.82349624
7.25451897	-91.80768400
7.26917457	-86.89911221
7.28383016	-89.21618473
7.29848576	-81.13850464
7.31314135	-88.73582941
7.32779694	-88.91315302
7.34245254	-92.10148536
7.35710813	-88.42329900
7.37176373	-87.09893706
7.38641932	-87.37707700
7.40107491	-82.53980137
7.41573051	-81.02628751
7.43038610	-84.78512527
7.44504169	-83.10374972
7.45969729	-85.66948861
7.47435288	-93.76389748
7.48900848	-87.08607432
7.50366407	-80.60396702
7.51831966	-84.23689039
7.53297526	-91.62626372
7.54763085	-86.88638222
7.56228645	-84.36992618
7.57694204	-90.50715534
7.59159763	-91.47418624
7.60625323	-83.10320690
7.62090882	-80.69041580
7.63556442	-83.77131319
7.65022001	-86.12142514
7.66487560	-88.09936293
7.67953120	-92.08123100
7.69418679	-94.30239011
7.70884238	-80.01003114
7.72349798	-78.46661013
7.73815357	-82.73789442
7.75280917	-80.04513699
7.76746476	-78.19217033
7.78212035	-79.39880429
7.79677595	-83.64501568
7.81143154	-83.12820449
7.82608714	-81.16772129
7.84074273	-85.86590496
7.85539832	-87.61584961
7.87005392	-87.88464155
7.88470951	-85.77364261
7.89936511	-82.42667474
7.91402070	-92.31320541
7.92867629	-90.90870360
7.94333189	-81.56663081
7.95798748	-78.48649216
7.97264307	-81.46590002
7.98729867	-82.39241167
8.00195426	-77.93888242
8.01660986	-81.48212681
8.03126545	-84.72844930
8.04592104	-85.68741324
8.06057664	-79.69176539
8.07523223	-82.92132332
8.08988783	-81.52774320
8.10454342	-78.71947348
8.11919901	-86.50296134
8.13385461	-84.50651360
8.14851020	-77.46947412
8.16316580	-76.69540421
8.17782139	-83.57863906
8.19247698	-78.55314809
8.20713258	-80.59919710
8.22178817	-84.04908698
8.23644376	-79.60402573
8.25109936	-79.17820158
8.26575495	-80.15642537
8.28041055	-84.48780589
8.29506614	-78.51122987
8.30972173	-77.62809596
8.32437733	-79.92055272
8.33903292	-77.82458256
8.35368852	-79.05291875
8.36834411	-80.88594433
8.38299970	-83.19511633
8.39765530	-78.39468125
8.41231089	-75.93573316
8.42696649	-77.91257135
8.44162208	-82.04578117
8.45627767	-77.22833955
8.47093327	-82.13045571
8.48558886	-82.69012908
8.50024445	-80.68751953
8.51490005	-81.46709139
8.52955564	-83.80957684
8.54421124	-86.90375290
8.55886683	-79.13465429
8.57352242	-81.19035376
8.58817802	-89.36365523
8.60283361	-82.09939420
8.61748921	-89.67296597
8.63214480	-81.82361902
8.64680039	-78.55501912
8.66145599	-81.40618788
8.67611158	-79.13114893
8.69076718	-76.91086253
8.70542277	-87.16011967
8.72007836	-82.02038933
8.73473396	-84.56101309
8.74938955	-86.68562449
8.76404514	-81.99433929
8.77870074	-84.37003957
8.79335633	-91.51747599
8.80801193	-81.71202914
8.82266752	-85.41267427
8.83732311	-84.63134147
8.85197871	-82.28484848
8.86663430	-79.38657473
8.88128990	-81.88109464
8.89594549	-87.76055709
8.91060108	-95.33058263
8.92525668	-87.18990199
8.93991227	-83.65802318
8.95456787	-84.34349757
8.96922346	-82.64020825
8.98387905	-75.29630790
8.99853465	-79.94644615
9.01319024	-87.59639799
9.02784583	-81.88716122
9.04250143	-81.19100757
9.05715702	-80.13015023
9.07181262	-85.93086329
9.08646821	-84.63385427
9.10112380	-80.37684716
9.11577940	-86.87998984
9.13043499	-92.66486947
9.14509059	-95.39554873
9.15974618	-84.02697349
9.17440177	-82.20600253
9.18905737	-92.19892876
9.20371296	-89.63278317
9.21836856	-82.10685967
9.23302415	-80.32900463
9.24767974	-96.04182437
9.26233534	-84.05737626
9.27699093	-83.57579351
9.29164652	-99.65683444
9.30630212	-80.04241550
9.32095771	-79.37830195
9.33561331	-94.05472771
9.35026890	-80.60164341
9.36492449	-83.82105257
9.37958009	-85.20908491
9.39423568	-78.16030081
9.40889128	-76.69029181
9.42354687	-75.55697581
9.43820246	-81.29243297
9.45285806	-88.68724353
9.46751365	-77.00720763
9.48216925	-75.81605069
9.49682484	-99.12506596
9.51148043	-80.37635476
9.52613603	-92.73052965
9.54079162	-81.03672526
9.55544721	-85.93004509
9.57010281	-79.98546932
9.58475840	-82.91924619
9.59941400	-85.03746014
9.61406959	-105.64245590
9.62872518	-81.13062317
9.64338078	-79.96269466
9.65803637	-82.83769287
9.67269197	-84.71403332
9.68734756	-89.12484562
9.70200315	-84.74192945
9.71665875	-82.17190660
9.73131434	-90.13674619
9.74596994	-91.42425383
9.76062553	-95.59410882
9.77528112	-90.09017585
9.78993672	-81.70244691
9.80459231	-77.25104380
9.81924790	-82.57977180
9.83390350	-88.34808495
9.84855909	-81.91587900
9.86321469	-88.72812828
9.87787028	-91.68326419
9.89252587	-88.25040731
9.90718147	-101.87744082
9.92183706	-94.36773480
9.93649266	-85.52395920
9.95114825	-83.73822686
9.96580384	-91.77258751
9.98045944	-81.96891620
9.99511503	-87.12561353
10.00977063	-85.13291886
10.02442622	-85.78052529
10.03908181	-84.07316497
10.05373741	-84.53181901
10.06839300	-83.04943942
10.08304859	-77.99757295
10.09770419	-78.29012921
10.11235978	-87.11681939
10.12701538	-86.51225246
10.14167097	-85.16527591
10.15632656	-84.69732113
10.17098216	-83.38129800
10.18563775	-88.34900869
10.20029335	-82.11844015
10.21494894	-107.91327842
10.22960453	-90.25429628
10.24426013	-82.05456046
10.25891572	-79.48728270
10.27357131	-89.91967991
10.28822691	-86.04417822
10.30288250	-86.98161601
10.31753810	-80.31519730
10.33219369	-93.22242343
10.34684928	-81.92574227
10.36150488	-87.37127997
10.37616047	-86.07208692
10.39081607	-82.11434566
10.40547166	-77.10699591
10.42012725	-76.60246942
10.43478285	-82.82521747
10.44943844	-82.75614830
10.46409404	-77.77444360
10.47874963	-88.04998842
10.49340522	-75.68100277
10.50806082	-77.76084063
10.52271641	-94.56299468
10.53737200	-81.57411518
10.55202760	-88.69029394
10.56668319	-91.57248680
10.58133879	-88.91370174
10.59599438	-84.54918972
10.61064997	-81.32334132
10.62530557	-80.60634140
10.63996116	-84.56320849
10.65461676	-84.07657132
10.66927235	-86.08514857
10.68392794	-77.35157008
10.69858354	-86.54503471
10.71323913	-82.61983294
10.72789473	-81.23606680
10.74255032	-81.58333865
10.75720591	-85.15044879
10.77186151	-86.31181670
10.78651710	-84.75285961
10.80117269	-87.65016809
10.81582829	-87.61787105
10.83048388	-87.03817596
10.84513948	-82.63916904
10.85979507	-84.43222879
10.87445066	-82.17210157
10.88910626	-79.59979225
10.90376185	-81.31077653
10.91841745	-86.22673142
10.93307304	-85.09032700
10.94772863	-77.98147226
10.96238423	-78.94929858
10.97703982	-80.97903255
10.99169542	-86.47151620
11.00635101	-81.15808825
11.02100660	-83.19488575
11.03566220	-89.56272250
11.05031779	-94.10024409
11.06497338	-97.27849374
11.07962898	-86.69913834
11.09428457	-85.15636059
11.10894017	-87.04159039
11.12359576	-84.69667221
11.13825135	-78.23030129
11.15290695	-81.88853714
11.16756254	-94.74335623
11.18221814	-99.77643910
11.19687373	-83.65052732
11.21152932	-86.52306569
11.22618492	-87.83012262
11.24084051	-81.88674313
11.25549611	-84.01996588
11.27015170	-90.15656391
11.28480729	-83.28422596
11.29946289	-82.85985590
11.31411848	-80.08587644
11.32877407	-81.36228703
11.34342967	-93.08881785
11.35808526	-89.31145467
11.37274086	-82.39572877
11.38739645	-82.94348960
11.40205204	-86.61401492
11.41670764	-86.12057813
11.43136323	-84.42622559
11.44601883	-80.06085785
11.46067442	-79.71717752
11.47533001	-82.64889638
11.48998561	-80.00430011
11.50464120	-84.26128291
11.51929680	-90.38700080
11.53395239	-92.56511346
11.54860798	-84.54530113
11.56326358	-81.43895303
11.57791917	-85.36684164
11.59257476	-84.12492575
11.60723036	-80.65173743
11.62188595	-92.60445807
11.63654155	-83.37473538
11.65119714	-83.89673826
11.66585273	-84.26426911
11.68050833	-82.75685162
11.69516392	-86.64276969
11.70981952	-84.24332199
11.72447511	-88.75883689
11.73913070	-80.39044033
11.75378630	-88.51896127
11.76844189	-84.89926901
11.78309749	-79.98551512
11.79775308	-85.00921994
11.81240867	-94.96384224
11.82706427	-93.80692212
11.84171986	-88.10861498
11.85637545	-82.23854343
11.87103105	-77.79942789
11.88568664	-80.26764205
11.90034224	-98.81969926
11.91499783	-84.38202754
11.92965342	-87.10157113
11.94430902	-86.72492441
11.95896461	-80.81157109
11.97362021	-79.76030952
11.98827580	-81.10728262
12.00293139	-84.39243260
12.01758699	-80.92998469
12.03224258	-89.55067919
12.04689818	-76.70501984
12.06155377	-78.94386542
12.07620936	-86.88602006
12.09086496	-85.23162597
12.10552055	-78.17293841
12.12017614	-86.81886695
12.13483174	-86.69983771
12.14948733	-84.43424083
12.16414293	-79.49478787
12.17879852	-84.56800117
12.19345411	-100.86722048
12.20810971	-81.52997112
12.22276530	-79.18700360
12.23742090	-103.72576556
12.25207649	-79.09373390
12.26673208	-80.47552765
12.28138768	-90.52777604
12.29604327	-90.80288628
12.31069887	-88.82835117
12.32535446	-97.24951772
12.34001005	-85.27222352
12.35466565	-88.20070686
12.36932124	-82.55499863
12.38397683	-79.88730485
12.39863243	-81.98333950
12.41328802	-82.72251379
12.42794362	-96.45491311
12.44259921	-85.77425243
12.45725480	-83.31292571
12.47191040	-81.76279658
12.48656599	-84.71094953
12.50122159	-87.57345179
12.51587718	-80.92787727
12.53053277	-81.19371278
12.54518837	-96.41657271
12.55984396	-83.86134791
12.57449956	-80.98491813
12.58915515	-78.50925223
12.60381074	-84.83639749
12.61846634	-84.04962971
12.63312193	-82.52329593
12.64777752	-78.25459326
12.66243312	-79.94299102
12.67708871	-90.68424884
12.69174431	-89.12756578
12.70639990	-87.49089469
12.72105549	-90.55272412
12.73571109	-82.21282964
12.75036668	-80.76466119
12.76502228	-92.45888415
12.77967787	-81.12909819
12.79433346	-83.46742128
12.80898906	-94.04439365
12.82364465	-89.89833300
12.83830025	-83.82258512
12.85295584	-80.96016392
12.86761143	-85.18682591
12.88226703	-86.45233878
12.89692262	-91.12441747
12.91157821	-82.27698413
12.92623381	-79.86782273
12.94088940	-85.33129848
12.95554500	-88.40830166
12.97020059	-82.25318338
12.98485618	-77.34055984
12.99951178	-84.17544076
13.01416737	-84.42247737
13.02882297	-84.86108560
13.04347856	-85.99614840
13.05813415	-86.91361767
13.07278975	-82.30542216
13.08744534	-80.07582621
13.10210094	-81.86200564
13.11675653	-82.60132954
13.13141212	-85.24071385
13.14606772	-97.35775842
13.16072331	-88.44514255
13.17537890	-99.92011484
13.19003450	-87.55570394
13.20469009	-88.59142462
13.21934569	-92.69594948
13.23400128	-86.14318708
13.24865687	-85.06160496
13.26331247	-85.03259411
13.27796806	-85.99477210
13.29262366	-86.17179746
13.30727925	-82.63482738
13.32193484	-81.59724195
13.33659044	-86.47741526
13.35124603	-82.09205488
13.36590163	-89.69053302
13.38055722	-86.32086013
13.39521281	-81.37993601
13.40986841	-82.28594780
13.42452400	-84.97203526
13.43917959	-88.96222886
13.45383519	-86.40244581
13.46849078	-84.17683933
13.48314638	-90.66283733
13.49780197	-83.88807025
13.51245756	-80.40033182
13.52711316	-81.50126201
13.54176875	-85.38648135
13.55642435	-83.97908200
13.57107994	-83.30675783
13.58573553	-83.58563084
13.60039113	-94.08136388
13.61504672	-90.46877568
13.62970232	-84.63951301
13.64435791	-85.67631976
13.65901350	-84.56185737
13.67366910	-89.70320968
13.68832469	-98.64095510
13.70298028	-85.84825671
13.71763588	-82.06542450
13.73229147	-86.81931628
13.74694707	-90.34410026
13.76160266	-90.16398699
13.77625825	-80.96878629
13.79091385	-79.61123723
13.80556944	-84.11203286
13.82022504	-88.38243269
13.83488063	-82.85744886
13.84953622	-82.80578985
13.86419182	-102.90746287
13.87884741	-87.22560742
13.89350301	-81.64933457
13.90815860	-85.80990268
13.92281419	-78.22090024
13.93746979	-85.38797638
13.95212538	-81.02180739
13.96678097	-80.37242854
13.98143657	-84.46411063
13.99609216	-90.42707743
14.01074776	-85.18578456
14.02540335	-103.52576361
14.04005894	-88.82985205
14.05471454	-95.81182850
14.06937013	-88.50587381
14.08402573	-107.03198148
14.09868132	-82.86498350
14.11333691	-79.14319453
14.12799251	-85.18361996
14.14264810	-86.66547922
14.15730370	-84.85561349
14.17195929	-86.71631753
14.18661488	-96.36281356
14.20127048	-89.37300327
14.21592607	-84.10054200
14.23058166	-88.54892093
14.24523726	-90.64815929
14.25989285	-102.22015301
14.27454845	-85.82556736
14.28920404	-94.99631628
14.30385963	-87.24515398
14.31851523	-86.74066251
14.33317082	-91.00769779
14.34782642	-89.37464211
14.36248201	-85.35555051
14.37713760	-96.68517866
14.39179320	-84.50206074
14.40644879	-82.31626748
14.42110439	-83.25723340
14.43575998	-88.32196779
14.45041557	-85.84061810
14.46507117	-82.59280196
14.47972676	-84.79672891
14.49438235	-87.00368106
14.50903795	-82.95165277
14.52369354	-80.95918546
14.53834914	-75.83567128
14.55300473	-81.02621013
14.56766032	-95.11349656
14.58231592	-95.25341554
14.59697151	-86.42693020
14.61162711	-79.98797812
14.62628270	-79.75106024
14.64093829	-81.60105267
14.65559389	-84.65905398
14.67024948	-77.70382418
14.68490508	-79.28563176
14.69956067	-87.83215091
14.71421626	-85.76704600
14.72887186	-84.83625795
14.74352745	-96.05522419
14.75818304	-82.65286934
14.77283864	-82.72800691
14.78749423	-81.18940762
14.80214983	-80.33895841
14.81680542	-92.54185810
14.83146101	-85.50794158
14.84611661	-94.28476874
14.86077220	-89.46405736
14.87542780	-89.05879908
14.89008339	-90.17299727
14.90473898	-92.07468261
14.91939458	-99.01356857
14.93405017	-80.92006080
14.94870577	-79.89735147
14.96336136	-85.72760845
14.97801695	-83.86544041
14.99267255	-81.81007154
