# Menlo Systems GmbH ScanControl
# Program Version 1.7.0+git.a90605a3
# Start: -402.50000000 ps, Average over 1000 waveforms. Timestamp: 2024-05-06T13:58:51
# Window type: Tukey, parameters: alpha = 0.1
# User time axis shift: 0 ps
# Time axis offset: 0 ps
# Frequency [THz]	THz Signal [a.u.]
0.00000000	-19.73439570
0.01465550	-24.19466559
0.02931100	-39.55007560
0.04396650	-31.42356696
0.05862201	-38.86824989
0.07327751	-34.91723814
0.08793301	-41.91840465
0.10258851	-39.39231326
0.11724401	-38.08461757
0.13189951	-30.99455755
0.14655502	-38.37766916
0.16121052	-32.02806482
0.17586602	-25.12303727
0.19052152	-23.38253722
0.20517702	-29.16550097
0.21983252	-18.54664630
0.23448803	-16.08822614
0.24914353	-18.84044910
0.26379903	-21.18689329
0.27845453	-15.15515566
0.29311003	-13.19408098
0.30776553	-16.67324346
0.32242103	-15.78761280
0.33707654	-9.80920381
0.35173204	-8.46303912
0.36638754	-12.97406252
0.38104304	-11.37120980
0.39569854	-6.75268685
0.41035404	-6.53616063
0.42500955	-10.55345062
0.43966505	-7.76117983
0.45432055	-3.16189062
0.46897605	-3.53712067
0.48363155	-7.75422423
0.49828705	-5.07995328
0.51294255	-1.91638192
0.52759806	-3.26095797
0.54225356	-7.23726463
0.55690906	-3.66255579
0.57156456	-0.25046500
0.58622006	-1.59752808
0.60087556	-5.81630092
0.61553107	-1.69534735
0.63018657	-0.20831918
0.64484207	-2.75701903
0.65949757	-5.99290023
0.67415307	-1.35827796
0.68880857	0.00000000
0.70346408	-2.80923515
0.71811958	-4.95894341
0.73277508	-0.98253402
0.74743058	-0.81423773
0.76208608	-4.77584970
0.77674158	-5.42847881
0.79139708	-1.57491720
0.80605259	-1.24639089
0.82070809	-5.20683678
0.83536359	-4.27696988
0.85001909	-1.25894002
0.86467459	-2.41409435
0.87933009	-6.91657167
0.89398560	-4.93399321
0.90864110	-2.35156134
0.92329660	-3.84710253
0.93795210	-7.21657546
0.95260760	-4.24091450
0.96726310	-2.86279751
0.98191860	-6.01141276
0.99657411	-9.34009007
1.01122961	-6.02333063
1.02588511	-5.21453973
1.04054061	-8.10891317
1.05519611	-8.95062823
1.06985161	-5.45065750
1.08450712	-6.31524869
1.09916262	-11.43414860
1.11381812	-10.11341408
1.12847362	-7.49832689
1.14312912	-8.84638930
1.15778462	-13.04163618
1.17244013	-9.73946846
1.18709563	-7.82324453
1.20175113	-10.87212827
1.21640663	-13.51798277
1.23106213	-11.05287392
1.24571763	-11.40995519
1.26037313	-14.62120103
1.27502864	-14.48481652
1.28968414	-11.51858092
1.30433964	-12.87543660
1.31899514	-16.58011949
1.33365064	-15.06355702
1.34830614	-14.39350191
1.36296165	-17.56909465
1.37761715	-19.34204417
1.39227265	-16.14879204
1.40692815	-16.97369993
1.42158365	-20.38020360
1.43623915	-18.91859633
1.45089465	-17.85276928
1.46555016	-20.48014368
1.48020566	-23.63793594
1.49486116	-21.59532589
1.50951666	-21.12039931
1.52417216	-23.69462841
1.53882766	-24.08760580
1.55348317	-22.75164564
1.56813867	-24.95390539
1.58279417	-28.36107654
1.59744967	-27.89407431
1.61210517	-27.51188895
1.62676067	-29.47624963
1.64141618	-29.45951305
1.65607168	-28.95574130
1.67072718	-33.02601882
1.68538268	-33.32387287
1.70003818	-31.72542270
1.71469368	-34.41165610
1.72934918	-36.47910172
1.74400469	-34.22195910
1.75866019	-33.34690378
1.77331569	-35.09452815
1.78797119	-36.61306841
1.80262669	-36.33315408
1.81728219	-37.42174699
1.83193770	-39.16148068
1.84659320	-38.57873696
1.86124870	-38.88792659
1.87590420	-40.40670577
1.89055970	-40.07314691
1.90521520	-41.20501280
1.91987070	-43.46587006
1.93452621	-43.19410396
1.94918171	-43.94197349
1.96383721	-45.40182787
1.97849271	-45.21053838
1.99314821	-45.64611760
2.00780371	-47.80867860
2.02245922	-49.86049800
2.03711472	-51.51578336
2.05177022	-53.09804673
2.06642572	-54.83237200
2.08108122	-57.84723459
2.09573672	-58.48947266
2.11039223	-62.37832554
2.12504773	-73.77262938
2.13970323	-67.43660401
2.15435873	-62.90369335
2.16901423	-64.64637966
2.18366973	-62.33959534
2.19832523	-59.29276010
2.21298074	-59.35824331
2.22763624	-59.82266093
2.24229174	-59.46718167
2.25694724	-58.09974356
2.27160274	-59.15726851
2.28625824	-60.10771544
2.30091375	-59.12670976
2.31556925	-59.27887535
2.33022475	-59.37785053
2.34488025	-60.49091941
2.35953575	-61.35408274
2.37419125	-61.21844845
2.38884675	-62.66781903
2.40350226	-65.54342411
2.41815776	-65.50073638
2.43281326	-64.09931906
2.44746876	-65.01374540
2.46212426	-64.45894287
2.47677976	-63.19745328
2.49143527	-63.00430529
2.50609077	-63.59916633
2.52074627	-64.02318690
2.53540177	-64.54886497
2.55005727	-67.34663027
2.56471277	-66.98634420
2.57936828	-65.70165695
2.59402378	-65.55539487
2.60867928	-65.87721666
2.62333478	-66.24412254
2.63799028	-65.46806733
2.65264578	-65.56965357
2.66730128	-66.80626330
2.68195679	-67.93978481
2.69661229	-64.58494894
2.71126779	-64.24799157
2.72592329	-65.36938980
2.74057879	-64.59647217
2.75523429	-66.03668943
2.76988980	-66.52516440
2.78454530	-67.09205112
2.79920080	-67.02696776
2.81385630	-66.47092378
2.82851180	-67.86230940
2.84316730	-68.01603493
2.85782280	-69.55802795
2.87247831	-67.87967441
2.88713381	-68.11140836
2.90178931	-69.93726362
2.91644481	-67.84378526
2.93110031	-68.68883022
2.94575581	-69.01934621
2.96041132	-68.52881198
2.97506682	-70.63014999
2.98972232	-70.05671998
3.00437782	-68.60849800
3.01903332	-69.16875084
3.03368882	-74.36736045
3.04834433	-70.94020408
3.06299983	-69.96918373
3.07765533	-75.72875399
3.09231083	-77.75443860
3.10696633	-81.42647502
3.12162183	-77.28757118
3.13627733	-74.31114292
3.15093284	-72.95400782
3.16558834	-74.66658834
3.18024384	-75.87554235
3.19489934	-74.12695626
3.20955484	-81.71855841
3.22421034	-75.47293292
3.23886585	-78.06350192
3.25352135	-78.13697254
3.26817685	-78.92378804
3.28283235	-78.33540521
3.29748785	-74.85808263
3.31214335	-81.73385818
3.32679885	-78.10487232
3.34145436	-77.82064932
3.35610986	-89.37412800
3.37076536	-82.00738441
3.38542086	-77.95639102
3.40007636	-85.51694558
3.41473186	-77.37414157
3.42938737	-74.38489082
3.44404287	-77.54395141
3.45869837	-81.19745643
3.47335387	-84.80944120
3.48800937	-81.06663728
3.50266487	-77.14278982
3.51732038	-78.81650499
3.53197588	-96.39523708
3.54663138	-82.18804040
3.56128688	-87.78063677
3.57594238	-79.00245751
3.59059788	-80.24718223
3.60525338	-91.22604589
3.61990889	-80.73165042
3.63456439	-84.06034888
3.64921989	-85.24027308
3.66387539	-80.70293281
3.67853089	-101.68987732
3.69318639	-83.59639001
3.70784190	-92.75437326
3.72249740	-85.73046181
3.73715290	-91.77855562
3.75180840	-93.02941132
3.76646390	-101.70538092
3.78111940	-92.87105703
3.79577490	-81.85036657
3.81043041	-79.73845103
3.82508591	-82.15031718
3.83974141	-84.39745476
3.85439691	-84.97957085
3.86905241	-83.10320617
3.88370791	-87.80208882
3.89836342	-86.00442400
3.91301892	-93.30289961
3.92767442	-82.50350495
3.94232992	-77.35434551
3.95698542	-79.76648074
3.97164092	-93.04300522
3.98629643	-83.70713856
4.00095193	-88.62127055
4.01560743	-87.80095968
4.03026293	-82.95477156
4.04491843	-86.79363714
4.05957393	-82.41858960
4.07422943	-84.23927313
4.08888494	-82.92236516
4.10354044	-77.65266494
4.11819594	-76.77568005
4.13285144	-84.11437874
4.14750694	-84.92327208
4.16216244	-79.07823551
4.17681795	-78.81887964
4.19147345	-78.53497608
4.20612895	-79.27278790
4.22078445	-92.02128799
4.23543995	-87.77990428
4.25009545	-110.29029888
4.26475095	-83.22996333
4.27940646	-83.18955563
4.29406196	-88.22828056
4.30871746	-79.94714838
4.32337296	-82.18726383
4.33802846	-80.15067503
4.35268396	-80.60401560
4.36733947	-79.77139126
4.38199497	-75.58168178
4.39665047	-76.45797068
4.41130597	-88.70060713
4.42596147	-81.05454919
4.44061697	-79.77719599
4.45527248	-78.90764302
4.46992798	-81.99083592
4.48458348	-88.39930237
4.49923898	-94.22827038
4.51389448	-87.07019834
4.52854998	-90.19902515
4.54320548	-89.06235233
4.55786099	-79.90811341
4.57251649	-78.40695100
4.58717199	-89.36886109
4.60182749	-82.38108006
4.61648299	-83.91222347
4.63113849	-93.09738911
4.64579400	-79.51878001
4.66044950	-79.43187398
4.67510500	-80.28605259
4.68976050	-80.18008917
4.70441600	-92.68796917
4.71907150	-84.77369599
4.73372700	-89.35740054
4.74838251	-89.59042642
4.76303801	-86.35098885
4.77769351	-83.81936635
4.79234901	-76.74571577
4.80700451	-76.51581872
4.82166001	-82.18537824
4.83631552	-90.85470613
4.85097102	-83.34978324
4.86562652	-86.08077244
4.88028202	-105.68863177
4.89493752	-86.77302103
4.90959302	-80.15186611
4.92424853	-86.85167656
4.93890403	-78.28908922
4.95355953	-80.22893965
4.96821503	-86.59104607
4.98287053	-78.50262266
4.99752603	-75.06353397
5.01218153	-81.88747931
5.02683704	-80.26817082
5.04149254	-74.23127356
5.05614804	-76.91582529
5.07080354	-87.09933584
5.08545904	-76.59521880
5.10011454	-78.81906872
5.11477005	-87.24603741
5.12942555	-90.20589776
5.14408105	-80.85662867
5.15873655	-77.83828778
5.17339205	-79.97918637
5.18804755	-84.69177465
5.20270305	-85.62869105
5.21735856	-79.89004161
5.23201406	-77.46583683
5.24666956	-97.47540100
5.26132506	-76.95578650
5.27598056	-78.59180414
5.29063606	-85.70721434
5.30529157	-85.99868024
5.31994707	-78.22405761
5.33460257	-82.84596270
5.34925807	-81.05456395
5.36391357	-88.65916996
5.37856907	-84.85690423
5.39322458	-82.32172314
5.40788008	-80.22076653
5.42253558	-87.55472065
5.43719108	-91.42005331
5.45184658	-85.46934242
5.46650208	-81.55130867
5.48115758	-83.82396278
5.49581309	-90.17105322
5.51046859	-80.69833741
5.52512409	-83.42176527
5.53977959	-86.20777017
5.55443509	-81.92495939
5.56909059	-92.53595505
5.58374610	-83.05115675
5.59840160	-87.90193789
5.61305710	-79.47574215
5.62771260	-80.98681181
5.64236810	-82.10463073
5.65702360	-86.54296917
5.67167910	-82.94526571
5.68633461	-82.86845775
5.70099011	-84.12449516
5.71564561	-76.20747432
5.73030111	-81.45334196
5.74495661	-88.20422203
5.75961211	-84.60339911
5.77426762	-78.99721762
5.78892312	-84.21923806
5.80357862	-85.65490884
5.81823412	-85.63229371
5.83288962	-88.52398868
5.84754512	-82.37930031
5.86220063	-98.43239361
5.87685613	-89.48420620
5.89151163	-78.91972102
5.90616713	-84.04907002
5.92082263	-82.09427075
5.93547813	-86.02479761
5.95013363	-81.74600155
5.96478914	-78.89772138
5.97944464	-80.79111953
5.99410014	-90.03650775
6.00875564	-84.79209860
6.02341114	-77.16365794
6.03806664	-79.14367996
6.05272215	-85.25466925
6.06737765	-78.87382607
6.08203315	-89.99457359
6.09668865	-84.20011597
6.11134415	-81.90148381
6.12599965	-82.92258772
6.14065515	-90.36350353
6.15531066	-87.38966909
6.16996616	-89.59319410
6.18462166	-89.16028970
6.19927716	-84.82155442
6.21393266	-99.71765764
6.22858816	-81.82109991
6.24324367	-83.81851030
6.25789917	-81.45400172
6.27255467	-76.29227225
6.28721017	-79.93568886
6.30186567	-85.38402719
6.31652117	-78.87328225
6.33117668	-75.63355923
6.34583218	-74.44931624
6.36048768	-82.13410046
6.37514318	-78.34714205
6.38979868	-81.75171612
6.40445418	-75.23364359
6.41910968	-77.16655291
6.43376519	-84.66935374
6.44842069	-77.79593176
6.46307619	-105.41213242
6.47773169	-75.58781927
6.49238719	-78.15485873
6.50704269	-83.03284044
6.52169820	-77.67123545
6.53635370	-81.84992033
6.55100920	-102.50115473
6.56566470	-80.27011073
6.58032020	-73.50256812
6.59497570	-74.18475018
6.60963120	-75.82738003
6.62428671	-72.56597597
6.63894221	-74.45221567
6.65359771	-76.68660472
6.66825321	-77.38580928
6.68290871	-77.95009457
6.69756421	-74.42438987
6.71221972	-75.67514374
6.72687522	-77.57705983
6.74153072	-81.08692077
6.75618622	-80.03836199
6.77084172	-74.57359272
6.78549722	-77.65957561
6.80015273	-77.54413429
6.81480823	-77.74481179
6.82946373	-79.42230544
6.84411923	-74.56285493
6.85877473	-83.23881872
6.87343023	-73.97139593
6.88808573	-76.52463001
6.90274124	-111.32142405
6.91739674	-83.40319265
6.93205224	-81.45108898
6.94670774	-86.63457276
6.96136324	-89.66893723
6.97601874	-90.34231819
6.99067425	-94.80194962
7.00532975	-98.52324227
7.01998525	-91.78492932
7.03464075	-80.45498686
7.04929625	-80.55863308
7.06395175	-82.31518367
7.07860725	-84.92851670
7.09326276	-85.91006647
7.10791826	-82.27224646
7.12257376	-82.17344155
7.13722926	-83.95574346
7.15188476	-85.86985022
7.16654026	-77.36488503
7.18119577	-78.40157315
7.19585127	-93.22717615
7.21050677	-94.16804010
7.22516227	-106.81770961
7.23981777	-90.10043163
7.25447327	-82.50298452
7.26912878	-90.86490873
7.28378428	-85.51004673
7.29843978	-83.93864117
7.31309528	-87.13016007
7.32775078	-81.70580648
7.34240628	-79.52888527
7.35706178	-83.29243010
7.37171729	-81.55591397
7.38637279	-80.89980224
7.40102829	-86.37553101
7.41568379	-94.11404433
7.43033929	-85.90252093
7.44499479	-92.67255520
7.45965030	-83.83205885
7.47430580	-80.87135297
7.48896130	-81.22867905
7.50361680	-81.01635174
7.51827230	-84.72895498
7.53292780	-91.06249657
7.54758330	-100.90698719
7.56223881	-91.17655923
7.57689431	-86.62078394
7.59154981	-78.54452557
7.60620531	-84.02286286
7.62086081	-87.57387877
7.63551631	-87.13541772
7.65017182	-78.70831855
7.66482732	-80.13034323
7.67948282	-81.70031598
7.69413832	-90.83012633
7.70879382	-87.11519313
7.72344932	-94.15504646
7.73810483	-79.52028510
7.75276033	-78.54195354
7.76741583	-91.76146483
7.78207133	-79.95368058
7.79672683	-81.07548860
7.81138233	-86.91311756
7.82603783	-94.33066812
7.84069334	-80.83209719
7.85534884	-91.54909266
7.87000434	-77.51873699
7.88465984	-87.59137877
7.89931534	-78.15930425
7.91397084	-82.60798549
7.92862635	-82.84257846
7.94328185	-79.14896288
7.95793735	-80.45934144
7.97259285	-89.79147900
7.98724835	-82.09873525
8.00190385	-78.70909110
8.01655935	-77.20822230
8.03121486	-79.16389904
8.04587036	-80.98686727
8.06052586	-75.33408170
8.07518136	-77.03448566
8.08983686	-81.45881373
8.10449236	-81.12093900
8.11914787	-77.91509999
8.13380337	-79.86528096
8.14845887	-76.30645787
8.16311437	-75.17825231
8.17776987	-78.73362328
8.19242537	-75.18971850
8.20708088	-80.67763957
8.22173638	-76.71187678
8.23639188	-76.26877606
8.25104738	-79.70678026
8.26570288	-79.10660068
8.28035838	-76.34474053
8.29501388	-76.92261427
8.30966939	-89.36058890
8.32432489	-74.51815009
8.33898039	-75.78296475
8.35363589	-77.61835872
8.36829139	-78.02323582
8.38294689	-90.04373816
8.39760240	-81.97122631
8.41225790	-82.04686108
8.42691340	-80.09852747
8.44156890	-76.79956255
8.45622440	-78.99862337
8.47087990	-73.22218853
8.48553540	-73.58851843
8.50019091	-89.22454275
8.51484641	-79.62256804
8.52950191	-79.11663817
8.54415741	-81.33437482
8.55881291	-87.10136829
8.57346841	-81.17417202
8.58812392	-75.91408100
8.60277942	-77.33544734
8.61743492	-83.65352653
8.63209042	-79.08644929
8.64674592	-85.76782507
8.66140142	-86.86269744
8.67605693	-85.42249138
8.69071243	-79.61336887
8.70536793	-75.33534352
8.72002343	-78.59899962
8.73467893	-95.93752416
8.74933443	-83.76786000
8.76398993	-88.23408024
8.77864544	-84.86832112
8.79330094	-83.45759442
8.80795644	-80.81065084
8.82261194	-85.14407217
8.83726744	-81.99074581
8.85192294	-85.93455395
8.86657845	-75.86947948
8.88123395	-79.87672663
8.89588945	-89.55040230
8.91054495	-83.70799292
8.92520045	-88.50924052
8.93985595	-78.58201034
8.95451145	-76.78898912
8.96916696	-85.51674685
8.98382246	-85.27472724
8.99847796	-82.89243552
9.01313346	-86.05508954
9.02778896	-84.32539720
9.04244446	-81.60651551
9.05709997	-85.09347310
9.07175547	-95.04470779
9.08641097	-83.72040722
9.10106647	-84.48862221
9.11572197	-79.04206192
9.13037747	-92.18176970
9.14503298	-80.40695429
9.15968848	-88.33286934
9.17434398	-82.08784769
9.18899948	-83.98701289
9.20365498	-80.74154211
9.21831048	-81.03358509
9.23296598	-84.74114007
9.24762149	-86.66364376
9.26227699	-84.02299888
9.27693249	-81.19561553
9.29158799	-85.69828654
9.30624349	-83.70037240
9.32089899	-82.12056500
9.33555450	-80.10641424
9.35021000	-83.27910994
9.36486550	-81.72899861
9.37952100	-77.18470440
9.39417650	-76.13881087
9.40883200	-78.33259476
9.42348750	-82.28293147
9.43814301	-88.22925379
9.45279851	-77.91148888
9.46745401	-83.30721666
9.48210951	-83.93850731
9.49676501	-83.77096522
9.51142051	-85.77133755
9.52607602	-80.28916258
9.54073152	-79.96197064
9.55538702	-83.57153927
9.57004252	-86.67339282
9.58469802	-95.24068467
9.59935352	-88.58927370
9.61400903	-84.61027973
9.62866453	-81.23405899
9.64332003	-84.84852193
9.65797553	-84.21007085
9.67263103	-86.37491200
9.68728653	-90.22065837
9.70194203	-87.58435458
9.71659754	-84.82605237
9.73125304	-86.88793516
9.74590854	-86.25338102
9.76056404	-77.11527355
9.77521954	-79.84356994
9.78987504	-90.14306096
9.80453055	-93.56933059
9.81918605	-83.07177574
9.83384155	-84.49318457
9.84849705	-90.61997025
9.86315255	-79.75601564
9.87780805	-78.40850354
9.89246355	-83.00996428
9.90711906	-87.33657381
9.92177456	-90.86100007
9.93643006	-87.01778514
9.95108556	-82.12862741
9.96574106	-84.47044030
9.98039656	-79.50333478
9.99505207	-84.30903512
10.00970757	-95.53610747
10.02436307	-81.62794412
10.03901857	-78.62735695
10.05367407	-87.63894003
10.06832957	-88.50194149
10.08298508	-89.76920374
10.09764058	-86.76550327
10.11229608	-80.56858999
10.12695158	-87.01936648
10.14160708	-90.14990571
10.15626258	-81.78115993
10.17091808	-84.32513426
10.18557359	-86.19687597
10.20022909	-80.97125347
10.21488459	-91.74902048
10.22954009	-83.86926951
10.24419559	-81.56841862
10.25885109	-80.73510649
10.27350660	-79.77563238
10.28816210	-79.18824842
10.30281760	-83.35927664
10.31747310	-89.55394014
10.33212860	-82.38969035
10.34678410	-89.01044722
10.36143960	-86.65472739
10.37609511	-82.84597881
10.39075061	-82.96582990
10.40540611	-97.33027955
10.42006161	-86.56165224
10.43471711	-96.19964231
10.44937261	-83.63370972
10.46402812	-83.91787896
10.47868362	-88.09089054
10.49333912	-80.63566691
10.50799462	-83.20374151
10.52265012	-90.64393701
10.53730562	-87.01280260
10.55196113	-88.52788078
10.56661663	-81.14024780
10.58127213	-83.62625190
10.59592763	-83.21614190
10.61058313	-78.29698805
10.62523863	-83.83550987
10.63989413	-95.39439132
10.65454964	-86.62525247
10.66920514	-83.14506440
10.68386064	-74.95270631
10.69851614	-83.65937864
10.71317164	-78.03156357
10.72782714	-77.69388533
10.74248265	-86.01214276
10.75713815	-81.65112695
10.77179365	-79.04135991
10.78644915	-88.42375870
10.80110465	-83.19948698
10.81576015	-85.94068949
10.83041565	-82.76351271
10.84507116	-81.00047303
10.85972666	-101.47291951
10.87438216	-85.96718699
10.88903766	-94.47425993
10.90369316	-84.34556043
10.91834866	-84.83138802
10.93300417	-91.50457286
10.94765967	-88.86786953
10.96231517	-87.82799921
10.97697067	-88.77433138
10.99162617	-103.69791031
11.00628167	-87.10423032
11.02093718	-88.96574030
11.03559268	-85.84771496
11.05024818	-96.90309301
11.06490368	-84.98120335
11.07955918	-94.87827442
11.09421468	-85.64845582
11.10887018	-87.47667174
11.12352569	-89.45857280
11.13818119	-83.12388154
11.15283669	-82.73987363
11.16749219	-81.12231139
11.18214769	-81.07455486
11.19680319	-85.31754484
11.21145870	-85.36382077
11.22611420	-85.85590364
11.24076970	-85.58429822
11.25542520	-80.39938693
11.27008070	-83.07391931
11.28473620	-85.50798635
11.29939170	-81.93739585
11.31404721	-83.67947235
11.32870271	-89.80702368
11.34335821	-97.06351190
11.35801371	-88.23531470
11.37266921	-82.88388730
11.38732471	-86.85072430
11.40198022	-94.34144077
11.41663572	-84.99683906
11.43129122	-91.56779130
11.44594672	-84.74788127
11.46060222	-84.55965440
11.47525772	-90.80176749
11.48991323	-81.24437008
11.50456873	-85.34461324
11.51922423	-85.58867578
11.53387973	-87.41319036
11.54853523	-93.43050460
11.56319073	-90.00738097
11.57784623	-83.07713415
11.59250174	-82.99799068
11.60715724	-89.20298685
11.62181274	-94.04234107
11.63646824	-95.44720990
11.65112374	-87.66458505
11.66577924	-97.35670994
11.68043475	-84.78441440
11.69509025	-87.49509343
11.70974575	-87.76787473
11.72440125	-90.77625032
11.73905675	-81.42311007
11.75371225	-77.85600506
11.76836775	-91.99293128
11.78302326	-85.08248675
11.79767876	-90.71405283
11.81233426	-93.36841272
11.82698976	-91.03590317
11.84164526	-89.79212213
11.85630076	-80.62943707
11.87095627	-97.60195098
11.88561177	-76.62964532
11.90026727	-79.58958913
11.91492277	-90.34563357
11.92957827	-94.31906031
11.94423377	-80.94011245
11.95888928	-77.13639037
11.97354478	-82.58814896
11.98820028	-89.42387026
12.00285578	-88.04307938
12.01751128	-90.13588593
12.03216678	-80.96548959
12.04682228	-84.64825621
12.06147779	-86.73229210
12.07613329	-82.52449395
12.09078879	-80.42635834
12.10544429	-87.18021106
12.12009979	-96.26175081
12.13475529	-82.37111712
12.14941080	-79.55413919
12.16406630	-88.08424727
12.17872180	-99.35326065
12.19337730	-91.24807609
12.20803280	-88.74658896
12.22268830	-93.09110889
12.23734380	-84.07197381
12.25199931	-93.19807174
12.26665481	-79.41266100
12.28131031	-89.45388703
12.29596581	-85.37254183
12.31062131	-85.24318761
12.32527681	-79.33333609
12.33993232	-79.35814687
12.35458782	-87.44323593
12.36924332	-84.06425952
12.38389882	-85.08876066
12.39855432	-95.81842935
12.41320982	-90.84158328
12.42786533	-84.61525529
12.44252083	-88.77433059
12.45717633	-92.59083321
12.47183183	-80.60796871
12.48648733	-80.12693621
12.50114283	-85.14463433
12.51579833	-83.90682306
12.53045384	-85.42389506
12.54510934	-88.01117298
12.55976484	-81.54854223
12.57442034	-84.75008267
12.58907584	-82.48315814
12.60373134	-81.10654619
12.61838685	-77.87804233
12.63304235	-76.64147482
12.64769785	-83.53561541
12.66235335	-82.68129675
12.67700885	-86.60208558
12.69166435	-82.59463443
12.70631985	-82.96921134
12.72097536	-84.64887144
12.73563086	-84.19167854
12.75028636	-85.04936071
12.76494186	-101.79209982
12.77959736	-81.56764317
12.79425286	-86.71411941
12.80890837	-86.99673758
12.82356387	-99.14873776
12.83821937	-84.55339998
12.85287487	-88.98802756
12.86753037	-91.24232212
12.88218587	-80.15520412
12.89684138	-81.07960729
12.91149688	-90.69554745
12.92615238	-84.46517025
12.94080788	-83.40543668
12.95546338	-80.92457050
12.97011888	-84.96315671
12.98477438	-88.89786271
12.99942989	-97.34155717
13.01408539	-84.50844253
13.02874089	-84.00013007
13.04339639	-86.23873500
13.05805189	-85.00723071
13.07270739	-86.49183669
13.08736290	-89.95723441
13.10201840	-112.85072951
13.11667390	-89.64399830
13.13132940	-89.82067094
13.14598490	-86.66146793
13.16064040	-85.10372685
13.17529590	-91.66076648
13.18995141	-89.36054581
13.20460691	-88.29373604
13.21926241	-83.60512172
13.23391791	-85.19787448
13.24857341	-80.79960839
13.26322891	-78.43023690
13.27788442	-89.14426976
13.29253992	-102.02706303
13.30719542	-80.22039618
13.32185092	-77.18205931
13.33650642	-85.52319105
13.35116192	-95.53358070
13.36581743	-88.11023410
13.38047293	-86.28059514
13.39512843	-88.78233856
13.40978393	-87.37037405
13.42443943	-88.88024467
13.43909493	-85.36208251
13.45375043	-80.14958084
13.46840594	-84.83317336
13.48306144	-92.87085727
13.49771694	-91.28074130
13.51237244	-92.23429419
13.52702794	-83.30364106
13.54168344	-86.07949093
13.55633895	-86.28363181
13.57099445	-80.92335297
13.58564995	-85.94446218
13.60030545	-85.06090729
13.61496095	-84.89344020
13.62961645	-85.28029989
13.64427196	-82.71888207
13.65892746	-87.17758309
13.67358296	-89.63921174
13.68823846	-94.07888616
13.70289396	-85.84893455
13.71754946	-83.18041245
13.73220496	-80.06935990
13.74686047	-86.96296325
13.76151597	-85.04753461
13.77617147	-89.07997222
13.79082697	-86.09078578
13.80548247	-80.52654463
13.82013797	-87.92168470
13.83479348	-81.31789741
13.84944898	-80.64576921
13.86410448	-97.15136780
13.87875998	-84.35972142
13.89341548	-92.84279100
13.90807098	-96.19357273
13.92272648	-99.77786989
13.93738199	-90.40029182
13.95203749	-91.60732464
13.96669299	-82.22506236
13.98134849	-82.66379197
13.99600399	-93.43333848
14.01065949	-85.94161983
14.02531500	-91.89655178
14.03997050	-85.21890058
14.05462600	-84.62041823
14.06928150	-87.25801727
14.08393700	-99.52020421
14.09859250	-88.36253147
14.11324801	-85.40167547
14.12790351	-104.41233624
14.14255901	-83.52682752
14.15721451	-80.90957603
14.17187001	-83.97031129
14.18652551	-89.98957188
14.20118101	-77.27971679
14.21583652	-76.65890766
14.23049202	-85.93948648
14.24514752	-81.77070605
14.25980302	-89.45831441
14.27445852	-81.58573917
14.28911402	-82.85408392
14.30376953	-91.26979179
14.31842503	-82.93633663
14.33308053	-79.53572989
14.34773603	-84.32897082
14.36239153	-90.58141900
14.37704703	-86.24697439
14.39170253	-92.99922218
14.40635804	-82.79581968
14.42101354	-80.44957380
14.43566904	-82.16778643
14.45032454	-84.45906831
14.46498004	-89.86751966
14.47963554	-101.04115638
14.49429105	-85.40705605
14.50894655	-78.79147023
14.52360205	-84.49656168
14.53825755	-80.58615265
14.55291305	-80.81986695
14.56756855	-110.53517089
14.58222406	-89.91268482
14.59687956	-82.36197343
14.61153506	-88.86175256
14.62619056	-85.96692670
14.64084606	-84.30684662
14.65550156	-83.75467984
14.67015706	-89.86479575
14.68481257	-77.26141638
14.69946807	-81.09054792
14.71412357	-90.48266380
14.72877907	-103.39895768
14.74343457	-96.85443600
14.75809007	-81.24825293
14.77274558	-79.96849069
14.78740108	-85.70761190
14.80205658	-85.56380702
14.81671208	-82.90265244
14.83136758	-82.28632907
14.84602308	-89.60710325
14.86067858	-80.93261723
14.87533409	-81.49738087
14.88998959	-82.94215128
14.90464509	-79.59953589
14.91930059	-91.29430199
14.93395609	-79.32880404
14.94861159	-84.43273355
14.96326710	-79.57048411
14.97792260	-83.40406807
14.99257810	-86.90494341
