# Menlo Systems GmbH ScanControl
# Program Version 1.7.0+git.a90605a3
# Start: -402.50000000 ps, Average over 1000 waveforms. Timestamp: 2024-05-06T11:17:43
# Window type: Tukey, parameters: alpha = 0.1
# User time axis shift: 0 ps
# Time axis offset: 0 ps
# Time [ps]	THz Signal [a.u.]
-402.34976578	0.00000000
-402.31643252	-0.00000003
-402.28309926	-0.00000001
-402.24976600	0.00000028
-402.21643274	0.00000042
-402.18309948	0.00000147
-402.14976622	0.00000328
-402.11643296	0.00000375
-402.08309970	0.00000617
-402.04976644	0.00000991
-402.01643318	0.00001067
-401.98309992	0.00001592
-401.94976666	0.00001887
-401.91643340	0.00001571
-401.88310014	0.00001721
-401.84976688	0.00001945
-401.81643362	0.00001627
-401.78310036	0.00001363
-401.74976710	0.00001040
-401.71643384	0.00000015
-401.68310058	-0.00000949
-401.64976732	-0.00001733
-401.61643406	-0.00003581
-401.58310080	-0.00005131
-401.54976754	-0.00006602
-401.51643428	-0.00008247
-401.48310102	-0.00010444
-401.44976776	-0.00012277
-401.41643450	-0.00014487
-401.38310124	-0.00017301
-401.34976798	-0.00019428
-401.31643472	-0.00022570
-401.28310146	-0.00024001
-401.24976820	-0.00026389
-401.21643494	-0.00030417
-401.18310168	-0.00030850
-401.14976842	-0.00031936
-401.11643516	-0.00034140
-401.08310190	-0.00034157
-401.04976864	-0.00034640
-401.01643538	-0.00034360
-400.98310212	-0.00029903
-400.94976886	-0.00026656
-400.91643560	-0.00021025
-400.88310234	-0.00015797
-400.84976908	-0.00008841
-400.81643582	-0.00000820
-400.78310256	0.00010610
-400.74976930	0.00019860
-400.71643604	0.00032048
-400.68310278	0.00044737
-400.64976952	0.00056157
-400.61643626	0.00061664
-400.58310300	0.00071264
-400.54976974	0.00075781
-400.51643647	0.00081562
-400.48310321	0.00082171
-400.44976995	0.00079410
-400.41643669	0.00075516
-400.38310343	0.00072213
-400.34977017	0.00061278
-400.31643691	0.00052525
-400.28310365	0.00034434
-400.24977039	0.00027081
-400.21643713	0.00006988
-400.18310387	-0.00008019
-400.14977061	-0.00019402
-400.11643735	-0.00031857
-400.08310409	-0.00040817
-400.04977083	-0.00050345
-400.01643757	-0.00059176
-399.98310431	-0.00061305
-399.94977105	-0.00064551
-399.91643779	-0.00070287
-399.88310453	-0.00063428
-399.84977127	-0.00063305
-399.81643801	-0.00063221
-399.78310475	-0.00063138
-399.74977149	-0.00058998
-399.71643823	-0.00060672
-399.68310497	-0.00043422
-399.64977171	-0.00044875
-399.61643845	-0.00039263
-399.58310519	-0.00037814
-399.54977193	-0.00036814
-399.51643867	-0.00032686
-399.48310541	-0.00033156
-399.44977215	-0.00036730
-399.41643889	-0.00035519
-399.38310563	-0.00037289
-399.34977237	-0.00026928
-399.31643911	-0.00033124
-399.28310585	-0.00026137
-399.24977259	-0.00029385
-399.21643933	-0.00019390
-399.18310607	-0.00020049
-399.14977281	-0.00024675
-399.11643955	-0.00030206
-399.08310629	-0.00042537
-399.04977303	-0.00034220
-399.01643977	-0.00043488
-398.98310651	-0.00039554
-398.94977325	-0.00036919
-398.91643999	-0.00055482
-398.88310673	-0.00058459
-398.84977347	-0.00058879
-398.81644021	-0.00062040
-398.78310695	-0.00052083
-398.74977369	-0.00064814
-398.71644043	-0.00059990
-398.68310717	-0.00051057
-398.64977391	-0.00060993
-398.61644065	-0.00056267
-398.58310739	-0.00051074
-398.54977413	-0.00052234
-398.51644087	-0.00058155
-398.48310761	-0.00045337
-398.44977435	-0.00046611
-398.41644109	-0.00043999
-398.38310783	-0.00050674
-398.34977457	-0.00045757
-398.31644131	-0.00054689
-398.28310805	-0.00055338
-398.24977479	-0.00058235
-398.21644153	-0.00054858
-398.18310827	-0.00047603
-398.14977501	-0.00049607
-398.11644175	-0.00060646
-398.08310849	-0.00056006
-398.04977523	-0.00061906
-398.01644197	-0.00064453
-397.98310871	-0.00053138
-397.94977545	-0.00050529
-397.91644219	-0.00053719
-397.88310893	-0.00048627
-397.84977567	-0.00045221
-397.81644241	-0.00042089
-397.78310915	-0.00040113
-397.74977589	-0.00035964
-397.71644263	-0.00041424
-397.68310937	-0.00020591
-397.64977611	-0.00041599
-397.61644285	-0.00019995
-397.58310959	-0.00019950
-397.54977633	-0.00006062
-397.51644307	-0.00004364
-397.48310981	-0.00010636
-397.44977655	-0.00005256
-397.41644329	-0.00006217
-397.38311003	-0.00006426
-397.34977677	0.00005409
-397.31644351	-0.00017621
-397.28311025	-0.00011036
-397.24977699	-0.00012961
-397.21644373	-0.00010304
-397.18311047	-0.00031069
-397.14977721	-0.00031963
-397.11644395	-0.00025849
-397.08311069	-0.00053402
-397.04977743	-0.00073745
-397.01644417	-0.00075761
-396.98311091	-0.00098202
-396.94977765	-0.00114650
-396.91644439	-0.00135754
-396.88311113	-0.00171414
-396.84977787	-0.00193174
-396.81644461	-0.00222125
-396.78311135	-0.00232380
-396.74977809	-0.00282733
-396.71644483	-0.00296510
-396.68311157	-0.00331657
-396.64977831	-0.00342432
-396.61644505	-0.00359700
-396.58311179	-0.00365404
-396.54977853	-0.00384076
-396.51644527	-0.00367098
-396.48311201	-0.00373042
-396.44977875	-0.00345592
-396.41644548	-0.00319132
-396.38311222	-0.00287315
-396.34977896	-0.00223732
-396.31644570	-0.00174639
-396.28311244	-0.00113595
-396.24977918	-0.00037672
-396.21644592	0.00032997
-396.18311266	0.00107592
-396.14977940	0.00167010
-396.11644614	0.00235244
-396.08311288	0.00285349
-396.04977962	0.00318126
-396.01644636	0.00339274
-395.98311310	0.00347585
-395.94977984	0.00326562
-395.91644658	0.00289458
-395.88311332	0.00221052
-395.84978006	0.00140250
-395.81644680	0.00046966
-395.78311354	-0.00066097
-395.74978028	-0.00206901
-395.71644702	-0.00332750
-395.68311376	-0.00455726
-395.64978050	-0.00613334
-395.61644724	-0.00724176
-395.58311398	-0.00836346
-395.54978072	-0.00936904
-395.51644746	-0.00993094
-395.48311420	-0.01066180
-395.44978094	-0.01086513
-395.41644768	-0.01081853
-395.38311442	-0.01062136
-395.34978116	-0.01027139
-395.31644790	-0.00971455
-395.28311464	-0.00880736
-395.24978138	-0.00788650
-395.21644812	-0.00706154
-395.18311486	-0.00596170
-395.14978160	-0.00511710
-395.11644834	-0.00388848
-395.08311508	-0.00297147
-395.04978182	-0.00198054
-395.01644856	-0.00089538
-394.98311530	0.00017468
-394.94978204	0.00129389
-394.91644878	0.00253072
-394.88311552	0.00357934
-394.84978226	0.00525372
-394.81644900	0.00699111
-394.78311574	0.00905151
-394.74978248	0.01126127
-394.71644922	0.01367288
-394.68311596	0.01644992
-394.64978270	0.01968548
-394.61644944	0.02304414
-394.58311618	0.02688293
-394.54978292	0.03096851
-394.51644966	0.03540387
-394.48311640	0.04011808
-394.44978314	0.04518530
-394.41644988	0.05060837
-394.38311662	0.05631083
-394.34978336	0.06212001
-394.31645010	0.06835972
-394.28311684	0.07484329
-394.24978358	0.08131285
-394.21645032	0.08812681
-394.18311706	0.09492101
-394.14978380	0.10148674
-394.11645054	0.10788074
-394.08311728	0.11392480
-394.04978402	0.11948109
-394.01645076	0.12401553
-393.98311750	0.12747653
-393.94978424	0.12935661
-393.91645098	0.12968100
-393.88311772	0.12771409
-393.84978446	0.12289270
-393.81645120	0.11526041
-393.78311794	0.10389717
-393.74978468	0.08883175
-393.71645142	0.06932921
-393.68311816	0.04509415
-393.64978490	0.01589740
-393.61645164	-0.01862518
-393.58311838	-0.05866138
-393.54978512	-0.10369874
-393.51645186	-0.15396362
-393.48311860	-0.20899600
-393.44978534	-0.26798521
-393.41645208	-0.33010704
-393.38311882	-0.39414370
-393.34978556	-0.45873357
-393.31645230	-0.52184480
-393.28311904	-0.58175396
-393.24978578	-0.63584591
-393.21645252	-0.68208420
-393.18311926	-0.71779076
-393.14978600	-0.74001538
-393.11645274	-0.74676192
-393.08311948	-0.73610070
-393.04978622	-0.70600898
-393.01645296	-0.65533716
-392.98311970	-0.58362567
-392.94978644	-0.49106408
-392.91645318	-0.37896890
-392.88311992	-0.24950855
-392.84978666	-0.10516334
-392.81645340	0.05015669
-392.78312014	0.21211848
-392.74978688	0.37549094
-392.71645362	0.53519733
-392.68312036	0.68569363
-392.64978710	0.82153573
-392.61645384	0.93733864
-392.58312058	1.02877846
-392.54978732	1.09186672
-392.51645406	1.12383916
-392.48312080	1.12313132
-392.44978754	1.08954474
-392.41645428	1.02396485
-392.38312102	0.92929254
-392.34978776	0.80888563
-392.31645449	0.66740877
-392.28312123	0.51082905
-392.24978797	0.34499880
-392.21645471	0.17653271
-392.18312145	0.01160976
-392.14978819	-0.14306510
-392.11645493	-0.28219066
-392.08312167	-0.40061882
-392.04978841	-0.49476625
-392.01645515	-0.56197020
-391.98312189	-0.60140326
-391.94978863	-0.61388391
-391.91645537	-0.60134604
-391.88312211	-0.56740300
-391.84978885	-0.51634775
-391.81645559	-0.45300824
-391.78312233	-0.38255780
-391.74978907	-0.30988877
-391.71645581	-0.23946344
-391.68312255	-0.17485354
-391.64978929	-0.11877031
-391.61645603	-0.07291132
-391.58312277	-0.03833537
-391.54978951	-0.01420369
-391.51645625	0.00028734
-391.48312299	0.00699453
-391.44978973	0.00792492
-391.41645647	0.00542272
-391.38312321	0.00146958
-391.34978995	-0.00213662
-391.31645669	-0.00380326
-391.28312343	-0.00263766
-391.24979017	0.00166045
-391.21645691	0.00865083
-391.18312365	0.01798211
-391.14979039	0.02833436
-391.11645713	0.03878148
-391.08312387	0.04833678
-391.04979061	0.05580804
-391.01645735	0.06042272
-390.98312409	0.06175451
-390.94979083	0.06014150
-390.91645757	0.05549138
-390.88312431	0.04839756
-390.84979105	0.03980485
-390.81645779	0.03056012
-390.78312453	0.02125233
-390.74979127	0.01310905
-390.71645801	0.00625752
-390.68312475	0.00127445
-390.64979149	-0.00165146
-390.61645823	-0.00250931
-390.58312497	-0.00198625
-390.54979171	0.00002706
-390.51645845	0.00274283
-390.48312519	0.00555029
-390.44979193	0.00830813
-390.41645867	0.01066107
-390.38312541	0.01195463
-390.34979215	0.01228521
-390.31645889	0.01170672
-390.28312563	0.00984783
-390.24979237	0.00714380
-390.21645911	0.00379732
-390.18312585	-0.00023056
-390.14979259	-0.00460437
-390.11645933	-0.00923878
-390.08312607	-0.01359848
-390.04979281	-0.01786944
-390.01645955	-0.02169307
-389.98312629	-0.02491934
-389.94979303	-0.02714950
-389.91645977	-0.02868713
-389.88312651	-0.02906386
-389.84979325	-0.02853280
-389.81645999	-0.02699569
-389.78312673	-0.02469408
-389.74979347	-0.02150121
-389.71646021	-0.01771473
-389.68312695	-0.01374091
-389.64979369	-0.00955305
-389.61646043	-0.00543899
-389.58312717	-0.00160784
-389.54979391	0.00189445
-389.51646065	0.00487394
-389.48312739	0.00717201
-389.44979413	0.00896538
-389.41646087	0.01021854
-389.38312761	0.01091313
-389.34979435	0.01099816
-389.31646109	0.01073868
-389.28312783	0.00980315
-389.24979457	0.00852011
-389.21646131	0.00690585
-389.18312805	0.00467556
-389.14979479	0.00203068
-389.11646153	-0.00086088
-389.08312827	-0.00415136
-389.04979501	-0.00753331
-389.01646175	-0.01112787
-388.98312849	-0.01447188
-388.94979523	-0.01759207
-388.91646197	-0.02027295
-388.88312871	-0.02230130
-388.84979545	-0.02350949
-388.81646219	-0.02382719
-388.78312893	-0.02364396
-388.74979567	-0.02244820
-388.71646241	-0.02053261
-388.68312915	-0.01806936
-388.64979589	-0.01513745
-388.61646263	-0.01198987
-388.58312937	-0.00885659
-388.54979611	-0.00583171
-388.51646285	-0.00316614
-388.48312959	-0.00080075
-388.44979633	0.00113955
-388.41646307	0.00262553
-388.38312981	0.00357188
-388.34979655	0.00420772
-388.31646329	0.00447458
-388.28313003	0.00455637
-388.24979676	0.00477946
-388.21646350	0.00476868
-388.18313024	0.00508475
-388.14979698	0.00570036
-388.11646372	0.00649928
-388.08313046	0.00769042
-388.04979720	0.00902191
-388.01646394	0.01061877
-387.98313068	0.01235610
-387.94979742	0.01384921
-387.91646416	0.01531026
-387.88313090	0.01627275
-387.84979764	0.01701237
-387.81646438	0.01700099
-387.78313112	0.01661936
-387.74979786	0.01546747
-387.71646460	0.01378720
-387.68313134	0.01190008
-387.64979808	0.00954429
-387.61646482	0.00714165
-387.58313156	0.00454808
-387.54979830	0.00208801
-387.51646504	-0.00008877
-387.48313178	-0.00191787
-387.44979852	-0.00359851
-387.41646526	-0.00461490
-387.38313200	-0.00538921
-387.34979874	-0.00577668
-387.31646548	-0.00603754
-387.28313222	-0.00585976
-387.24979896	-0.00555797
-387.21646570	-0.00553175
-387.18313244	-0.00529034
-387.14979918	-0.00498513
-387.11646592	-0.00477623
-387.08313266	-0.00458972
-387.04979940	-0.00438093
-387.01646614	-0.00434998
-386.98313288	-0.00421429
-386.94979962	-0.00388811
-386.91646636	-0.00344984
-386.88313310	-0.00303869
-386.84979984	-0.00250901
-386.81646658	-0.00200748
-386.78313332	-0.00127966
-386.74980006	-0.00067822
-386.71646680	-0.00025973
-386.68313354	0.00020377
-386.64980028	0.00053225
-386.61646702	0.00078171
-386.58313376	0.00076733
-386.54980050	0.00058445
-386.51646724	0.00037563
-386.48313398	0.00021107
-386.44980072	-0.00004123
-386.41646746	-0.00030290
-386.38313420	-0.00052185
-386.34980094	-0.00057636
-386.31646768	-0.00034140
-386.28313442	-0.00012413
-386.24980116	0.00027205
-386.21646790	0.00082406
-386.18313464	0.00150905
-386.14980138	0.00237029
-386.11646812	0.00323221
-386.08313486	0.00404667
-386.04980160	0.00468240
-386.01646834	0.00553969
-385.98313508	0.00621762
-385.94980182	0.00671717
-385.91646856	0.00732489
-385.88313530	0.00753638
-385.84980204	0.00768079
-385.81646878	0.00777509
-385.78313552	0.00777816
-385.74980226	0.00736557
-385.71646900	0.00695695
-385.68313574	0.00649107
-385.64980248	0.00572807
-385.61646922	0.00499930
-385.58313596	0.00399377
-385.54980270	0.00308666
-385.51646944	0.00193724
-385.48313618	0.00077410
-385.44980292	-0.00032509
-385.41646966	-0.00119703
-385.38313640	-0.00217155
-385.34980314	-0.00306014
-385.31646988	-0.00392615
-385.28313662	-0.00462656
-385.24980336	-0.00540154
-385.21647010	-0.00594797
-385.18313684	-0.00650105
-385.14980358	-0.00744230
-385.11647032	-0.00836347
-385.08313706	-0.00962450
-385.04980380	-0.01128331
-385.01647054	-0.01326628
-384.98313728	-0.01562619
-384.94980402	-0.01859529
-384.91647076	-0.02162207
-384.88313750	-0.02531016
-384.84980424	-0.02923222
-384.81647098	-0.03311118
-384.78313772	-0.03678809
-384.74980446	-0.04028919
-384.71647120	-0.04314678
-384.68313794	-0.04527103
-384.64980468	-0.04647046
-384.61647142	-0.04637772
-384.58313816	-0.04496210
-384.54980490	-0.04223561
-384.51647164	-0.03807274
-384.48313838	-0.03237856
-384.44980512	-0.02546913
-384.41647186	-0.01743273
-384.38313860	-0.00852657
-384.34980534	0.00121348
-384.31647208	0.01113741
-384.28313882	0.02091809
-384.24980556	0.03033466
-384.21647230	0.03911197
-384.18313904	0.04688055
-384.14980577	0.05319409
-384.11647251	0.05796274
-384.08313925	0.06093394
-384.04980599	0.06165359
-384.01647273	0.06082839
-383.98313947	0.05773393
-383.94980621	0.05290401
-383.91647295	0.04657769
-383.88313969	0.03875168
-383.84980643	0.02998625
-383.81647317	0.02064037
-383.78313991	0.01089997
-383.74980665	0.00142199
-383.71647339	-0.00748286
-383.68314013	-0.01571842
-383.64980687	-0.02279016
-383.61647361	-0.02830080
-383.58314035	-0.03233038
-383.54980709	-0.03481113
-383.51647383	-0.03571468
-383.48314057	-0.03498294
-383.44980731	-0.03304088
-383.41647405	-0.02982173
-383.38314079	-0.02578490
-383.34980753	-0.02128360
-383.31647427	-0.01644173
-383.28314101	-0.01163495
-383.24980775	-0.00730456
-383.21647449	-0.00318360
-383.18314123	0.00010572
-383.14980797	0.00275028
-383.11647471	0.00454755
-383.08314145	0.00553389
-383.04980819	0.00600088
-383.01647493	0.00593750
-382.98314167	0.00526927
-382.94980841	0.00459862
-382.91647515	0.00378647
-382.88314189	0.00291492
-382.84980863	0.00222894
-382.81647537	0.00173973
-382.78314211	0.00137270
-382.74980885	0.00113601
-382.71647559	0.00122068
-382.68314233	0.00122325
-382.64980907	0.00117461
-382.61647581	0.00109832
-382.58314255	0.00104804
-382.54980929	0.00067479
-382.51647603	0.00034618
-382.48314277	0.00005436
-382.44980951	-0.00031378
-382.41647625	-0.00065646
-382.38314299	-0.00081601
-382.34980973	-0.00075645
-382.31647647	-0.00036866
-382.28314321	0.00020712
-382.24980995	0.00106101
-382.21647669	0.00200497
-382.18314343	0.00300657
-382.14981017	0.00405992
-382.11647691	0.00500705
-382.08314365	0.00554953
-382.04981039	0.00596391
-382.01647713	0.00594286
-381.98314387	0.00530702
-381.94981061	0.00424878
-381.91647735	0.00273932
-381.88314409	0.00089164
-381.84981083	-0.00133683
-381.81647757	-0.00369612
-381.78314431	-0.00613626
-381.74981105	-0.00840678
-381.71647779	-0.01053667
-381.68314453	-0.01245375
-381.64981127	-0.01392678
-381.61647801	-0.01492416
-381.58314475	-0.01558876
-381.54981149	-0.01566068
-381.51647823	-0.01518158
-381.48314497	-0.01445076
-381.44981171	-0.01297188
-381.41647845	-0.01154689
-381.38314519	-0.00966458
-381.34981193	-0.00771681
-381.31647867	-0.00545876
-381.28314541	-0.00326622
-381.24981215	-0.00103466
-381.21647889	0.00100570
-381.18314563	0.00293308
-381.14981237	0.00452890
-381.11647911	0.00574273
-381.08314585	0.00667633
-381.04981259	0.00736413
-381.01647933	0.00761099
-380.98314607	0.00755741
-380.94981281	0.00702956
-380.91647955	0.00603976
-380.88314629	0.00506119
-380.84981303	0.00383982
-380.81647977	0.00229911
-380.78314651	0.00067327
-380.74981325	-0.00125810
-380.71647999	-0.00290132
-380.68314673	-0.00456127
-380.64981347	-0.00618392
-380.61648021	-0.00756429
-380.58314695	-0.00872618
-380.54981369	-0.00938064
-380.51648043	-0.00981963
-380.48314717	-0.00973953
-380.44981391	-0.00933812
-380.41648065	-0.00836113
-380.38314739	-0.00706562
-380.34981413	-0.00536508
-380.31648087	-0.00346710
-380.28314761	-0.00157996
-380.24981435	0.00045324
-380.21648109	0.00240726
-380.18314783	0.00397039
-380.14981457	0.00517962
-380.11648131	0.00595415
-380.08314805	0.00605199
-380.04981478	0.00573614
-380.01648152	0.00463548
-379.98314826	0.00319939
-379.94981500	0.00118008
-379.91648174	-0.00110615
-379.88314848	-0.00343551
-379.84981522	-0.00576351
-379.81648196	-0.00818500
-379.78314870	-0.01004360
-379.74981544	-0.01152421
-379.71648218	-0.01262289
-379.68314892	-0.01300446
-379.64981566	-0.01268372
-379.61648240	-0.01201159
-379.58314914	-0.01068015
-379.54981588	-0.00897013
-379.51648262	-0.00679798
-379.48314936	-0.00456655
-379.44981610	-0.00238579
-379.41648284	-0.00010399
-379.38314958	0.00183765
-379.34981632	0.00326976
-379.31648306	0.00448724
-379.28314980	0.00496935
-379.24981654	0.00504835
-379.21648328	0.00465596
-379.18315002	0.00395509
-379.14981676	0.00284242
-379.11648350	0.00142638
-379.08315024	0.00004196
-379.04981698	-0.00149895
-379.01648372	-0.00282522
-378.98315046	-0.00424884
-378.94981720	-0.00512345
-378.91648394	-0.00602608
-378.88315068	-0.00628174
-378.84981742	-0.00627302
-378.81648416	-0.00624602
-378.78315090	-0.00576330
-378.74981764	-0.00526284
-378.71648438	-0.00434107
-378.68315112	-0.00339468
-378.64981786	-0.00262831
-378.61648460	-0.00166155
-378.58315134	-0.00080714
-378.54981808	-0.00002835
-378.51648482	0.00063611
-378.48315156	0.00097713
-378.44981830	0.00096262
-378.41648504	0.00078145
-378.38315178	0.00042824
-378.34981852	-0.00031222
-378.31648526	-0.00136216
-378.28315200	-0.00281551
-378.24981874	-0.00428148
-378.21648548	-0.00605975
-378.18315222	-0.00800151
-378.14981896	-0.01003744
-378.11648570	-0.01212407
-378.08315244	-0.01399927
-378.04981918	-0.01548344
-378.01648592	-0.01682651
-377.98315266	-0.01773656
-377.94981940	-0.01803778
-377.91648614	-0.01771053
-377.88315288	-0.01697147
-377.84981962	-0.01556500
-377.81648636	-0.01354300
-377.78315310	-0.01086936
-377.74981984	-0.00818274
-377.71648658	-0.00494076
-377.68315332	-0.00160819
-377.64982006	0.00178997
-377.61648680	0.00503789
-377.58315354	0.00795917
-377.54982028	0.01035478
-377.51648702	0.01237601
-377.48315376	0.01402027
-377.44982050	0.01493458
-377.41648724	0.01522886
-377.38315398	0.01510425
-377.34982072	0.01465482
-377.31648746	0.01378791
-377.28315420	0.01282657
-377.24982094	0.01173828
-377.21648768	0.01070543
-377.18315442	0.00963087
-377.14982116	0.00910402
-377.11648790	0.00871093
-377.08315464	0.00871195
-377.04982138	0.00918852
-377.01648812	0.01009737
-376.98315486	0.01152375
-376.94982160	0.01313898
-376.91648834	0.01521895
-376.88315508	0.01765261
-376.84982182	0.02025053
-376.81648856	0.02305605
-376.78315530	0.02585599
-376.74982204	0.02847575
-376.71648878	0.03085864
-376.68315552	0.03292597
-376.64982226	0.03435341
-376.61648900	0.03514797
-376.58315574	0.03518186
-376.54982248	0.03406910
-376.51648922	0.03205678
-376.48315596	0.02894154
-376.44982270	0.02465055
-376.41648944	0.01927590
-376.38315618	0.01275494
-376.34982292	0.00510329
-376.31648966	-0.00314599
-376.28315640	-0.01228291
-376.24982314	-0.02192086
-376.21648988	-0.03205510
-376.18315662	-0.04246936
-376.14982336	-0.05298106
-376.11649010	-0.06362998
-376.08315684	-0.07409781
-376.04982358	-0.08463682
-376.01649032	-0.09495222
-375.98315706	-0.10516852
-375.94982379	-0.11503596
-375.91649053	-0.12489297
-375.88315727	-0.13442207
-375.84982401	-0.14363961
-375.81649075	-0.15191454
-375.78315749	-0.15953363
-375.74982423	-0.16591959
-375.71649097	-0.17074172
-375.68315771	-0.17353761
-375.64982445	-0.17393234
-375.61649119	-0.17167044
-375.58315793	-0.16584520
-375.54982467	-0.15650845
-375.51649141	-0.14293253
-375.48315815	-0.12542884
-375.44982489	-0.10358592
-375.41649163	-0.07761441
-375.38315837	-0.04786023
-375.34982511	-0.01462902
-375.31649185	0.02150081
-375.28315859	0.05951669
-375.24982533	0.09903276
-375.21649207	0.13882121
-375.18315881	0.17768521
-375.14982555	0.21472910
-375.11649229	0.24897515
-375.08315903	0.27886052
-375.04982577	0.30410745
-375.01649251	0.32350212
-374.98315925	0.33613574
-374.94982599	0.34146044
-374.91649273	0.33935378
-374.88315947	0.32931552
-374.84982621	0.31163637
-374.81649295	0.28629275
-374.78315969	0.25389664
-374.74982643	0.21527841
-374.71649317	0.17134506
-374.68315991	0.12315758
-374.64982665	0.07204833
-374.61649339	0.01968018
-374.58316013	-0.03269262
-374.54982687	-0.08338063
-374.51649361	-0.13075427
-374.48316035	-0.17336027
-374.44982709	-0.20970823
-374.41649383	-0.23878723
-374.38316057	-0.25977871
-374.34982731	-0.27201902
-374.31649405	-0.27537477
-374.28316079	-0.26993652
-374.24982753	-0.25634501
-374.21649427	-0.23521654
-374.18316101	-0.20795331
-374.14982775	-0.17566822
-374.11649449	-0.14027733
-374.08316123	-0.10313049
-374.04982797	-0.06589595
-374.01649471	-0.03018811
-373.98316145	0.00264771
-373.94982819	0.03132901
-373.91649493	0.05484922
-373.88316167	0.07268524
-373.84982841	0.08456436
-373.81649515	0.09041563
-373.78316189	0.09047886
-373.74982863	0.08567996
-373.71649537	0.07647649
-373.68316211	0.06409737
-373.64982885	0.04951195
-373.61649559	0.03400355
-373.58316233	0.01834798
-373.54982907	0.00372135
-373.51649581	-0.00879939
-373.48316255	-0.01869530
-373.44982929	-0.02571802
-373.41649603	-0.02953473
-373.38316277	-0.03013906
-373.34982951	-0.02791083
-373.31649625	-0.02321514
-373.28316299	-0.01675627
-373.24982973	-0.00905349
-373.21649647	-0.00114858
-373.18316321	0.00654947
-373.14982995	0.01307404
-373.11649669	0.01808828
-373.08316343	0.02136900
-373.04983017	0.02238632
-373.01649691	0.02129810
-372.98316365	0.01811978
-372.94983039	0.01320443
-372.91649713	0.00699714
-372.88316387	-0.00000077
-372.84983061	-0.00754891
-372.81649735	-0.01456429
-372.78316409	-0.02093525
-372.74983083	-0.02610243
-372.71649757	-0.02978862
-372.68316431	-0.03155955
-372.64983105	-0.03156321
-372.61649779	-0.03024375
-372.58316453	-0.02708610
-372.54983127	-0.02299670
-372.51649801	-0.01796688
-372.48316475	-0.01260600
-372.44983149	-0.00742894
-372.41649823	-0.00254315
-372.38316497	0.00151440
-372.34983171	0.00443179
-372.31649845	0.00608208
-372.28316519	0.00669317
-372.24983193	0.00619807
-372.21649867	0.00464409
-372.18316541	0.00244403
-372.14983215	-0.00007306
-372.11649889	-0.00269003
-372.08316563	-0.00507739
-372.04983237	-0.00681020
-372.01649911	-0.00800946
-371.98316585	-0.00838774
-371.94983259	-0.00778796
-371.91649933	-0.00644416
-371.88316607	-0.00454781
-371.84983280	-0.00214716
-371.81649954	0.00052014
-371.78316628	0.00293001
-371.74983302	0.00500072
-371.71649976	0.00680103
-371.68316650	0.00786812
-371.64983324	0.00812983
-371.61649998	0.00734144
-371.58316672	0.00595702
-371.54983346	0.00392310
-371.51650020	0.00138987
-371.48316694	-0.00146406
-371.44983368	-0.00423224
-371.41650042	-0.00688484
-371.38316716	-0.00932981
-371.34983390	-0.01135595
-371.31650064	-0.01278593
-371.28316738	-0.01383395
-371.24983412	-0.01429325
-371.21650086	-0.01423867
-371.18316760	-0.01382785
-371.14983434	-0.01315265
-371.11650108	-0.01237558
-371.08316782	-0.01136570
-371.04983456	-0.01049422
-371.01650130	-0.00979651
-370.98316804	-0.00912672
-370.94983478	-0.00837991
-370.91650152	-0.00776752
-370.88316826	-0.00722053
-370.84983500	-0.00657386
-370.81650174	-0.00572159
-370.78316848	-0.00491490
-370.74983522	-0.00392538
-370.71650196	-0.00282096
-370.68316870	-0.00174158
-370.64983544	-0.00046818
-370.61650218	0.00092847
-370.58316892	0.00201437
-370.54983566	0.00299191
-370.51650240	0.00388819
-370.48316914	0.00450032
-370.44983588	0.00491596
-370.41650262	0.00511605
-370.38316936	0.00505070
-370.34983610	0.00489467
-370.31650284	0.00454629
-370.28316958	0.00428889
-370.24983632	0.00414367
-370.21650306	0.00385992
-370.18316980	0.00365726
-370.14983654	0.00352457
-370.11650328	0.00360647
-370.08317002	0.00352581
-370.04983676	0.00336705
-370.01650350	0.00313460
-369.98317024	0.00291315
-369.94983698	0.00235406
-369.91650372	0.00170711
-369.88317046	0.00094417
-369.84983720	-0.00009260
-369.81650394	-0.00120693
-369.78317068	-0.00230624
-369.74983742	-0.00348540
-369.71650416	-0.00452714
-369.68317090	-0.00557537
-369.64983764	-0.00644486
-369.61650438	-0.00695344
-369.58317112	-0.00731840
-369.54983786	-0.00744827
-369.51650460	-0.00733821
-369.48317134	-0.00716033
-369.44983808	-0.00663136
-369.41650482	-0.00605245
-369.38317156	-0.00550341
-369.34983830	-0.00486365
-369.31650504	-0.00434506
-369.28317178	-0.00378606
-369.24983852	-0.00339123
-369.21650526	-0.00330848
-369.18317200	-0.00307729
-369.14983874	-0.00308304
-369.11650548	-0.00304574
-369.08317222	-0.00303219
-369.04983896	-0.00328673
-369.01650570	-0.00317848
-368.98317244	-0.00303972
-368.94983918	-0.00278125
-368.91650592	-0.00238095
-368.88317266	-0.00196695
-368.84983940	-0.00154523
-368.81650614	-0.00101406
-368.78317288	-0.00049223
-368.74983962	-0.00008675
-368.71650636	0.00012779
-368.68317310	0.00026887
-368.64983984	0.00024139
-368.61650658	0.00020406
-368.58317332	0.00008524
-368.54984006	-0.00018591
-368.51650680	-0.00043006
-368.48317354	-0.00073148
-368.44984028	-0.00088653
-368.41650702	-0.00090719
-368.38317376	-0.00059472
-368.34984050	-0.00032482
-368.31650724	0.00025649
-368.28317398	0.00091806
-368.24984072	0.00185213
-368.21650746	0.00271022
-368.18317420	0.00341112
-368.14984094	0.00418324
-368.11650768	0.00468804
-368.08317442	0.00474045
-368.04984116	0.00464990
-368.01650790	0.00416605
-367.98317464	0.00326314
-367.94984138	0.00190958
-367.91650812	0.00032470
-367.88317486	-0.00148577
-367.84984160	-0.00326617
-367.81650834	-0.00525729
-367.78317508	-0.00704220
-367.74984181	-0.00887742
-367.71650855	-0.01038333
-367.68317529	-0.01173900
-367.64984203	-0.01288543
-367.61650877	-0.01356313
-367.58317551	-0.01404216
-367.54984225	-0.01442339
-367.51650899	-0.01452311
-367.48317573	-0.01447691
-367.44984247	-0.01446888
-367.41650921	-0.01425925
-367.38317595	-0.01421530
-367.34984269	-0.01423296
-367.31650943	-0.01430507
-367.28317617	-0.01436804
-367.24984291	-0.01451184
-367.21650965	-0.01475402
-367.18317639	-0.01475940
-367.14984313	-0.01466799
-367.11650987	-0.01438976
-367.08317661	-0.01393129
-367.04984335	-0.01326205
-367.01651009	-0.01231395
-366.98317683	-0.01091064
-366.94984357	-0.00931106
-366.91651031	-0.00742628
-366.88317705	-0.00519001
-366.84984379	-0.00257467
-366.81651053	0.00004314
-366.78317727	0.00296636
-366.74984401	0.00590601
-366.71651075	0.00895814
-366.68317749	0.01191979
-366.64984423	0.01474948
-366.61651097	0.01719766
-366.58317771	0.01932933
-366.54984445	0.02103139
-366.51651119	0.02238682
-366.48317793	0.02287262
-366.44984467	0.02276983
-366.41651141	0.02185996
-366.38317815	0.02034617
-366.34984489	0.01812181
-366.31651163	0.01534990
-366.28317837	0.01183523
-366.24984511	0.00799949
-366.21651185	0.00387532
-366.18317859	-0.00029100
-366.14984533	-0.00442285
-366.11651207	-0.00853721
-366.08317881	-0.01211377
-366.04984555	-0.01532701
-366.01651229	-0.01777512
-365.98317903	-0.01975825
-365.94984577	-0.02081745
-365.91651251	-0.02124845
-365.88317925	-0.02087719
-365.84984599	-0.02024295
-365.81651273	-0.01876687
-365.78317947	-0.01688088
-365.74984621	-0.01449328
-365.71651295	-0.01206430
-365.68317969	-0.00968149
-365.64984643	-0.00704028
-365.61651317	-0.00468648
-365.58317991	-0.00242748
-365.54984665	-0.00055109
-365.51651339	0.00106596
-365.48318013	0.00233936
-365.44984687	0.00327330
-365.41651361	0.00360173
-365.38318035	0.00372978
-365.34984709	0.00344887
-365.31651383	0.00269297
-365.28318057	0.00172416
-365.24984731	0.00060545
-365.21651405	-0.00067122
-365.18318079	-0.00189200
-365.14984753	-0.00321068
-365.11651427	-0.00442091
-365.08318101	-0.00515587
-365.04984775	-0.00579394
-365.01651449	-0.00609065
-364.98318123	-0.00601271
-364.94984797	-0.00553512
-364.91651471	-0.00472964
-364.88318145	-0.00353062
-364.84984819	-0.00231384
-364.81651493	-0.00087301
-364.78318167	0.00070884
-364.74984841	0.00211061
-364.71651515	0.00340667
-364.68318189	0.00442888
-364.64984863	0.00508982
-364.61651537	0.00516076
-364.58318211	0.00497968
-364.54984885	0.00431178
-364.51651559	0.00320277
-364.48318233	0.00176420
-364.44984907	-0.00000515
-364.41651581	-0.00182674
-364.38318255	-0.00374063
-364.34984929	-0.00566667
-364.31651603	-0.00716737
-364.28318277	-0.00853746
-364.24984951	-0.00953060
-364.21651625	-0.01020015
-364.18318299	-0.01043724
-364.14984973	-0.01001448
-364.11651647	-0.00917733
-364.08318321	-0.00811564
-364.04984995	-0.00665082
-364.01651669	-0.00497461
-363.98318343	-0.00343931
-363.94985017	-0.00190031
-363.91651691	-0.00018959
-363.88318365	0.00101560
-363.84985039	0.00210796
-363.81651713	0.00285364
-363.78318387	0.00317690
-363.74985061	0.00314909
-363.71651735	0.00292764
-363.68318408	0.00228959
-363.64985082	0.00139553
-363.61651756	0.00046565
-363.58318430	-0.00068054
-363.54985104	-0.00185331
-363.51651778	-0.00292956
-363.48318452	-0.00371387
-363.44985126	-0.00459813
-363.41651800	-0.00524109
-363.38318474	-0.00556818
-363.34985148	-0.00558530
-363.31651822	-0.00536715
-363.28318496	-0.00501982
-363.24985170	-0.00443116
-363.21651844	-0.00359295
-363.18318518	-0.00263208
-363.14985192	-0.00153725
-363.11651866	-0.00055499
-363.08318540	0.00055831
-363.04985214	0.00155379
-363.01651888	0.00244230
-362.98318562	0.00306841
-362.94985236	0.00342774
-362.91651910	0.00381942
-362.88318584	0.00377689
-362.84985258	0.00362647
-362.81651932	0.00310890
-362.78318606	0.00239598
-362.74985280	0.00144234
-362.71651954	0.00031720
-362.68318628	-0.00084434
-362.64985302	-0.00211621
-362.61651976	-0.00352647
-362.58318650	-0.00490287
-362.54985324	-0.00631630
-362.51651998	-0.00764934
-362.48318672	-0.00876439
-362.44985346	-0.01006850
-362.41652020	-0.01109619
-362.38318694	-0.01208106
-362.34985368	-0.01288183
-362.31652042	-0.01359090
-362.28318716	-0.01423977
-362.24985390	-0.01472998
-362.21652064	-0.01504134
-362.18318738	-0.01536305
-362.14985412	-0.01563654
-362.11652086	-0.01565607
-362.08318760	-0.01572916
-362.04985434	-0.01557318
-362.01652108	-0.01516402
-361.98318782	-0.01461105
-361.94985456	-0.01378632
-361.91652130	-0.01259382
-361.88318804	-0.01128279
-361.84985478	-0.00925351
-361.81652152	-0.00700088
-361.78318826	-0.00435736
-361.74985500	-0.00145841
-361.71652174	0.00188431
-361.68318848	0.00525270
-361.64985522	0.00886668
-361.61652196	0.01267240
-361.58318870	0.01614638
-361.54985544	0.01962990
-361.51652218	0.02261792
-361.48318892	0.02515147
-361.44985566	0.02708649
-361.41652240	0.02857067
-361.38318914	0.02904329
-361.34985588	0.02883913
-361.31652262	0.02796725
-361.28318936	0.02629193
-361.24985610	0.02400032
-361.21652284	0.02110357
-361.18318958	0.01768957
-361.14985632	0.01385236
-361.11652306	0.00996726
-361.08318980	0.00579218
-361.04985654	0.00179326
-361.01652328	-0.00211577
-360.98319002	-0.00588532
-360.94985676	-0.00901088
-360.91652350	-0.01175737
-360.88319024	-0.01397995
-360.84985698	-0.01558710
-360.81652372	-0.01684557
-360.78319046	-0.01745183
-360.74985720	-0.01758092
-360.71652394	-0.01740319
-360.68319068	-0.01689490
-360.64985742	-0.01595481
-360.61652416	-0.01486774
-360.58319090	-0.01377619
-360.54985764	-0.01260209
-360.51652438	-0.01138649
-360.48319112	-0.01034415
-360.44985786	-0.00933847
-360.41652460	-0.00839266
-360.38319134	-0.00762554
-360.34985808	-0.00697844
-360.31652482	-0.00656230
-360.28319156	-0.00599273
-360.24985830	-0.00548639
-360.21652504	-0.00511902
-360.18319178	-0.00476735
-360.14985852	-0.00449066
-360.11652526	-0.00418687
-360.08319200	-0.00374339
-360.04985874	-0.00344706
-360.01652548	-0.00287449
-359.98319222	-0.00240484
-359.94985896	-0.00178900
-359.91652570	-0.00100462
-359.88319244	-0.00026344
-359.84985918	0.00068223
-359.81652592	0.00168466
-359.78319266	0.00284884
-359.74985940	0.00387240
-359.71652614	0.00498219
-359.68319288	0.00620629
-359.64985962	0.00720192
-359.61652636	0.00818997
-359.58319309	0.00906492
-359.54985983	0.00962856
-359.51652657	0.01028248
-359.48319331	0.01073236
-359.44986005	0.01090513
-359.41652679	0.01079456
-359.38319353	0.01066267
-359.34986027	0.01038164
-359.31652701	0.00983772
-359.28319375	0.00930076
-359.24986049	0.00858604
-359.21652723	0.00800887
-359.18319397	0.00728700
-359.14986071	0.00661064
-359.11652745	0.00603081
-359.08319419	0.00519809
-359.04986093	0.00433956
-359.01652767	0.00344431
-358.98319441	0.00225878
-358.94986115	0.00072072
-358.91652789	-0.00084288
-358.88319463	-0.00279168
-358.84986137	-0.00507359
-358.81652811	-0.00762179
-358.78319485	-0.01050820
-358.74986159	-0.01364607
-358.71652833	-0.01700590
-358.68319507	-0.02079924
-358.64986181	-0.02454215
-358.61652855	-0.02843079
-358.58319529	-0.03236473
-358.54986203	-0.03622396
-358.51652877	-0.04001481
-358.48319551	-0.04365792
-358.44986225	-0.04704469
-358.41652899	-0.04991569
-358.38319573	-0.05262961
-358.34986247	-0.05467278
-358.31652921	-0.05619326
-358.28319595	-0.05706590
-358.24986269	-0.05725407
-358.21652943	-0.05666870
-358.18319617	-0.05533579
-358.14986291	-0.05304934
-358.11652965	-0.04983431
-358.08319639	-0.04576285
-358.04986313	-0.04076651
-358.01652987	-0.03477873
-357.98319661	-0.02796975
-357.94986335	-0.02026986
-357.91653009	-0.01162883
-357.88319683	-0.00244049
-357.84986357	0.00753429
-357.81653031	0.01794912
-357.78319705	0.02865831
-357.74986379	0.03949972
-357.71653053	0.05035328
-357.68319727	0.06092243
-357.64986401	0.07078226
-357.61653075	0.08003522
-357.58319749	0.08835282
-357.54986423	0.09526661
-357.51653097	0.10091648
-357.48319771	0.10497467
-357.44986445	0.10692734
-357.41653119	0.10706317
-357.38319793	0.10517571
-357.34986467	0.10089059
-357.31653141	0.09472805
-357.28319815	0.08632733
-357.24986489	0.07600499
-357.21653163	0.06402869
-357.18319837	0.05044861
-357.14986511	0.03539597
-357.11653185	0.01965151
-357.08319859	0.00338747
-357.04986533	-0.01297610
-357.01653207	-0.02907927
-356.98319881	-0.04437236
-356.94986555	-0.05843359
-356.91653229	-0.07107378
-356.88319903	-0.08158953
-356.84986577	-0.09011240
-356.81653251	-0.09635167
-356.78319925	-0.09999147
-356.74986599	-0.10087013
-356.71653273	-0.09930190
-356.68319947	-0.09548937
-356.64986621	-0.08951839
-356.61653295	-0.08138784
-356.58319969	-0.07161553
-356.54986643	-0.06049642
-356.51653317	-0.04856264
-356.48319991	-0.03616049
-356.44986665	-0.02364045
-356.41653339	-0.01125979
-356.38320013	0.00036822
-356.34986687	0.01103076
-356.31653361	0.02072079
-356.28320035	0.02864350
-356.24986709	0.03504001
-356.21653383	0.03957954
-356.18320057	0.04237915
-356.14986731	0.04341090
-356.11653405	0.04252007
-356.08320079	0.04027135
-356.04986753	0.03657775
-356.01653427	0.03197560
-355.98320101	0.02622927
-355.94986775	0.02018862
-355.91653449	0.01374767
-355.88320123	0.00759635
-355.84986797	0.00180901
-355.81653471	-0.00331482
-355.78320145	-0.00748660
-355.74986819	-0.01081233
-355.71653493	-0.01274360
-355.68320167	-0.01360642
-355.64986841	-0.01356304
-355.61653515	-0.01225988
-355.58320189	-0.01020909
-355.54986863	-0.00761830
-355.51653537	-0.00456921
-355.48320210	-0.00149876
-355.44986884	0.00137577
-355.41653558	0.00408969
-355.38320232	0.00618783
-355.34986906	0.00734619
-355.31653580	0.00776474
-355.28320254	0.00744499
-355.24986928	0.00623121
-355.21653602	0.00444702
-355.18320276	0.00192617
-355.14986950	-0.00095816
-355.11653624	-0.00384079
-355.08320298	-0.00666881
-355.04986972	-0.00916356
-355.01653646	-0.01137874
-354.98320320	-0.01294963
-354.94986994	-0.01354414
-354.91653668	-0.01348398
-354.88320342	-0.01257221
-354.84987016	-0.01126056
-354.81653690	-0.00902584
-354.78320364	-0.00663577
-354.74987038	-0.00379739
-354.71653712	-0.00100859
-354.68320386	0.00162046
-354.64987060	0.00406841
-354.61653734	0.00581239
-354.58320408	0.00712509
-354.54987082	0.00778415
-354.51653756	0.00769176
-354.48320430	0.00710793
-354.44987104	0.00575560
-354.41653778	0.00391021
-354.38320452	0.00170530
-354.34987126	-0.00068138
-354.31653800	-0.00335649
-354.28320474	-0.00567756
-354.24987148	-0.00791928
-354.21653822	-0.00975712
-354.18320496	-0.01125905
-354.14987170	-0.01227454
-354.11653844	-0.01276871
-354.08320518	-0.01289443
-354.04987192	-0.01259517
-354.01653866	-0.01185230
-353.98320540	-0.01103151
-353.94987214	-0.00997649
-353.91653888	-0.00886922
-353.88320562	-0.00786861
-353.84987236	-0.00709280
-353.81653910	-0.00644632
-353.78320584	-0.00616081
-353.74987258	-0.00608468
-353.71653932	-0.00636436
-353.68320606	-0.00669567
-353.64987280	-0.00738159
-353.61653954	-0.00809185
-353.58320628	-0.00894671
-353.54987302	-0.00970297
-353.51653976	-0.01023209
-353.48320650	-0.01069439
-353.44987324	-0.01084774
-353.41653998	-0.01072799
-353.38320672	-0.01006133
-353.34987346	-0.00934367
-353.31654020	-0.00819655
-353.28320694	-0.00676711
-353.24987368	-0.00526906
-353.21654042	-0.00359158
-353.18320716	-0.00195472
-353.14987390	-0.00021610
-353.11654064	0.00133282
-353.08320738	0.00273491
-353.04987412	0.00379611
-353.01654086	0.00465299
-352.98320760	0.00535465
-352.94987434	0.00582827
-352.91654108	0.00616451
-352.88320782	0.00636880
-352.84987456	0.00624825
-352.81654130	0.00609972
-352.78320804	0.00612740
-352.74987478	0.00615747
-352.71654152	0.00620720
-352.68320826	0.00662202
-352.64987500	0.00691435
-352.61654174	0.00716909
-352.58320848	0.00768950
-352.54987522	0.00811550
-352.51654196	0.00845058
-352.48320870	0.00879081
-352.44987544	0.00897254
-352.41654218	0.00902331
-352.38320892	0.00895762
-352.34987566	0.00898231
-352.31654240	0.00881112
-352.28320914	0.00848803
-352.24987588	0.00839950
-352.21654262	0.00807210
-352.18320936	0.00792121
-352.14987610	0.00812145
-352.11654284	0.00833321
-352.08320958	0.00866087
-352.04987632	0.00908909
-352.01654306	0.00991914
-351.98320980	0.01075096
-351.94987654	0.01149825
-351.91654328	0.01229346
-351.88321002	0.01309590
-351.84987676	0.01355320
-351.81654350	0.01397223
-351.78321024	0.01393199
-351.74987698	0.01372154
-351.71654372	0.01293348
-351.68321046	0.01211260
-351.64987720	0.01066415
-351.61654394	0.00905096
-351.58321068	0.00701382
-351.54987742	0.00451213
-351.51654416	0.00207892
-351.48321090	-0.00076942
-351.44987764	-0.00387464
-351.41654438	-0.00704893
-351.38321111	-0.01062916
-351.34987785	-0.01412045
-351.31654459	-0.01783775
-351.28321133	-0.02159172
-351.24987807	-0.02543536
-351.21654481	-0.02924401
-351.18321155	-0.03296403
-351.14987829	-0.03648814
-351.11654503	-0.03983196
-351.08321177	-0.04292238
-351.04987851	-0.04569917
-351.01654525	-0.04786844
-350.98321199	-0.04935445
-350.94987873	-0.05011694
-350.91654547	-0.05005381
-350.88321221	-0.04926128
-350.84987895	-0.04759404
-350.81654569	-0.04470978
-350.78321243	-0.04104534
-350.74987917	-0.03631261
-350.71654591	-0.03062847
-350.68321265	-0.02404603
-350.64987939	-0.01645752
-350.61654613	-0.00829834
-350.58321287	0.00043330
-350.54987961	0.00953272
-350.51654635	0.01884939
-350.48321309	0.02830292
-350.44987983	0.03724442
-350.41654657	0.04574186
-350.38321331	0.05320568
-350.34988005	0.05990318
-350.31654679	0.06515650
-350.28321353	0.06897071
-350.24988027	0.07103709
-350.21654701	0.07133407
-350.18321375	0.06981063
-350.14988049	0.06627171
-350.11654723	0.06103732
-350.08321397	0.05423543
-350.04988071	0.04600412
-350.01654745	0.03660017
-349.98321419	0.02646956
-349.94988093	0.01570843
-349.91654767	0.00495460
-349.88321441	-0.00561279
-349.84988115	-0.01551911
-349.81654789	-0.02452336
-349.78321463	-0.03251709
-349.74988137	-0.03909273
-349.71654811	-0.04405890
-349.68321485	-0.04749081
-349.64988159	-0.04942380
-349.61654833	-0.04985140
-349.58321507	-0.04895864
-349.54988181	-0.04672564
-349.51654855	-0.04349199
-349.48321529	-0.03951130
-349.44988203	-0.03489461
-349.41654877	-0.02995573
-349.38321551	-0.02487826
-349.34988225	-0.01972193
-349.31654899	-0.01474709
-349.28321573	-0.01020894
-349.24988247	-0.00604123
-349.21654921	-0.00236055
-349.18321595	0.00096295
-349.14988269	0.00367819
-349.11654943	0.00586033
-349.08321617	0.00751205
-349.04988291	0.00880509
-349.01654965	0.00959901
-348.98321639	0.00983353
-348.94988313	0.00986768
-348.91654987	0.00957051
-348.88321661	0.00902515
-348.84988335	0.00818544
-348.81655009	0.00733591
-348.78321683	0.00623831
-348.74988357	0.00507456
-348.71655031	0.00398122
-348.68321705	0.00294263
-348.64988379	0.00199727
-348.61655053	0.00116057
-348.58321727	0.00042669
-348.54988401	-0.00011253
-348.51655075	-0.00032754
-348.48321749	-0.00059827
-348.44988423	-0.00055255
-348.41655097	-0.00053446
-348.38321771	-0.00032291
-348.34988445	-0.00022999
-348.31655119	-0.00009954
-348.28321793	-0.00007868
-348.24988467	-0.00016676
-348.21655141	-0.00035541
-348.18321815	-0.00060564
-348.14988489	-0.00116259
-348.11655163	-0.00177485
-348.08321837	-0.00252520
-348.04988511	-0.00327735
-348.01655185	-0.00406121
-347.98321859	-0.00469584
-347.94988533	-0.00532265
-347.91655207	-0.00587612
-347.88321881	-0.00622829
-347.84988555	-0.00630068
-347.81655229	-0.00617812
-347.78321903	-0.00599380
-347.74988577	-0.00566705
-347.71655251	-0.00498039
-347.68321925	-0.00430535
-347.64988599	-0.00356352
-347.61655273	-0.00269454
-347.58321947	-0.00202989
-347.54988621	-0.00137987
-347.51655295	-0.00078976
-347.48321969	-0.00032749
-347.44988643	-0.00009438
-347.41655317	-0.00005931
-347.38321991	-0.00016591
-347.34988665	-0.00050220
-347.31655339	-0.00089411
-347.28322012	-0.00155710
-347.24988686	-0.00230582
-347.21655360	-0.00295467
-347.18322034	-0.00367020
-347.14988708	-0.00430952
-347.11655382	-0.00498354
-347.08322056	-0.00544777
-347.04988730	-0.00586919
-347.01655404	-0.00609635
-346.98322078	-0.00610255
-346.94988752	-0.00577619
-346.91655426	-0.00546420
-346.88322100	-0.00481056
-346.84988774	-0.00402707
-346.81655448	-0.00323180
-346.78322122	-0.00234207
-346.74988796	-0.00153930
-346.71655470	-0.00081503
-346.68322144	-0.00012071
-346.64988818	0.00032030
-346.61655492	0.00049622
-346.58322166	0.00038357
-346.54988840	0.00026820
-346.51655514	-0.00024988
-346.48322188	-0.00106738
-346.44988862	-0.00178189
-346.41655536	-0.00274262
-346.38322210	-0.00396554
-346.34988884	-0.00515016
-346.31655558	-0.00607400
-346.28322232	-0.00716746
-346.24988906	-0.00788147
-346.21655580	-0.00842805
-346.18322254	-0.00896793
-346.14988928	-0.00918085
-346.11655602	-0.00912820
-346.08322276	-0.00893150
-346.04988950	-0.00839151
-346.01655624	-0.00782462
-345.98322298	-0.00718924
-345.94988972	-0.00618561
-345.91655646	-0.00537599
-345.88322320	-0.00448281
-345.84988994	-0.00350409
-345.81655668	-0.00265914
-345.78322342	-0.00178377
-345.74989016	-0.00111458
-345.71655690	-0.00041389
-345.68322364	0.00003975
-345.64989038	0.00050561
-345.61655712	0.00084048
-345.58322386	0.00079580
-345.54989060	0.00057279
-345.51655734	0.00021623
-345.48322408	-0.00031076
-345.44989082	-0.00086372
-345.41655756	-0.00167536
-345.38322430	-0.00260416
-345.34989104	-0.00363212
-345.31655778	-0.00473986
-345.28322452	-0.00590168
-345.24989126	-0.00701673
-345.21655800	-0.00812101
-345.18322474	-0.00904783
-345.14989148	-0.00962736
-345.11655822	-0.01031785
-345.08322496	-0.01082640
-345.04989170	-0.01094580
-345.01655844	-0.01104474
-344.98322518	-0.01090200
-344.94989192	-0.01083521
-344.91655866	-0.01046915
-344.88322540	-0.00994529
-344.84989214	-0.00974909
-344.81655888	-0.00934227
-344.78322562	-0.00911316
-344.74989236	-0.00899436
-344.71655910	-0.00884606
-344.68322584	-0.00889682
-344.64989258	-0.00892863
-344.61655932	-0.00924942
-344.58322606	-0.00931031
-344.54989280	-0.00951877
-344.51655954	-0.00950032
-344.48322628	-0.00951088
-344.44989302	-0.00943455
-344.41655976	-0.00878813
-344.38322650	-0.00813088
-344.34989324	-0.00730819
-344.31655998	-0.00610850
-344.28322672	-0.00463433
-344.24989346	-0.00297780
-344.21656020	-0.00110136
-344.18322694	0.00095267
-344.14989368	0.00314839
-344.11656042	0.00522401
-344.08322716	0.00734722
-344.04989390	0.00942936
-344.01656064	0.01118946
-343.98322738	0.01281644
-343.94989412	0.01415129
-343.91656086	0.01514838
-343.88322760	0.01569272
-343.84989434	0.01593739
-343.81656108	0.01581230
-343.78322782	0.01523708
-343.74989456	0.01449387
-343.71656130	0.01315614
-343.68322804	0.01178563
-343.64989478	0.01021289
-343.61656152	0.00832264
-343.58322826	0.00640287
-343.54989500	0.00447679
-343.51656174	0.00243398
-343.48322848	0.00038537
-343.44989522	-0.00149635
-343.41656196	-0.00326396
-343.38322870	-0.00496207
-343.34989544	-0.00648689
-343.31656218	-0.00803186
-343.28322892	-0.00925393
-343.24989566	-0.01031039
-343.21656240	-0.01119501
-343.18322913	-0.01226810
-343.14989587	-0.01304888
-343.11656261	-0.01361999
-343.08322935	-0.01409709
-343.04989609	-0.01465454
-343.01656283	-0.01493752
-342.98322957	-0.01516684
-342.94989631	-0.01531751
-342.91656305	-0.01542829
-342.88322979	-0.01551337
-342.84989653	-0.01539410
-342.81656327	-0.01510838
-342.78323001	-0.01478420
-342.74989675	-0.01429245
-342.71656349	-0.01376940
-342.68323023	-0.01314350
-342.64989697	-0.01242370
-342.61656371	-0.01150313
-342.58323045	-0.01071209
-342.54989719	-0.00959348
-342.51656393	-0.00857726
-342.48323067	-0.00729588
-342.44989741	-0.00598340
-342.41656415	-0.00478536
-342.38323089	-0.00333983
-342.34989763	-0.00205054
-342.31656437	-0.00061977
-342.28323111	0.00068770
-342.24989785	0.00217924
-342.21656459	0.00352772
-342.18323133	0.00474582
-342.14989807	0.00599464
-342.11656481	0.00719881
-342.08323155	0.00804011
-342.04989829	0.00896612
-342.01656503	0.00965155
-341.98323177	0.00992265
-341.94989851	0.01010386
-341.91656525	0.01008278
-341.88323199	0.00972709
-341.84989873	0.00912998
-341.81656547	0.00836814
-341.78323221	0.00722149
-341.74989895	0.00594283
-341.71656569	0.00438574
-341.68323243	0.00286501
-341.64989917	0.00132484
-341.61656591	-0.00057642
-341.58323265	-0.00233483
-341.54989939	-0.00400805
-341.51656613	-0.00576988
-341.48323287	-0.00718473
-341.44989961	-0.00866892
-341.41656635	-0.01014167
-341.38323309	-0.01115092
-341.34989983	-0.01222361
-341.31656657	-0.01306078
-341.28323331	-0.01392378
-341.24990005	-0.01464426
-341.21656679	-0.01523170
-341.18323353	-0.01576613
-341.14990027	-0.01639948
-341.11656701	-0.01702159
-341.08323375	-0.01747171
-341.04990049	-0.01808438
-341.01656723	-0.01865079
-340.98323397	-0.01930081
-340.94990071	-0.01995599
-340.91656745	-0.02044074
-340.88323419	-0.02089649
-340.84990093	-0.02131828
-340.81656767	-0.02158719
-340.78323441	-0.02169452
-340.74990115	-0.02158209
-340.71656789	-0.02101039
-340.68323463	-0.02014665
-340.64990137	-0.01893170
-340.61656811	-0.01733351
-340.58323485	-0.01521046
-340.54990159	-0.01283971
-340.51656833	-0.00982361
-340.48323507	-0.00649565
-340.44990181	-0.00282663
-340.41656855	0.00119807
-340.38323529	0.00533309
-340.34990203	0.00958049
-340.31656877	0.01389951
-340.28323551	0.01825060
-340.24990225	0.02235676
-340.21656899	0.02621688
-340.18323573	0.02980624
-340.14990247	0.03292568
-340.11656921	0.03561808
-340.08323595	0.03759076
-340.04990269	0.03883962
-340.01656943	0.03973024
-339.98323617	0.03966757
-339.94990291	0.03875704
-339.91656965	0.03734030
-339.88323639	0.03499011
-339.84990313	0.03185433
-339.81656987	0.02824499
-339.78323661	0.02366777
-339.74990335	0.01889099
-339.71657009	0.01346895
-339.68323683	0.00767234
-339.64990357	0.00168064
-339.61657031	-0.00474342
-339.58323705	-0.01090996
-339.54990379	-0.01698445
-339.51657053	-0.02275746
-339.48323727	-0.02812490
-339.44990401	-0.03279870
-339.41657075	-0.03716984
-339.38323749	-0.04052484
-339.34990423	-0.04292901
-339.31657097	-0.04440432
-339.28323771	-0.04502969
-339.24990445	-0.04441956
-339.21657119	-0.04304088
-339.18323793	-0.04065548
-339.14990467	-0.03767157
-339.11657140	-0.03376051
-339.08323814	-0.02932590
-339.04990488	-0.02463258
-339.01657162	-0.01952199
-338.98323836	-0.01418916
-338.94990510	-0.00916560
-338.91657184	-0.00411831
-338.88323858	0.00047109
-338.84990532	0.00481961
-338.81657206	0.00844018
-338.78323880	0.01132134
-338.74990554	0.01378823
-338.71657228	0.01540681
-338.68323902	0.01645647
-338.64990576	0.01664827
-338.61657250	0.01633880
-338.58323924	0.01549984
-338.54990598	0.01411850
-338.51657272	0.01227997
-338.48323946	0.01023250
-338.44990620	0.00786306
-338.41657294	0.00530820
-338.38323968	0.00279281
-338.34990642	0.00029538
-338.31657316	-0.00214129
-338.28323990	-0.00427528
-338.24990664	-0.00624538
-338.21657338	-0.00776626
-338.18324012	-0.00910010
-338.14990686	-0.00994788
-338.11657360	-0.01069631
-338.08324034	-0.01093748
-338.04990708	-0.01086713
-338.01657382	-0.01051983
-337.98324056	-0.00980410
-337.94990730	-0.00914421
-337.91657404	-0.00819170
-337.88324078	-0.00728722
-337.84990752	-0.00628979
-337.81657426	-0.00516702
-337.78324100	-0.00401362
-337.74990774	-0.00304437
-337.71657448	-0.00211114
-337.68324122	-0.00133520
-337.64990796	-0.00060048
-337.61657470	-0.00004658
-337.58324144	0.00053552
-337.54990818	0.00077090
-337.51657492	0.00095857
-337.48324166	0.00104008
-337.44990840	0.00094066
-337.41657514	0.00051657
-337.38324188	0.00011208
-337.34990862	-0.00051009
-337.31657536	-0.00132711
-337.28324210	-0.00206325
-337.24990884	-0.00283454
-337.21657558	-0.00373284
-337.18324232	-0.00447591
-337.14990906	-0.00532355
-337.11657580	-0.00605433
-337.08324254	-0.00662697
-337.04990928	-0.00716687
-337.01657602	-0.00770597
-336.98324276	-0.00807010
-336.94990950	-0.00837427
-336.91657624	-0.00877567
-336.88324298	-0.00903242
-336.84990972	-0.00942809
-336.81657646	-0.00979560
-336.78324320	-0.01038816
-336.74990994	-0.01091149
-336.71657668	-0.01152331
-336.68324342	-0.01223609
-336.64991016	-0.01287578
-336.61657690	-0.01352998
-336.58324364	-0.01418702
-336.54991038	-0.01469329
-336.51657712	-0.01509618
-336.48324386	-0.01509197
-336.44991060	-0.01486649
-336.41657734	-0.01445978
-336.38324408	-0.01361845
-336.34991082	-0.01262079
-336.31657756	-0.01144896
-336.28324430	-0.00998767
-336.24991104	-0.00803991
-336.21657778	-0.00622256
-336.18324452	-0.00452248
-336.14991126	-0.00269441
-336.11657800	-0.00107041
-336.08324474	0.00040905
-336.04991148	0.00157973
-336.01657822	0.00243142
-335.98324496	0.00289868
-335.94991170	0.00316512
-335.91657844	0.00303849
-335.88324518	0.00263355
-335.84991192	0.00173120
-335.81657866	0.00090208
-335.78324540	-0.00004445
-335.74991214	-0.00130082
-335.71657888	-0.00234763
-335.68324562	-0.00343715
-335.64991236	-0.00431722
-335.61657910	-0.00486913
-335.58324584	-0.00520234
-335.54991258	-0.00552406
-335.51657932	-0.00536733
-335.48324606	-0.00503247
-335.44991280	-0.00458404
-335.41657954	-0.00381372
-335.38324628	-0.00292761
-335.34991302	-0.00209505
-335.31657976	-0.00110957
-335.28324650	-0.00017491
-335.24991324	0.00055548
-335.21657998	0.00143608
-335.18324672	0.00187476
-335.14991346	0.00227986
-335.11658020	0.00254392
-335.08324694	0.00264546
-335.04991368	0.00247975
-335.01658041	0.00243682
-334.98324715	0.00213408
-334.94991389	0.00187135
-334.91658063	0.00152287
-334.88324737	0.00124295
-334.84991411	0.00080512
-334.81658085	0.00077505
-334.78324759	0.00078768
-334.74991433	0.00054588
-334.71658107	0.00063938
-334.68324781	0.00050083
-334.64991455	0.00055939
-334.61658129	0.00064713
-334.58324803	0.00059049
-334.54991477	0.00065406
-334.51658151	0.00061177
-334.48324825	0.00040580
-334.44991499	0.00029029
-334.41658173	0.00010652
-334.38324847	-0.00020518
-334.34991521	-0.00068610
-334.31658195	-0.00119110
-334.28324869	-0.00173947
-334.24991543	-0.00224699
-334.21658217	-0.00290324
-334.18324891	-0.00335895
-334.14991565	-0.00401770
-334.11658239	-0.00456602
-334.08324913	-0.00521342
-334.04991587	-0.00568696
-334.01658261	-0.00621920
-333.98324935	-0.00675930
-333.94991609	-0.00732326
-333.91658283	-0.00783431
-333.88324957	-0.00857954
-333.84991631	-0.00920892
-333.81658305	-0.00995107
-333.78324979	-0.01083429
-333.74991653	-0.01149100
-333.71658327	-0.01261073
-333.68325001	-0.01355122
-333.64991675	-0.01464438
-333.61658349	-0.01553292
-333.58325023	-0.01645128
-333.54991697	-0.01747472
-333.51658371	-0.01830584
-333.48325045	-0.01890265
-333.44991719	-0.01928372
-333.41658393	-0.01937817
-333.38325067	-0.01939055
-333.34991741	-0.01887920
-333.31658415	-0.01801934
-333.28325089	-0.01691457
-333.24991763	-0.01529651
-333.21658437	-0.01338575
-333.18325111	-0.01108172
-333.14991785	-0.00851621
-333.11658459	-0.00568123
-333.08325133	-0.00279636
-333.04991807	0.00027655
-333.01658481	0.00324217
-332.98325155	0.00626718
-332.94991829	0.00906496
-332.91658503	0.01172483
-332.88325177	0.01404619
-332.84991851	0.01609086
-332.81658525	0.01757221
-332.78325199	0.01870636
-332.74991873	0.01924369
-332.71658547	0.01914527
-332.68325221	0.01875598
-332.64991895	0.01792886
-332.61658569	0.01636595
-332.58325243	0.01447382
-332.54991917	0.01214599
-332.51658591	0.00953628
-332.48325265	0.00673993
-332.44991939	0.00374757
-332.41658613	0.00061185
-332.38325287	-0.00224604
-332.34991961	-0.00516680
-332.31658635	-0.00785258
-332.28325309	-0.01014955
-332.24991983	-0.01218222
-332.21658657	-0.01389896
-332.18325331	-0.01530192
-332.14992005	-0.01627734
-332.11658679	-0.01678466
-332.08325353	-0.01693243
-332.04992027	-0.01674604
-332.01658701	-0.01628425
-331.98325375	-0.01575373
-331.94992049	-0.01490699
-331.91658723	-0.01389975
-331.88325397	-0.01274187
-331.84992071	-0.01156343
-331.81658745	-0.01043752
-331.78325419	-0.00917720
-331.74992093	-0.00791533
-331.71658767	-0.00699101
-331.68325441	-0.00613971
-331.64992115	-0.00514727
-331.61658789	-0.00441528
-331.58325463	-0.00375852
-331.54992137	-0.00326811
-331.51658811	-0.00282277
-331.48325485	-0.00258941
-331.44992159	-0.00228080
-331.41658833	-0.00218128
-331.38325507	-0.00210615
-331.34992181	-0.00192215
-331.31658855	-0.00182024
-331.28325529	-0.00174480
-331.24992203	-0.00178408
-331.21658877	-0.00154933
-331.18325551	-0.00151191
-331.14992225	-0.00134894
-331.11658899	-0.00117081
-331.08325573	-0.00089422
-331.04992247	-0.00077576
-331.01658921	-0.00072020
-330.98325595	-0.00055999
-330.94992269	-0.00026989
-330.91658942	-0.00017787
-330.88325616	-0.00005145
-330.84992290	-0.00011569
-330.81658964	-0.00007007
-330.78325638	0.00001279
-330.74992312	-0.00009087
-330.71658986	-0.00021011
-330.68325660	-0.00031463
-330.64992334	-0.00044462
-330.61659008	-0.00048482
-330.58325682	-0.00077303
-330.54992356	-0.00092484
-330.51659030	-0.00106831
-330.48325704	-0.00117350
-330.44992378	-0.00127111
-330.41659052	-0.00145688
-330.38325726	-0.00163308
-330.34992400	-0.00180067
-330.31659074	-0.00199093
-330.28325748	-0.00221209
-330.24992422	-0.00237926
-330.21659096	-0.00260625
-330.18325770	-0.00300293
-330.14992444	-0.00337458
-330.11659118	-0.00361199
-330.08325792	-0.00419885
-330.04992466	-0.00457812
-330.01659140	-0.00511202
-329.98325814	-0.00569743
-329.94992488	-0.00623924
-329.91659162	-0.00686989
-329.88325836	-0.00742053
-329.84992510	-0.00801337
-329.81659184	-0.00836358
-329.78325858	-0.00879399
-329.74992532	-0.00907412
-329.71659206	-0.00923205
-329.68325880	-0.00922158
-329.64992554	-0.00902337
-329.61659228	-0.00865344
-329.58325902	-0.00806123
-329.54992576	-0.00744807
-329.51659250	-0.00645990
-329.48325924	-0.00550245
-329.44992598	-0.00451325
-329.41659272	-0.00357993
-329.38325946	-0.00256911
-329.34992620	-0.00154979
-329.31659294	-0.00065653
-329.28325968	-0.00023002
-329.24992642	0.00039773
-329.21659316	0.00064744
-329.18325990	0.00083657
-329.14992664	0.00065955
-329.11659338	0.00030867
-329.08326012	-0.00024461
-329.04992686	-0.00079295
-329.01659360	-0.00144728
-328.98326034	-0.00215385
-328.94992708	-0.00270600
-328.91659382	-0.00336102
-328.88326056	-0.00405719
-328.84992730	-0.00439737
-328.81659404	-0.00480484
-328.78326078	-0.00496631
-328.74992752	-0.00498137
-328.71659426	-0.00485173
-328.68326100	-0.00452608
-328.64992774	-0.00422727
-328.61659448	-0.00395436
-328.58326122	-0.00365818
-328.54992796	-0.00327705
-328.51659470	-0.00286236
-328.48326144	-0.00252445
-328.44992818	-0.00230058
-328.41659492	-0.00217070
-328.38326166	-0.00191070
-328.34992840	-0.00211101
-328.31659514	-0.00211590
-328.28326188	-0.00202924
-328.24992862	-0.00212669
-328.21659536	-0.00235871
-328.18326210	-0.00242623
-328.14992884	-0.00255663
-328.11659558	-0.00267487
-328.08326232	-0.00270483
-328.04992906	-0.00272359
-328.01659580	-0.00281328
-327.98326254	-0.00279635
-327.94992928	-0.00286282
-327.91659602	-0.00271887
-327.88326276	-0.00259545
-327.84992950	-0.00253420
-327.81659624	-0.00250035
-327.78326298	-0.00251494
-327.74992972	-0.00247973
-327.71659646	-0.00244288
-327.68326320	-0.00264109
-327.64992994	-0.00267843
-327.61659668	-0.00299579
-327.58326342	-0.00312656
-327.54993016	-0.00341569
-327.51659690	-0.00359261
-327.48326364	-0.00385132
-327.44993038	-0.00416719
-327.41659712	-0.00425396
-327.38326386	-0.00456428
-327.34993060	-0.00469518
-327.31659734	-0.00461981
-327.28326408	-0.00460924
-327.24993082	-0.00428468
-327.21659756	-0.00416503
-327.18326430	-0.00368945
-327.14993104	-0.00316947
-327.11659778	-0.00261007
-327.08326452	-0.00205752
-327.04993126	-0.00140639
-327.01659800	-0.00069258
-326.98326474	0.00003924
-326.94993148	0.00055358
-326.91659822	0.00119884
-326.88326496	0.00186181
-326.84993170	0.00220616
-326.81659843	0.00252392
-326.78326517	0.00282168
-326.74993191	0.00293286
-326.71659865	0.00301699
-326.68326539	0.00317325
-326.64993213	0.00309276
-326.61659887	0.00293061
-326.58326561	0.00287669
-326.54993235	0.00284454
-326.51659909	0.00285328
-326.48326583	0.00292769
-326.44993257	0.00283752
-326.41659931	0.00292305
-326.38326605	0.00279377
-326.34993279	0.00277175
-326.31659953	0.00257745
-326.28326627	0.00243508
-326.24993301	0.00238892
-326.21659975	0.00218828
-326.18326649	0.00202717
-326.14993323	0.00148364
-326.11659997	0.00117436
-326.08326671	0.00053723
-326.04993345	0.00006013
-326.01660019	-0.00060116
-325.98326693	-0.00104104
-325.94993367	-0.00160911
-325.91660041	-0.00213164
-325.88326715	-0.00258897
-325.84993389	-0.00308385
-325.81660063	-0.00337171
-325.78326737	-0.00381958
-325.74993411	-0.00401065
-325.71660085	-0.00431303
-325.68326759	-0.00456450
-325.64993433	-0.00468265
-325.61660107	-0.00486578
-325.58326781	-0.00491774
-325.54993455	-0.00506277
-325.51660129	-0.00533197
-325.48326803	-0.00544502
-325.44993477	-0.00540988
-325.41660151	-0.00562034
-325.38326825	-0.00552888
-325.34993499	-0.00559051
-325.31660173	-0.00564110
-325.28326847	-0.00547354
-325.24993521	-0.00549616
-325.21660195	-0.00543150
-325.18326869	-0.00532406
-325.14993543	-0.00527260
-325.11660217	-0.00522791
-325.08326891	-0.00504774
-325.04993565	-0.00488031
-325.01660239	-0.00467649
-324.98326913	-0.00449535
-324.94993587	-0.00411448
-324.91660261	-0.00384125
-324.88326935	-0.00346568
-324.84993609	-0.00308349
-324.81660283	-0.00257825
-324.78326957	-0.00203954
-324.74993631	-0.00163341
-324.71660305	-0.00105291
-324.68326979	-0.00052774
-324.64993653	0.00016823
-324.61660327	0.00056303
-324.58327001	0.00104211
-324.54993675	0.00141196
-324.51660349	0.00184548
-324.48327023	0.00205370
-324.44993697	0.00227082
-324.41660371	0.00233829
-324.38327045	0.00238130
-324.34993719	0.00224774
-324.31660393	0.00200313
-324.28327067	0.00184107
-324.24993741	0.00153279
-324.21660415	0.00113951
-324.18327089	0.00062704
-324.14993763	0.00015838
-324.11660437	-0.00027292
-324.08327111	-0.00081319
-324.04993785	-0.00146305
-324.01660459	-0.00206797
-323.98327133	-0.00278387
-323.94993807	-0.00341509
-323.91660481	-0.00398659
-323.88327155	-0.00456903
-323.84993829	-0.00506500
-323.81660503	-0.00564453
-323.78327177	-0.00605045
-323.74993851	-0.00647254
-323.71660525	-0.00685012
-323.68327199	-0.00712089
-323.64993873	-0.00702350
-323.61660547	-0.00711724
-323.58327221	-0.00716244
-323.54993895	-0.00718812
-323.51660569	-0.00705805
-323.48327243	-0.00698239
-323.44993917	-0.00697311
-323.41660591	-0.00700480
-323.38327265	-0.00686445
-323.34993939	-0.00679725
-323.31660613	-0.00696868
-323.28327287	-0.00697923
-323.24993961	-0.00693457
-323.21660635	-0.00680474
-323.18327309	-0.00658921
-323.14993983	-0.00621671
-323.11660657	-0.00581696
-323.08327331	-0.00532828
-323.04994005	-0.00467145
-323.01660679	-0.00381132
-322.98327353	-0.00268376
-322.94994027	-0.00145456
-322.91660701	-0.00033706
-322.88327375	0.00103992
-322.84994049	0.00248561
-322.81660723	0.00366930
-322.78327397	0.00494799
-322.74994071	0.00609761
-322.71660744	0.00738269
-322.68327418	0.00833634
-322.64994092	0.00914818
-322.61660766	0.00974270
-322.58327440	0.01011447
-322.54994114	0.01053136
-322.51660788	0.01053099
-322.48327462	0.01027006
-322.44994136	0.00984160
-322.41660810	0.00938866
-322.38327484	0.00873713
-322.34994158	0.00770941
-322.31660832	0.00677466
-322.28327506	0.00568523
-322.24994180	0.00414751
-322.21660854	0.00265900
-322.18327528	0.00109559
-322.14994202	-0.00069459
-322.11660876	-0.00241892
-322.08327550	-0.00415453
-322.04994224	-0.00595764
-322.01660898	-0.00761176
-321.98327572	-0.00937009
-321.94994246	-0.01092445
-321.91660920	-0.01236288
-321.88327594	-0.01364050
-321.84994268	-0.01466191
-321.81660942	-0.01548296
-321.78327616	-0.01605770
-321.74994290	-0.01623064
-321.71660964	-0.01618912
-321.68327638	-0.01599796
-321.64994312	-0.01532632
-321.61660986	-0.01444307
-321.58327660	-0.01345988
-321.54994334	-0.01222847
-321.51661008	-0.01101089
-321.48327682	-0.00940391
-321.44994356	-0.00769828
-321.41661030	-0.00617313
-321.38327704	-0.00450829
-321.34994378	-0.00289055
-321.31661052	-0.00129099
-321.28327726	0.00003369
-321.24994400	0.00134978
-321.21661074	0.00243235
-321.18327748	0.00335010
-321.14994422	0.00416641
-321.11661096	0.00467525
-321.08327770	0.00486234
-321.04994444	0.00469934
-321.01661118	0.00443330
-320.98327792	0.00407586
-320.94994466	0.00309630
-320.91661140	0.00222240
-320.88327814	0.00101115
-320.84994488	-0.00018411
-320.81661162	-0.00144114
-320.78327836	-0.00283045
-320.74994510	-0.00407162
-320.71661184	-0.00540674
-320.68327858	-0.00643740
-320.64994532	-0.00735300
-320.61661206	-0.00808911
-320.58327880	-0.00851417
-320.54994554	-0.00868281
-320.51661228	-0.00880355
-320.48327902	-0.00840516
-320.44994576	-0.00809735
-320.41661250	-0.00746695
-320.38327924	-0.00666384
-320.34994598	-0.00560096
-320.31661272	-0.00475226
-320.28327946	-0.00371760
-320.24994620	-0.00275126
-320.21661294	-0.00186717
-320.18327968	-0.00118142
-320.14994642	-0.00046652
-320.11661316	0.00019867
-320.08327990	0.00045305
-320.04994664	0.00058239
-320.01661338	0.00046574
-319.98328012	0.00035212
-319.94994686	-0.00015852
-319.91661360	-0.00077513
-319.88328034	-0.00133027
-319.84994708	-0.00221671
-319.81661382	-0.00295883
-319.78328056	-0.00391355
-319.74994730	-0.00472241
-319.71661404	-0.00567016
-319.68328078	-0.00633871
-319.64994752	-0.00702400
-319.61661426	-0.00741657
-319.58328100	-0.00762108
-319.54994774	-0.00786317
-319.51661448	-0.00781377
-319.48328122	-0.00748326
-319.44994796	-0.00699430
-319.41661470	-0.00634834
-319.38328144	-0.00566056
-319.34994818	-0.00477497
-319.31661492	-0.00393569
-319.28328166	-0.00308931
-319.24994840	-0.00223852
-319.21661514	-0.00168289
-319.18328188	-0.00130639
-319.14994862	-0.00089933
-319.11661536	-0.00081246
-319.08328210	-0.00088668
-319.04994884	-0.00113756
-319.01661558	-0.00146945
-318.98328232	-0.00204546
-318.94994906	-0.00244503
-318.91661580	-0.00309525
-318.88328254	-0.00357313
-318.84994928	-0.00411293
-318.81661602	-0.00448137
-318.78328276	-0.00455164
-318.74994950	-0.00466705
-318.71661624	-0.00448388
-318.68328298	-0.00407114
-318.64994972	-0.00356602
-318.61661645	-0.00290804
-318.58328319	-0.00221898
-318.54994993	-0.00156484
-318.51661667	-0.00076927
-318.48328341	-0.00011173
-318.44995015	0.00059400
-318.41661689	0.00131545
-318.38328363	0.00173577
-318.34995037	0.00187123
-318.31661711	0.00189805
-318.28328385	0.00180400
-318.24995059	0.00149988
-318.21661733	0.00115644
-318.18328407	0.00052895
-318.14995081	-0.00006676
-318.11661755	-0.00065721
-318.08328429	-0.00142108
-318.04995103	-0.00217444
-318.01661777	-0.00286273
-317.98328451	-0.00358312
-317.94995125	-0.00416856
-317.91661799	-0.00466760
-317.88328473	-0.00495151
-317.84995147	-0.00496275
-317.81661821	-0.00509096
-317.78328495	-0.00485065
-317.74995169	-0.00447316
-317.71661843	-0.00387229
-317.68328517	-0.00334017
-317.64995191	-0.00250452
-317.61661865	-0.00168032
-317.58328539	-0.00102213
-317.54995213	-0.00006982
-317.51661887	0.00045468
-317.48328561	0.00107559
-317.44995235	0.00150718
-317.41661909	0.00198641
-317.38328583	0.00193807
-317.34995257	0.00182411
-317.31661931	0.00140592
-317.28328605	0.00097713
-317.24995279	0.00045676
-317.21661953	-0.00030438
-317.18328627	-0.00096459
-317.14995301	-0.00178971
-317.11661975	-0.00260763
-317.08328649	-0.00340939
-317.04995323	-0.00386941
-317.01661997	-0.00446278
-316.98328671	-0.00484100
-316.94995345	-0.00488655
-316.91662019	-0.00494288
-316.88328693	-0.00465976
-316.84995367	-0.00434640
-316.81662041	-0.00386719
-316.78328715	-0.00326911
-316.74995389	-0.00279203
-316.71662063	-0.00201802
-316.68328737	-0.00151004
-316.64995411	-0.00089113
-316.61662085	-0.00042237
-316.58328759	-0.00010643
-316.54995433	-0.00000420
-316.51662107	0.00023426
-316.48328781	-0.00003142
-316.44995455	-0.00020592
-316.41662129	-0.00049510
-316.38328803	-0.00101530
-316.34995477	-0.00153635
-316.31662151	-0.00235055
-316.28328825	-0.00293006
-316.24995499	-0.00356641
-316.21662173	-0.00412984
-316.18328847	-0.00477260
-316.14995521	-0.00522798
-316.11662195	-0.00555578
-316.08328869	-0.00575658
-316.04995543	-0.00588866
-316.01662217	-0.00586932
-315.98328891	-0.00590288
-315.94995565	-0.00542986
-315.91662239	-0.00510234
-315.88328913	-0.00474309
-315.84995587	-0.00417442
-315.81662261	-0.00382157
-315.78328935	-0.00322785
-315.74995609	-0.00274276
-315.71662283	-0.00220211
-315.68328957	-0.00170501
-315.64995631	-0.00132630
-315.61662305	-0.00088921
-315.58328979	-0.00071957
-315.54995653	-0.00042215
-315.51662327	-0.00013246
-315.48329001	-0.00001028
-315.44995675	0.00019433
-315.41662349	0.00041958
-315.38329023	0.00047729
-315.34995697	0.00071458
-315.31662371	0.00082635
-315.28329045	0.00101535
-315.24995719	0.00127706
-315.21662393	0.00145883
-315.18329067	0.00165254
-315.14995741	0.00185371
-315.11662415	0.00196268
-315.08329089	0.00208016
-315.04995763	0.00215234
-315.01662437	0.00213189
-314.98329111	0.00201397
-314.94995785	0.00185373
-314.91662459	0.00158089
-314.88329133	0.00119897
-314.84995807	0.00074917
-314.81662481	0.00027502
-314.78329155	-0.00023231
-314.74995829	-0.00076348
-314.71662503	-0.00133603
-314.68329177	-0.00185313
-314.64995851	-0.00229721
-314.61662525	-0.00272704
-314.58329199	-0.00298275
-314.54995872	-0.00326512
-314.51662546	-0.00338642
-314.48329220	-0.00345663
-314.44995894	-0.00337762
-314.41662568	-0.00323297
-314.38329242	-0.00310171
-314.34995916	-0.00286791
-314.31662590	-0.00255060
-314.28329264	-0.00223498
-314.24995938	-0.00194286
-314.21662612	-0.00164351
-314.18329286	-0.00131575
-314.14995960	-0.00105749
-314.11662634	-0.00081756
-314.08329308	-0.00061107
-314.04995982	-0.00044773
-314.01662656	-0.00032790
-313.98329330	-0.00024289
-313.94996004	-0.00013805
-313.91662678	-0.00008146
-313.88329352	-0.00005514
-313.84996026	-0.00006397
-313.81662700	-0.00009642
-313.78329374	-0.00010738
-313.74996048	-0.00012811
-313.71662722	-0.00017210
-313.68329396	-0.00018945
-313.64996070	-0.00019567
-313.61662744	-0.00022705
-313.58329418	-0.00024514
-313.54996092	-0.00023553
-313.51662766	-0.00025470
-313.48329440	-0.00023987
-313.44996114	-0.00021665
-313.41662788	-0.00019808
-313.38329462	-0.00016323
-313.34996136	-0.00013004
-313.31662810	-0.00011506
-313.28329484	-0.00007215
-313.24996158	-0.00005141
-313.21662832	-0.00003400
-313.18329506	-0.00001384
-313.14996180	0.00000193
-313.11662854	0.00001284
-313.08329528	0.00001480
-313.04996202	0.00001574
-313.01662876	0.00001502
-312.98329550	0.00000907
-312.94996224	0.00000535
-312.91662898	-0.00000261
-312.88329572	-0.00000514
-312.84996246	-0.00001015
-312.81662920	-0.00001404
-312.78329594	-0.00001444
-312.74996268	-0.00001321
-312.71662942	-0.00001253
-312.68329616	-0.00000996
-312.64996290	-0.00000726
-312.61662964	-0.00000419
-312.58329638	-0.00000194
-312.54996312	-0.00000049
-312.51662986	0.00000000
