# Menlo Systems GmbH ScanControl
# Program Version 1.7.0+git.a90605a3
# Start: -402.50000000 ps, Average over 1000 waveforms. Timestamp: 2024-05-06T11:17:43
# Window type: Tukey, parameters: alpha = 0.1
# User time axis shift: 0 ps
# Time axis offset: 0 ps
# Frequency [THz]	THz Signal [a.u.]
0.00000000	-15.54164431
0.00732602	-21.72562339
0.01465205	-29.23742898
0.02197807	-30.71745407
0.02930409	-40.74790793
0.03663012	-33.02793905
0.04395614	-35.01736996
0.05128216	-32.86965833
0.05860819	-36.06232955
0.06593421	-32.93318810
0.07326023	-44.59539516
0.08058626	-33.03061349
0.08791228	-38.27379588
0.09523830	-41.42588832
0.10256433	-39.27018391
0.10989035	-36.64402803
0.11721637	-42.80272298
0.12454240	-33.07558025
0.13186842	-37.63025833
0.13919445	-33.94233451
0.14652047	-37.03451623
0.15384649	-40.46761633
0.16117252	-39.73236022
0.16849854	-29.44738654
0.17582456	-25.73250623
0.18315059	-27.85439667
0.19047661	-27.65197987
0.19780263	-28.41707049
0.20512866	-27.73735607
0.21245468	-26.87973805
0.21978070	-23.58782757
0.22710673	-17.35424067
0.23443275	-16.89428581
0.24175877	-21.40756983
0.24908480	-21.11069971
0.25641082	-22.72572409
0.26373684	-22.93849329
0.27106287	-22.10140920
0.27838889	-18.14240770
0.28571491	-14.85921748
0.29304094	-15.11361880
0.30036696	-17.24034097
0.30769298	-18.80347750
0.31501901	-19.87314620
0.32234503	-18.49997175
0.32967105	-14.42065101
0.33699708	-12.67926015
0.34432310	-10.19710852
0.35164912	-9.19060768
0.35897515	-12.56911058
0.36630117	-15.83035155
0.37362719	-14.97429146
0.38095322	-13.28888425
0.38827924	-11.97657112
0.39560526	-8.31888091
0.40293129	-5.98306538
0.41025731	-8.89225020
0.41758334	-11.14362942
0.42490936	-10.96610504
0.43223538	-11.91936524
0.43956141	-11.29348730
0.44688743	-7.11761510
0.45421345	-3.43133879
0.46153948	-4.17223479
0.46886550	-6.07892914
0.47619152	-7.04590049
0.48351755	-9.46537332
0.49084357	-9.13003001
0.49816959	-7.02307392
0.50549562	-6.31646767
0.51282164	-2.56511805
0.52014766	-2.11859780
0.52747369	-6.20593189
0.53479971	-8.05911197
0.54212573	-7.66658765
0.54945176	-7.62713295
0.55677778	-7.62401160
0.56410380	-3.40473215
0.57142983	-0.16237334
0.57875585	-1.83681217
0.58608187	-4.37608512
0.59340790	-5.32420386
0.60073392	-6.91452769
0.60805994	-6.36078164
0.61538597	-3.33885870
0.62271199	-2.39676152
0.63003801	-0.95490335
0.63736404	-1.82030619
0.64469006	-5.15670322
0.65201608	-7.06097752
0.65934211	-6.49515016
0.66666813	-5.62459819
0.67399416	-4.24256376
0.68132018	-0.79736467
0.68864620	0.00000000
0.69597223	-3.54253738
0.70329825	-4.96797446
0.71062427	-5.16606178
0.71795030	-6.63170642
0.72527632	-5.55406186
0.73260234	-2.53554308
0.73992837	-0.84162727
0.74725439	-2.34607365
0.75458041	-4.85548947
0.76190644	-6.22445561
0.76923246	-7.99065377
0.77655848	-6.74160652
0.78388451	-5.29653978
0.79121053	-3.90246231
0.79853655	-1.26001455
0.80586258	-2.23121146
0.81318860	-5.61932231
0.82051462	-7.05566428
0.82784065	-6.69207942
0.83516667	-6.27626881
0.84249269	-5.19109788
0.84981872	-2.21580715
0.85714474	-2.07348460
0.86447076	-5.15216062
0.87179679	-6.28370330
0.87912281	-7.96267089
0.88644883	-9.08823957
0.89377486	-7.07865588
0.90110088	-4.88396678
0.90842690	-3.90292252
0.91575293	-4.23774098
0.92307895	-5.91062617
0.93040498	-7.87578190
0.93773100	-8.52155860
0.94505702	-7.95699601
0.95238305	-6.78685724
0.95970907	-5.41085038
0.96703509	-3.78157226
0.97436112	-5.57833315
0.98168714	-9.50997175
0.98901316	-10.18993682
0.99633919	-10.46124343
1.00366521	-10.63761292
1.01099123	-8.69884909
1.01831726	-6.73188697
1.02564328	-6.58315678
1.03296930	-9.13227974
1.04029533	-10.15194344
1.04762135	-11.32141112
1.05494737	-11.32648689
1.06227340	-9.04065181
1.06959942	-8.04231275
1.07692544	-7.53520184
1.08425147	-8.38114955
1.09157749	-11.20308438
1.09890351	-15.78562757
1.10622954	-13.76195738
1.11355556	-13.24070472
1.12088158	-11.74578327
1.12820761	-9.65154322
1.13553363	-9.39617142
1.14285965	-12.12553858
1.15018568	-13.83444017
1.15751170	-14.51018122
1.16483772	-16.76862196
1.17216375	-13.32068691
1.17948977	-10.95511297
1.18681579	-9.67513419
1.19414182	-11.73003515
1.20146784	-13.85943574
1.20879387	-16.04152722
1.21611989	-15.95645751
1.22344591	-15.54330393
1.23077194	-14.77551787
1.23809796	-13.48731258
1.24542398	-14.05620385
1.25275001	-15.28646833
1.26007603	-17.64498227
1.26740205	-18.26976306
1.27472808	-17.34371809
1.28205410	-16.02575470
1.28938012	-14.53481649
1.29670615	-14.36949501
1.30403217	-15.98871500
1.31135819	-18.16984914
1.31868422	-19.12854185
1.32601024	-18.97964054
1.33333626	-19.42943161
1.34066229	-17.45431456
1.34798831	-16.97806945
1.35531433	-18.95091041
1.36264036	-21.17536158
1.36996638	-22.59074893
1.37729240	-21.87874004
1.38461843	-21.87872628
1.39194445	-19.86696681
1.39927047	-19.07133216
1.40659650	-20.94007228
1.41392252	-23.42379597
1.42124854	-23.00288920
1.42857457	-24.00444081
1.43590059	-23.05477018
1.44322661	-22.03612429
1.45055264	-21.47677853
1.45787866	-22.51686731
1.46520469	-24.30990776
1.47253071	-26.02319867
1.47985673	-27.40315012
1.48718276	-26.75709496
1.49450878	-26.39595945
1.50183480	-24.94732145
1.50916083	-24.28748214
1.51648685	-25.72408364
1.52381287	-27.76828366
1.53113890	-28.56107698
1.53846492	-27.90127130
1.54579094	-27.67589927
1.55311697	-27.03863679
1.56044299	-27.21964748
1.56776901	-28.71875578
1.57509504	-30.96177525
1.58242106	-32.00880334
1.58974708	-32.96814398
1.59707311	-32.73366717
1.60439913	-32.32710376
1.61172515	-31.56953307
1.61905118	-32.60506593
1.62637720	-33.59475112
1.63370322	-33.74221903
1.64102925	-33.41290104
1.64835527	-33.19709223
1.65568129	-32.92308914
1.66300732	-36.30235881
1.67033334	-40.34699659
1.67765936	-39.49428627
1.68498539	-37.62081780
1.69231141	-37.24825873
1.69963743	-36.16468151
1.70696346	-36.01843407
1.71428948	-39.20227730
1.72161550	-44.21069166
1.72894153	-39.99240969
1.73626755	-39.64624202
1.74359358	-38.75270397
1.75091960	-37.97563029
1.75824562	-37.72967220
1.76557165	-38.13790855
1.77289767	-38.65841412
1.78022369	-39.76556986
1.78754972	-40.52397436
1.79487574	-41.04087963
1.80220176	-40.56226656
1.80952779	-40.69925410
1.81685381	-41.19825354
1.82417983	-41.77383095
1.83150586	-42.63685038
1.83883188	-43.08582316
1.84615790	-42.90652360
1.85348393	-43.05898707
1.86080995	-42.37686229
1.86813597	-44.00435266
1.87546200	-43.82638722
1.88278802	-43.83375525
1.89011404	-43.72910938
1.89744007	-44.17323418
1.90476609	-45.23683349
1.91209211	-46.41584218
1.91941814	-48.00754571
1.92674416	-47.47228080
1.93407018	-47.34290967
1.94139621	-47.93682862
1.94872223	-48.29983275
1.95604825	-48.62430565
1.96337428	-49.41180337
1.97070030	-49.92794066
1.97802632	-49.89031279
1.98535235	-49.23191144
1.99267837	-49.31127762
2.00000440	-50.45595741
2.00733042	-51.78576847
2.01465644	-53.26665199
2.02198247	-54.94072706
2.02930849	-55.67077777
2.03663451	-57.26029399
2.04396054	-56.47421501
2.05128656	-56.00149158
2.05861258	-58.07948379
2.06593861	-59.25303003
2.07326463	-62.94976538
2.08059065	-60.87590971
2.08791668	-61.63688218
2.09524270	-62.54440821
2.10256872	-65.17082620
2.10989475	-66.84738624
2.11722077	-69.38380322
2.12454679	-76.22504069
2.13187282	-75.67383523
2.13919884	-69.54083325
2.14652486	-65.16691748
2.15385089	-63.66915277
2.16117691	-62.95854693
2.16850293	-63.90221803
2.17582896	-66.54942807
2.18315498	-67.22376910
2.19048100	-64.57465079
2.19780703	-63.16454939
2.20513305	-63.93071152
2.21245907	-62.42899551
2.21978510	-62.78582213
2.22711112	-63.53296037
2.23443714	-65.60552783
2.24176317	-63.55459403
2.24908919	-61.52648075
2.25641522	-61.96404163
2.26374124	-60.82783552
2.27106726	-62.96677736
2.27839329	-61.82920202
2.28571931	-63.18625662
2.29304533	-63.53260016
2.30037136	-62.06814141
2.30769738	-62.63260924
2.31502340	-61.28417818
2.32234943	-61.87454680
2.32967545	-61.91247672
2.33700147	-63.45659648
2.34432750	-63.03661503
2.35165352	-64.44343437
2.35897954	-63.98775989
2.36630557	-66.86333618
2.37363159	-63.75465574
2.38095761	-64.80760886
2.38828364	-64.52063044
2.39560966	-66.24183630
2.40293568	-65.01354591
2.41026171	-66.03127584
2.41758773	-65.51050100
2.42491375	-66.09002571
2.43223978	-64.23373450
2.43956580	-63.30628423
2.44689182	-65.45467780
2.45421785	-65.29807817
2.46154387	-67.43921370
2.46886989	-64.51474506
2.47619592	-66.10397270
2.48352194	-66.49607495
2.49084796	-64.75103802
2.49817399	-65.60236264
2.50550001	-66.80185041
2.51282603	-68.02677264
2.52015206	-68.01522213
2.52747808	-65.21360225
2.53480411	-65.72324173
2.54213013	-66.93383746
2.54945615	-66.92506771
2.55678218	-66.97343186
2.56410820	-67.13523015
2.57143422	-65.75090944
2.57876025	-66.02654646
2.58608627	-67.43315373
2.59341229	-66.76857894
2.60073832	-67.72726648
2.60806434	-67.93842735
2.61539036	-66.34492484
2.62271639	-66.54560292
2.63004241	-67.04729985
2.63736843	-70.48977410
2.64469446	-67.41960912
2.65202048	-67.74691341
2.65934650	-67.53523060
2.66667253	-67.21408085
2.67399855	-68.99049479
2.68132457	-68.27075252
2.68865060	-68.41847458
2.69597662	-69.14123742
2.70330264	-67.53996463
2.71062867	-68.23643885
2.71795469	-68.34606461
2.72528071	-68.48371928
2.73260674	-66.69299305
2.73993276	-68.54632062
2.74725878	-69.62164861
2.75458481	-68.73577306
2.76191083	-72.43325431
2.76923685	-71.07670958
2.77656288	-68.82642244
2.78388890	-69.19402511
2.79121493	-70.04052124
2.79854095	-68.46684775
2.80586697	-68.42369718
2.81319300	-68.74758128
2.82051902	-70.01889683
2.82784504	-68.24974740
2.83517107	-67.63520739
2.84249709	-69.32416281
2.84982311	-70.78072077
2.85714914	-70.63127980
2.86447516	-69.41082286
2.87180118	-70.20158008
2.87912721	-72.21659712
2.88645323	-74.58690865
2.89377925	-74.29781935
2.90110528	-69.97718656
2.90843130	-68.58991479
2.91575732	-74.86574398
2.92308335	-72.32692912
2.93040937	-71.09706417
2.93773539	-73.58608802
2.94506142	-72.54763158
2.95238744	-69.94464720
2.95971346	-70.84667861
2.96703949	-71.03307636
2.97436551	-72.88248539
2.98169153	-71.19291126
2.98901756	-74.09008435
2.99634358	-71.12420105
3.00366960	-74.06232093
3.01099563	-76.60468188
3.01832165	-72.47521751
3.02564767	-74.24539775
3.03297370	-71.41766898
3.04029972	-85.60459903
3.04762574	-73.93163665
3.05495177	-75.52089364
3.06227779	-71.62784421
3.06960382	-78.02493374
3.07692984	-70.91696204
3.08425586	-77.66155976
3.09158189	-72.06612896
3.09890791	-85.68643227
3.10623393	-76.05718576
3.11355996	-80.43220956
3.12088598	-75.30366215
3.12821200	-74.13734538
3.13553803	-72.62648514
3.14286405	-80.30772076
3.15019007	-78.34330241
3.15751610	-78.00773528
3.16484212	-75.43930849
3.17216814	-74.67558752
3.17949417	-76.80156574
3.18682019	-78.88416023
3.19414621	-76.77349783
3.20147224	-78.19281073
3.20879826	-77.50530821
3.21612428	-77.21719919
3.22345031	-72.85269914
3.23077633	-75.42526603
3.23810235	-76.41310277
3.24542838	-94.79163232
3.25275440	-83.40376742
3.26008042	-75.24607076
3.26740645	-78.38626118
3.27473247	-79.34232888
3.28205849	-86.18070965
3.28938452	-72.85092364
3.29671054	-79.31233887
3.30403656	-74.34601060
3.31136259	-82.57422290
3.31868861	-73.36884787
3.32601464	-77.70791764
3.33334066	-74.38703552
3.34066668	-80.55458866
3.34799271	-77.66652603
3.35531873	-81.76517851
3.36264475	-75.95561342
3.36997078	-84.02018541
3.37729680	-75.73117776
3.38462282	-108.61483205
3.39194885	-78.78287876
3.39927487	-87.05685780
3.40660089	-81.21134336
3.41392692	-76.80359008
3.42125294	-82.70354341
3.42857896	-83.83478458
3.43590499	-76.11101890
3.44323101	-82.73189459
3.45055703	-80.82221788
3.45788306	-79.79029485
3.46520908	-81.54912117
3.47253510	-99.71654502
3.47986113	-76.50929553
3.48718715	-79.64073765
3.49451317	-84.29033224
3.50183920	-80.16476292
3.50916522	-73.91433895
3.51649124	-79.35084126
3.52381727	-80.05019541
3.53114329	-85.08413592
3.53846931	-81.89374945
3.54579534	-79.64181670
3.55312136	-87.07309622
3.56044738	-79.12732180
3.56777341	-99.63156536
3.57509943	-80.34387910
3.58242546	-85.04769705
3.58975148	-76.38458966
3.59707750	-87.27552360
3.60440353	-79.41988294
3.61172955	-80.33597631
3.61905557	-80.36235482
3.62638160	-90.22827577
3.63370762	-77.67380751
3.64103364	-79.96728508
3.64835967	-88.13742339
3.65568569	-76.25416000
3.66301171	-78.96578147
3.67033774	-88.76731109
3.67766376	-87.79716923
3.68498978	-80.98057355
3.69231581	-78.76311691
3.69964183	-85.82335865
3.70696785	-88.24480197
3.71429388	-87.81395788
3.72161990	-86.35243564
3.72894592	-86.58367506
3.73627195	-87.41284756
3.74359797	-78.83969183
3.75092399	-80.12962981
3.75825002	-88.15247425
3.76557604	-79.67246081
3.77290206	-83.76480836
3.78022809	-93.49519282
3.78755411	-81.88093104
3.79488013	-83.45767921
3.80220616	-86.06314335
3.80953218	-79.95606085
3.81685820	-81.18334556
3.82418423	-81.86314323
3.83151025	-87.99716255
3.83883627	-78.58033568
3.84616230	-76.67603421
3.85348832	-80.50489114
3.86081435	-102.58397206
3.86814037	-91.78729349
3.87546639	-83.37083263
3.88279242	-86.97807050
3.89011844	-75.32439140
3.89744446	-73.85278267
3.90477049	-87.73880470
3.91209651	-79.71124128
3.91942253	-78.97175685
3.92674856	-79.27847548
3.93407458	-91.87824723
3.94140060	-77.46789696
3.94872663	-77.60822090
3.95605265	-75.11548576
3.96337867	-80.22416301
3.97070470	-82.91422813
3.97803072	-102.79555890
3.98535674	-77.84183026
3.99268277	-85.56652080
4.00000879	-74.82421242
4.00733481	-80.34986279
4.01466084	-94.57182385
4.02198686	-88.37457900
4.02931288	-76.85388669
4.03663891	-78.97313438
4.04396493	-84.07535766
4.05129095	-89.58176359
4.05861698	-82.95799607
4.06594300	-89.40777917
4.07326902	-78.48845222
4.08059505	-86.10931583
4.08792107	-77.92831133
4.09524709	-80.88346620
4.10257312	-92.59401827
4.10989914	-86.07684178
4.11722517	-83.24907197
4.12455119	-82.17540795
4.13187721	-79.22005955
4.13920324	-88.31055207
4.14652926	-78.99761509
4.15385528	-84.39595152
4.16118131	-78.71649685
4.16850733	-81.52660755
4.17583335	-83.85581508
4.18315938	-81.17867356
4.19048540	-83.60265389
4.19781142	-93.13112033
4.20513745	-90.61373714
4.21246347	-90.31344257
4.21978949	-90.84900715
4.22711552	-80.06332842
4.23444154	-78.02290658
4.24176756	-92.79755947
4.24909359	-84.84771756
4.25641961	-88.40796972
4.26374563	-87.89367042
4.27107166	-80.13145465
4.27839768	-81.68050352
4.28572370	-77.83780047
4.29304973	-79.78773792
4.30037575	-84.68476774
4.30770177	-81.06273015
4.31502780	-82.12289727
4.32235382	-81.79304668
4.32967984	-88.05117458
4.33700587	-92.81894236
4.34433189	-89.39268494
4.35165791	-82.91103582
4.35898394	-78.82795139
4.36630996	-83.96522164
4.37363598	-85.03982687
4.38096201	-81.93033855
4.38828803	-87.62612392
4.39561406	-85.02993244
4.40294008	-85.08881015
4.41026610	-80.54035755
4.41759213	-81.93844300
4.42491815	-88.28629968
4.43224417	-85.74532438
4.43957020	-82.73530421
4.44689622	-81.12396581
4.45422224	-85.96553088
4.46154827	-89.01955536
4.46887429	-84.77903616
4.47620031	-91.38313681
4.48352634	-84.52828286
4.49085236	-79.83754642
4.49817838	-80.68507013
4.50550441	-77.74406237
4.51283043	-75.34420603
4.52015645	-86.53224566
4.52748248	-78.18691523
4.53480850	-75.88762232
4.54213452	-78.13310129
4.54946055	-77.95325992
4.55678657	-77.92180263
4.56411259	-87.32414995
4.57143862	-88.68481911
4.57876464	-82.01281609
4.58609066	-82.97295279
4.59341669	-86.79021324
4.60074271	-83.74475901
4.60806873	-90.29042353
4.61539476	-84.63397519
4.62272078	-82.82710014
4.63004680	-81.19613867
4.63737283	-83.58621993
4.64469885	-78.08309787
4.65202488	-85.71529691
4.65935090	-83.19366756
4.66667692	-80.48634808
4.67400295	-83.70778400
4.68132897	-84.15815618
4.68865499	-94.38578183
4.69598102	-85.08280020
4.70330704	-83.50462481
4.71063306	-88.59348548
4.71795909	-80.16985382
4.72528511	-84.51950100
4.73261113	-90.35413309
4.73993716	-93.48343720
4.74726318	-90.92903312
4.75458920	-85.22975687
4.76191523	-90.86008371
4.76924125	-90.72117586
4.77656727	-79.70450603
4.78389330	-77.76715437
4.79121932	-93.68876511
4.79854534	-81.81948250
4.80587137	-82.95062664
4.81319739	-87.78033861
4.82052341	-85.83688373
4.82784944	-87.17778983
4.83517546	-82.00067429
4.84250148	-79.16415355
4.84982751	-91.24147127
4.85715353	-97.35521935
4.86447955	-83.25981328
4.87180558	-83.75261135
4.87913160	-87.95499156
4.88645762	-77.94437179
4.89378365	-79.83584307
4.90110967	-80.42648078
4.90843569	-76.86897327
4.91576172	-79.03276260
4.92308774	-76.52778753
4.93041377	-80.70925901
4.93773979	-85.64378617
4.94506581	-83.33214742
4.95239184	-82.82541870
4.95971786	-87.50713459
4.96704388	-78.49520508
4.97436991	-84.13694330
4.98169593	-86.72349886
4.98902195	-79.73888435
4.99634798	-83.33938753
5.00367400	-77.41747439
5.01100002	-84.26291712
5.01832605	-79.58296327
5.02565207	-84.69370963
5.03297809	-95.71390186
5.04030412	-87.04943907
5.04763014	-89.05075270
5.05495616	-83.01589816
5.06228219	-80.01385567
5.06960821	-77.01132020
5.07693423	-81.88478780
5.08426026	-81.29760448
5.09158628	-98.47783257
5.09891230	-89.20310960
5.10623833	-82.76210698
5.11356435	-82.64249915
5.12089037	-84.79363460
5.12821640	-76.35518624
5.13554242	-89.18352772
5.14286844	-78.24899486
5.15019447	-82.18009643
5.15752049	-82.29373267
5.16484651	-81.50250483
5.17217254	-79.36442885
5.17949856	-85.09176005
5.18682459	-85.56958380
5.19415061	-98.09454576
5.20147663	-90.57953589
5.20880266	-97.97912666
5.21612868	-82.66593908
5.22345470	-77.10241421
5.23078073	-76.95710964
5.23810675	-79.11768953
5.24543277	-81.72909965
5.25275880	-84.05574792
5.26008482	-82.02568162
5.26741084	-85.90591810
5.27473687	-79.66112467
5.28206289	-101.43046011
5.28938891	-79.72161688
5.29671494	-77.49244557
5.30404096	-78.95538810
5.31136698	-86.01805289
5.31869301	-93.70605233
5.32601903	-80.78607279
5.33334505	-77.21320348
5.34067108	-85.32502824
5.34799710	-79.31988856
5.35532312	-84.36806508
5.36264915	-86.05232036
5.36997517	-89.60192514
5.37730119	-83.18313037
5.38462722	-91.93599576
5.39195324	-81.96843966
5.39927926	-82.76090348
5.40660529	-80.86284769
5.41393131	-78.59244237
5.42125733	-81.64088026
5.42858336	-89.63949028
5.43590938	-84.26802065
5.44323541	-81.38763225
5.45056143	-83.35632805
5.45788745	-80.44552427
5.46521348	-86.69579382
5.47253950	-82.87452391
5.47986552	-84.30378139
5.48719155	-86.35893958
5.49451757	-86.30694366
5.50184359	-92.89802433
5.50916962	-82.48304226
5.51649564	-78.10530236
5.52382166	-86.65630374
5.53114769	-87.81484976
5.53847371	-82.59963942
5.54579973	-81.19165525
5.55312576	-80.17618700
5.56045178	-86.07585517
5.56777780	-85.50668976
5.57510383	-87.20122295
5.58242985	-92.57515421
5.58975587	-91.75462391
5.59708190	-83.08549735
5.60440792	-85.21432001
5.61173394	-84.93667178
5.61905997	-81.63435233
5.62638599	-85.69006336
5.63371201	-93.63990751
5.64103804	-90.87681349
5.64836406	-85.82971431
5.65569008	-87.43993354
5.66301611	-88.30015038
5.67034213	-77.77658168
5.67766815	-81.22778117
5.68499418	-86.47525746
5.69232020	-85.16362462
5.69964622	-92.93852374
5.70697225	-99.73193484
5.71429827	-91.81625890
5.72162430	-80.52196845
5.72895032	-75.77463463
5.73627634	-76.71334707
5.74360237	-82.45197095
5.75092839	-89.14394041
5.75825441	-87.81366392
5.76558044	-84.26802785
5.77290646	-91.72377514
5.78023248	-80.24742504
5.78755851	-94.27191354
5.79488453	-81.33214562
5.80221055	-78.18085705
5.80953658	-77.36253055
5.81686260	-86.25586361
5.82418862	-80.05809606
5.83151465	-90.04034637
5.83884067	-80.97663754
5.84616669	-81.26249626
5.85349272	-82.95539457
5.86081874	-98.28827883
5.86814476	-94.48647111
5.87547079	-79.20643940
5.88279681	-76.49108768
5.89012283	-88.82506800
5.89744886	-78.63624136
5.90477488	-93.95807146
5.91210090	-82.83546220
5.91942693	-76.26308839
5.92675295	-75.52719966
5.93407897	-80.03363051
5.94140500	-87.15541291
5.94873102	-81.06336093
5.95605704	-80.61301651
5.96338307	-75.74430867
5.97070909	-81.83644652
5.97803512	-86.05943316
5.98536114	-80.39894772
5.99268716	-86.57196512
6.00001319	-84.20778847
6.00733921	-96.65265381
6.01466523	-84.70279370
6.02199126	-91.73456166
6.02931728	-84.13370456
6.03664330	-80.97407630
6.04396933	-91.45509815
6.05129535	-76.19278311
6.05862137	-74.54814677
6.06594740	-82.42872365
6.07327342	-92.44605375
6.08059944	-94.15673302
6.08792547	-84.23277866
6.09525149	-77.59490742
6.10257751	-79.52921238
6.10990354	-77.57281363
6.11722956	-75.07266151
6.12455558	-78.62651912
6.13188161	-81.11030997
6.13920763	-86.12639965
6.14653365	-88.15056568
6.15385968	-85.87801671
6.16118570	-83.19278495
6.16851172	-85.07555493
6.17583775	-77.39557535
6.18316377	-79.03211592
6.19048979	-89.30016132
6.19781582	-81.68507645
6.20514184	-85.78319950
6.21246786	-79.07733409
6.21979389	-84.21674812
6.22711991	-78.41971253
6.23444593	-78.78187274
6.24177196	-81.61344091
6.24909798	-92.00751935
6.25642401	-87.07156390
6.26375003	-87.22778623
6.27107605	-93.70069485
6.27840208	-83.84472493
6.28572810	-85.87773537
6.29305412	-90.83367464
6.30038015	-85.22609549
6.30770617	-80.39200615
6.31503219	-90.68645526
6.32235822	-77.53773390
6.32968424	-77.42283223
6.33701026	-78.07185686
6.34433629	-82.03919750
6.35166231	-86.45778931
6.35898833	-98.56074377
6.36631436	-81.94932145
6.37364038	-83.19221044
6.38096640	-82.21131792
6.38829243	-80.75730439
6.39561845	-91.29130590
6.40294447	-85.95489610
6.41027050	-78.94309384
6.41759652	-79.17490695
6.42492254	-85.40236593
6.43224857	-83.04052571
6.43957459	-87.02110847
6.44690061	-81.34473733
6.45422664	-82.68013243
6.46155266	-79.00446172
6.46887868	-78.89094358
6.47620471	-75.52181358
6.48353073	-84.47748389
6.49085675	-75.71352413
6.49818278	-81.13573038
6.50550880	-81.30952423
6.51283483	-88.88396752
6.52016085	-75.01600475
6.52748687	-83.85019710
6.53481290	-84.45756154
6.54213892	-93.30322610
6.54946494	-80.11910526
6.55679097	-77.30890131
6.56411699	-73.68690396
6.57144301	-72.44722853
6.57876904	-77.75197435
6.58609506	-78.20603534
6.59342108	-78.08570673
6.60074711	-87.64919689
6.60807313	-89.73488148
6.61539915	-89.30988117
6.62272518	-85.80335899
6.63005120	-91.78957344
6.63737722	-86.19921311
6.64470325	-80.19755455
6.65202927	-82.15808428
6.65935529	-85.81492619
6.66668132	-83.71975895
6.67400734	-81.96130824
6.68133336	-81.77224797
6.68865939	-92.56135239
6.69598541	-85.04500329
6.70331143	-93.99893143
6.71063746	-83.93088200
6.71796348	-85.02448611
6.72528950	-94.65850107
6.73261553	-84.08416850
6.73994155	-82.28956519
6.74726757	-81.56132084
6.75459360	-78.56894300
6.76191962	-79.09901136
6.76924565	-86.52919297
6.77657167	-83.33393905
6.78389769	-87.58562105
6.79122372	-92.51969581
6.79854974	-85.39621674
6.80587576	-84.80662759
6.81320179	-91.13923543
6.82052781	-82.94222946
6.82785383	-81.17648640
6.83517986	-77.37153643
6.84250588	-76.70806286
6.84983190	-87.24625575
6.85715793	-77.95578164
6.86448395	-83.75404767
6.87180997	-83.54021429
6.87913600	-90.34585331
6.88646202	-77.25874459
6.89378804	-81.94055519
6.90111407	-84.83727932
6.90844009	-87.95517800
6.91576611	-92.94003330
6.92309214	-84.61534095
6.93041816	-86.25737093
6.93774418	-89.95039582
6.94507021	-80.39107019
6.95239623	-79.50861633
6.95972225	-79.14781462
6.96704828	-77.52831100
6.97437430	-89.74251467
6.98170032	-81.54545394
6.98902635	-86.31649704
6.99635237	-81.16295914
7.00367839	-80.09733453
7.01100442	-84.01863823
7.01833044	-81.28876939
7.02565646	-84.89623472
7.03298249	-84.47080903
7.04030851	-79.90062272
7.04763454	-78.15919986
7.05496056	-92.02208810
7.06228658	-80.14830336
7.06961261	-81.00371466
7.07693863	-87.04577541
7.08426465	-87.17333362
7.09159068	-89.00754827
7.09891670	-87.51161823
7.10624272	-82.62832028
7.11356875	-82.31437638
7.12089477	-82.13514349
7.12822079	-82.80345986
7.13554682	-88.05490806
7.14287284	-86.09908962
7.15019886	-79.94426816
7.15752489	-89.07084161
7.16485091	-77.35748268
7.17217693	-76.58589611
7.17950296	-81.71548210
7.18682898	-95.10152479
7.19415500	-83.48130129
7.20148103	-87.73863281
7.20880705	-82.15344337
7.21613307	-85.12636277
7.22345910	-91.54910256
7.23078512	-83.20523132
7.23811114	-95.88070910
7.24543717	-79.75896047
7.25276319	-82.56397252
7.26008921	-83.04062397
7.26741524	-80.67765429
7.27474126	-86.02302715
7.28206728	-81.70109292
7.28939331	-79.56859182
7.29671933	-92.42099692
7.30404536	-84.69641758
7.31137138	-105.77679616
7.31869740	-107.46037868
7.32602343	-84.68727372
7.33334945	-83.63101716
7.34067547	-90.51801173
7.34800150	-84.16825355
7.35532752	-96.52310181
7.36265354	-80.40777795
7.36997957	-81.72770314
7.37730559	-88.07003431
7.38463161	-77.25316223
7.39195764	-77.80408152
7.39928366	-82.05490203
7.40660968	-77.22648642
7.41393571	-79.77593381
7.42126173	-90.45012867
7.42858775	-80.08144929
7.43591378	-86.71822965
7.44323980	-78.99615437
7.45056582	-83.76925270
7.45789185	-93.65428899
7.46521787	-90.49361734
7.47254389	-82.44119889
7.47986992	-78.08883576
7.48719594	-89.77663998
7.49452196	-77.43586717
7.50184799	-79.17410190
7.50917401	-78.53121554
7.51650003	-84.66664915
7.52382606	-84.56312125
7.53115208	-84.36122360
7.53847810	-98.70027959
7.54580413	-84.67886488
7.55313015	-79.23674317
7.56045617	-81.36251912
7.56778220	-101.91516199
7.57510822	-83.43970988
7.58243425	-80.96233006
7.58976027	-80.38641724
7.59708629	-83.40971888
7.60441232	-85.25301997
7.61173834	-93.44225509
7.61906436	-80.18665065
7.62639039	-81.39933874
7.63371641	-84.85286957
7.64104243	-80.01293460
7.64836846	-83.83934084
7.65569448	-94.58032455
7.66302050	-90.15491457
7.67034653	-78.58657229
7.67767255	-87.35395108
7.68499857	-79.79664883
7.69232460	-90.64643935
7.69965062	-79.36498238
7.70697664	-83.42517059
7.71430267	-82.62040544
7.72162869	-92.36068203
7.72895471	-83.49934143
7.73628074	-82.70395553
7.74360676	-80.60974845
7.75093278	-81.81690547
7.75825881	-80.77810049
7.76558483	-87.96193569
7.77291085	-82.37533651
7.78023688	-89.85193181
7.78756290	-86.74035591
7.79488892	-88.55245369
7.80221495	-83.94630748
7.80954097	-82.36607126
7.81686699	-79.36689129
7.82419302	-85.22785317
7.83151904	-83.55674210
7.83884507	-89.20213518
7.84617109	-87.23659715
7.85349711	-82.73724070
7.86082314	-88.08050486
7.86814916	-86.16131551
7.87547518	-81.12423365
7.88280121	-79.59078321
7.89012723	-80.64534167
7.89745325	-78.30123172
7.90477928	-80.74126369
7.91210530	-87.77842402
7.91943132	-84.76533069
7.92675735	-84.72554218
7.93408337	-87.10707209
7.94140939	-82.23767139
7.94873542	-87.23640342
7.95606144	-81.01838184
7.96338746	-89.74975404
7.97071349	-94.06095495
7.97803951	-85.99977360
7.98536553	-87.36603854
7.99269156	-85.32343344
8.00001758	-80.67823891
8.00734360	-86.52637135
8.01466963	-89.10842930
8.02199565	-83.51152837
8.02932167	-79.56303308
8.03664770	-88.60956579
8.04397372	-98.21678525
8.05129974	-84.27910764
8.05862577	-86.12954522
8.06595179	-82.40500421
8.07327781	-88.52816096
8.08060384	-84.14198969
8.08792986	-85.79564954
8.09525589	-90.84223784
8.10258191	-81.55781534
8.10990793	-88.73536137
8.11723396	-79.02954448
8.12455998	-81.91341100
8.13188600	-82.15749806
8.13921203	-79.92037555
8.14653805	-78.79383574
8.15386407	-82.59577411
8.16119010	-81.37335027
8.16851612	-92.27492984
8.17584214	-84.88536091
8.18316817	-87.39866989
8.19049419	-86.05055499
8.19782021	-89.99390075
8.20514624	-80.87381618
8.21247226	-83.69580260
8.21979828	-75.11380284
8.22712431	-79.66355465
8.23445033	-81.00115958
8.24177635	-81.36713230
8.24910238	-83.95048674
8.25642840	-89.68395007
8.26375442	-80.69243189
8.27108045	-83.53280250
8.27840647	-87.23927248
8.28573249	-80.77575768
8.29305852	-80.42553214
8.30038454	-84.00941814
8.30771056	-91.95883413
8.31503659	-84.69461237
8.32236261	-79.29524592
8.32968863	-82.70062138
8.33701466	-86.91671713
8.34434068	-81.86855482
8.35166670	-94.27392617
8.35899273	-94.42642663
8.36631875	-82.10120838
8.37364478	-85.15663945
8.38097080	-89.81331348
8.38829682	-88.45894619
8.39562285	-96.98538057
8.40294887	-81.03048895
8.41027489	-81.97661070
8.41760092	-85.57067234
8.42492694	-81.03306432
8.43225296	-79.16337282
8.43957899	-76.40285950
8.44690501	-78.54019033
8.45423103	-88.66863144
8.46155706	-81.65132772
8.46888308	-81.28756557
8.47620910	-85.78893784
8.48353513	-88.51239847
8.49086115	-82.62803256
8.49818717	-88.93295605
8.50551320	-86.17588004
8.51283922	-79.22595877
8.52016524	-83.65797156
8.52749127	-76.09815537
8.53481729	-82.03925605
8.54214331	-83.93013816
8.54946934	-84.65748891
8.55679536	-85.62019621
8.56412138	-89.41897362
8.57144741	-88.08618582
8.57877343	-81.02897596
8.58609945	-86.05803350
8.59342548	-84.73506021
8.60075150	-78.59209462
8.60807752	-77.18105327
8.61540355	-82.70893558
8.62272957	-96.14683372
8.63005560	-85.42102892
8.63738162	-94.23082660
8.64470764	-81.61961388
8.65203367	-83.88809918
8.65935969	-83.64490005
8.66668571	-80.03884561
8.67401174	-89.27699231
8.68133776	-91.13597010
8.68866378	-88.68114679
8.69598981	-87.48239748
8.70331583	-86.69021143
8.71064185	-98.82053826
8.71796788	-95.37359113
8.72529390	-89.85373334
8.73261992	-83.92740625
8.73994595	-80.51984113
8.74727197	-86.82852094
8.75459799	-82.21356208
8.76192402	-85.58178218
8.76925004	-84.90682640
8.77657606	-81.57241791
8.78390209	-82.74400671
8.79122811	-76.76319183
8.79855413	-79.94060494
8.80588016	-79.92059661
8.81320618	-86.55352706
8.82053220	-76.41492718
8.82785823	-77.70032222
8.83518425	-84.43984195
8.84251027	-84.37606162
8.84983630	-82.75845517
8.85716232	-82.02761937
8.86448834	-83.93108893
8.87181437	-91.43334112
8.87914039	-80.53048434
8.88646641	-81.76847790
8.89379244	-91.58537975
8.90111846	-84.27589364
8.90844449	-78.44822259
8.91577051	-82.58432269
8.92309653	-86.71583044
8.93042256	-84.72996454
8.93774858	-80.66601053
8.94507460	-99.59307914
8.95240063	-88.54259568
8.95972665	-88.47561797
8.96705267	-102.71162803
8.97437870	-88.92119936
8.98170472	-91.45539800
8.98903074	-84.47414980
8.99635677	-79.77051419
9.00368279	-81.00234422
9.01100881	-90.62841009
9.01833484	-87.77873198
9.02566086	-86.76136703
9.03298688	-85.39988190
9.04031291	-97.34815851
9.04763893	-83.49322434
9.05496495	-81.55972210
9.06229098	-95.34969965
9.06961700	-82.95197273
9.07694302	-94.31748482
9.08426905	-83.76300072
9.09159507	-76.08616930
9.09892109	-82.93972441
9.10624712	-82.09873454
9.11357314	-85.24443172
9.12089916	-83.48599913
9.12822519	-81.37766184
9.13555121	-100.88921191
9.14287723	-88.75475351
9.15020326	-80.17999978
9.15752928	-79.20608341
9.16485531	-86.89090177
9.17218133	-88.47620309
9.17950735	-79.78125863
9.18683338	-81.18277022
9.19415940	-79.99398106
9.20148542	-86.90602203
9.20881145	-74.54491998
9.21613747	-79.20551960
9.22346349	-79.00610545
9.23078952	-91.43911334
9.23811554	-76.95856698
9.24544156	-79.99788071
9.25276759	-80.44858379
9.26009361	-80.49562368
9.26741963	-93.80822189
9.27474566	-80.52801686
9.28207168	-82.10103160
9.28939770	-86.39038864
9.29672373	-82.30648826
9.30404975	-77.76056539
9.31137577	-76.32773650
9.31870180	-77.17063032
9.32602782	-84.89363173
9.33335384	-81.36522078
9.34067987	-90.52069490
9.34800589	-84.96041815
9.35533191	-83.70433374
9.36265794	-92.85035349
9.36998396	-90.01916490
9.37730998	-87.71585545
9.38463601	-94.48159621
9.39196203	-93.57397650
9.39928805	-90.93853214
9.40661408	-91.88088647
9.41394010	-87.65004931
9.42126613	-98.37604029
9.42859215	-86.44261545
9.43591817	-87.57839527
9.44324420	-94.91474768
9.45057022	-85.05905579
9.45789624	-95.03535193
9.46522227	-84.32111224
9.47254829	-82.31459651
9.47987431	-84.85461816
9.48720034	-80.44912542
9.49452636	-80.05052855
9.50185238	-82.18858428
9.50917841	-78.69220863
9.51650443	-79.44753474
9.52383045	-86.32090863
9.53115648	-86.64267515
9.53848250	-79.42588631
9.54580852	-79.02786333
9.55313455	-94.50263224
9.56046057	-80.35628997
9.56778659	-82.24833278
9.57511262	-94.09135811
9.58243864	-94.36569030
9.58976466	-88.28649888
9.59709069	-80.44577789
9.60441671	-77.83696839
9.61174273	-80.80351043
9.61906876	-86.84444640
9.62639478	-82.94036939
9.63372080	-91.79828242
9.64104683	-88.51585541
9.64837285	-104.98573100
9.65569887	-88.82161616
9.66302490	-86.26922114
9.67035092	-83.62588717
9.67767694	-83.06135773
9.68500297	-77.16625758
9.69232899	-77.88519082
9.69965502	-89.76588080
9.70698104	-84.04503859
9.71430706	-95.36897240
9.72163309	-81.65071013
9.72895911	-79.50958311
9.73628513	-87.42985427
9.74361116	-82.47747725
9.75093718	-85.64582887
9.75826320	-100.01897569
9.76558923	-88.93789269
9.77291525	-87.15350288
9.78024127	-95.99808981
9.78756730	-88.28575938
9.79489332	-83.91680720
9.80221934	-78.23512458
9.80954537	-83.85200856
9.81687139	-82.88003624
9.82419741	-79.70366542
9.83152344	-87.74430477
9.83884946	-81.56637445
9.84617548	-92.37774714
9.85350151	-77.36684054
9.86082753	-84.37601701
9.86815355	-84.67467881
9.87547958	-92.40696200
9.88280560	-92.01435458
9.89013162	-83.53045045
9.89745765	-84.05505614
9.90478367	-95.09946468
9.91210969	-87.58650668
9.91943572	-87.33015105
9.92676174	-83.18123505
9.93408776	-77.01500676
9.94141379	-81.57394155
9.94873981	-98.80787707
9.95606584	-84.76926853
9.96339186	-77.48804024
9.97071788	-89.98419101
9.97804391	-82.75010436
9.98536993	-90.50545713
9.99269595	-77.85108457
10.00002198	-78.62934742
10.00734800	-76.51373293
10.01467402	-83.72945076
10.02200005	-87.41315848
10.02932607	-82.21292390
10.03665209	-86.91690575
10.04397812	-91.39600761
10.05130414	-84.59942997
10.05863016	-95.76685786
10.06595619	-77.35989168
10.07328221	-80.95700991
10.08060823	-79.59210484
10.08793426	-79.39567469
10.09526028	-79.54700518
10.10258630	-80.47945487
10.10991233	-79.59094599
10.11723835	-83.76769487
10.12456437	-80.57711724
10.13189040	-104.42138255
10.13921642	-78.29304798
10.14654244	-77.09831388
10.15386847	-77.14265000
10.16119449	-84.25776866
10.16852051	-82.30005522
10.17584654	-87.71734895
10.18317256	-77.70164497
10.19049858	-84.95225305
10.19782461	-89.57023687
10.20515063	-87.82892474
10.21247665	-92.53212390
10.21980268	-79.09158190
10.22712870	-79.30903747
10.23445473	-89.75225427
10.24178075	-79.21462077
10.24910677	-77.90317707
10.25643280	-78.40887089
10.26375882	-85.96313155
10.27108484	-86.94013051
10.27841087	-83.32057496
10.28573689	-79.57142360
10.29306291	-84.86614269
10.30038894	-90.02898335
10.30771496	-98.31295656
10.31504098	-81.63536074
10.32236701	-79.40388200
10.32969303	-84.92487070
10.33701905	-81.86570469
10.34434508	-90.86134817
10.35167110	-90.02215293
10.35899712	-84.82251107
10.36632315	-88.17279611
10.37364917	-76.38130792
10.38097519	-78.39718879
10.38830122	-85.33483688
10.39562724	-94.98844853
10.40295326	-83.18396802
10.41027929	-78.86291090
10.41760531	-79.25102370
10.42493133	-83.15361013
10.43225736	-85.03767906
10.43958338	-84.68312113
10.44690940	-82.75852621
10.45423543	-79.74555516
10.46156145	-86.76568693
10.46888747	-81.99726190
10.47621350	-79.16086705
10.48353952	-81.96787574
10.49086555	-80.73791137
10.49819157	-83.51656993
10.50551759	-80.08483172
10.51284362	-95.29928419
10.52016964	-79.05353234
10.52749566	-89.23570669
10.53482169	-78.41876845
10.54214771	-80.97531958
10.54947373	-75.47837125
10.55679976	-79.53027164
10.56412578	-84.44567034
10.57145180	-88.09614768
10.57877783	-87.31746085
10.58610385	-89.78872745
10.59342987	-82.60341376
10.60075590	-84.65218568
10.60808192	-81.99228858
10.61540794	-86.73365452
10.62273397	-86.18841222
10.63005999	-94.28108040
10.63738601	-82.60370117
10.64471204	-85.85850183
10.65203806	-78.21968424
10.65936408	-87.24308551
10.66669011	-86.14806180
10.67401613	-86.44772723
10.68134215	-83.10785583
10.68866818	-78.59378655
10.69599420	-94.71759219
10.70332022	-81.01015985
10.71064625	-89.77755358
10.71797227	-80.10052010
10.72529829	-78.68342483
10.73262432	-87.03062866
10.73995034	-77.88150747
10.74727637	-86.24923211
10.75460239	-79.76072515
10.76192841	-86.95667735
10.76925444	-93.47265987
10.77658046	-86.12394969
10.78390648	-92.93471136
10.79123251	-84.29655886
10.79855853	-97.11632923
10.80588455	-91.16276780
10.81321058	-87.27665309
10.82053660	-82.13132799
10.82786262	-86.20095877
10.83518865	-88.64806572
10.84251467	-86.58240614
10.84984069	-87.93998755
10.85716672	-99.86858162
10.86449274	-88.63577773
10.87181876	-86.50612942
10.87914479	-99.50226973
10.88647081	-81.15028257
10.89379683	-84.43843009
10.90112286	-78.37552871
10.90844888	-75.05439800
10.91577490	-80.30582740
10.92310093	-86.81504367
10.93042695	-81.77988861
10.93775297	-76.74765798
10.94507900	-76.52550482
10.95240502	-95.79719383
10.95973104	-86.24967416
10.96705707	-93.32112231
10.97438309	-89.65628828
10.98170911	-93.42138268
10.98903514	-80.78180586
10.99636116	-81.85115043
11.00368718	-87.77303998
11.01101321	-87.24682682
11.01833923	-87.67777650
11.02566526	-87.28799456
11.03299128	-82.77981483
11.04031730	-76.85468335
11.04764333	-76.36031485
11.05496935	-80.83465094
11.06229537	-86.99229041
11.06962140	-84.48301363
11.07694742	-84.17565242
11.08427344	-80.86656093
11.09159947	-83.54997628
11.09892549	-77.89680282
11.10625151	-83.48950950
11.11357754	-78.40929271
11.12090356	-80.57427422
11.12822958	-95.14183706
11.13555561	-88.39708068
11.14288163	-87.13566495
11.15020765	-83.84722151
11.15753368	-93.17038214
11.16485970	-86.76928182
11.17218572	-86.76390646
11.17951175	-86.33685326
11.18683777	-82.82371605
11.19416379	-77.98349300
11.20148982	-78.15592382
11.20881584	-82.62054976
11.21614186	-85.02567224
11.22346789	-92.26246466
11.23079391	-87.75450770
11.23811993	-82.61214130
11.24544596	-87.55174837
11.25277198	-87.10042000
11.26009800	-84.11824728
11.26742403	-79.56544534
11.27475005	-75.08790610
11.28207608	-80.36348081
11.28940210	-90.10930055
11.29672812	-97.89949891
11.30405415	-88.19253718
11.31138017	-94.58083399
11.31870619	-89.13615862
11.32603222	-95.77653419
11.33335824	-94.12729939
11.34068426	-84.15022579
11.34801029	-81.12405052
11.35533631	-91.72106371
11.36266233	-84.27208881
11.36998836	-85.18042147
11.37731438	-84.41680416
11.38464040	-83.28841688
11.39196643	-87.60299152
11.39929245	-87.30924815
11.40661847	-104.71874290
11.41394450	-86.66704007
11.42127052	-87.42420070
11.42859654	-87.38621200
11.43592257	-85.27527453
11.44324859	-87.79606307
11.45057461	-85.01393243
11.45790064	-86.62883594
11.46522666	-83.80025093
11.47255268	-93.05713970
11.47987871	-96.10164234
11.48720473	-88.58340402
11.49453075	-80.05778968
11.50185678	-96.52991902
11.50918280	-81.46901004
11.51650882	-97.34602784
11.52383485	-83.32908979
11.53116087	-91.02178261
11.53848689	-82.10449395
11.54581292	-83.63859538
11.55313894	-84.95434082
11.56046497	-86.58242702
11.56779099	-98.83558055
11.57511701	-84.10702016
11.58244304	-88.52704349
11.58976906	-89.74609017
11.59709508	-88.73388743
11.60442111	-93.30460052
11.61174713	-87.48773169
11.61907315	-89.01837832
11.62639918	-81.10438812
11.63372520	-93.75955920
11.64105122	-87.05173906
11.64837725	-94.56537602
11.65570327	-97.85659465
11.66302929	-83.45202150
11.67035532	-79.99801942
11.67768134	-81.73005466
11.68500736	-86.87827322
11.69233339	-83.96180159
11.69965941	-94.68920979
11.70698543	-92.20088731
11.71431146	-82.32548275
11.72163748	-81.83151661
11.72896350	-78.65172636
11.73628953	-101.30258375
11.74361555	-84.16871831
11.75094157	-85.35290603
11.75826760	-97.40637138
11.76559362	-88.82379563
11.77291964	-84.64304278
11.78024567	-80.03487022
11.78757169	-97.62449330
11.79489771	-84.48969345
11.80222374	-85.41504818
11.80954976	-82.61889648
11.81687579	-88.33580284
11.82420181	-78.29566515
11.83152783	-80.64507626
11.83885386	-76.64891055
11.84617988	-77.13316872
11.85350590	-81.91734183
11.86083193	-83.41096690
11.86815795	-77.93121936
11.87548397	-86.49789846
11.88281000	-87.26238662
11.89013602	-76.76341058
11.89746204	-80.14001238
11.90478807	-84.03685193
11.91211409	-83.37410829
11.91944011	-87.76734661
11.92676614	-80.40445431
11.93409216	-88.74494462
11.94141818	-81.07456385
11.94874421	-92.02319569
11.95607023	-81.28429997
11.96339625	-88.52307693
11.97072228	-90.82585203
11.97804830	-80.99644560
11.98537432	-91.41052506
11.99270035	-78.16303314
12.00002637	-84.36534258
12.00735239	-98.74598636
12.01467842	-87.00385063
12.02200444	-90.46612916
12.02933046	-79.91103769
12.03665649	-86.96412965
12.04398251	-88.72441991
12.05130853	-86.56401281
12.05863456	-81.98694314
12.06596058	-77.79807867
12.07328661	-84.31625414
12.08061263	-78.43609973
12.08793865	-75.05560215
12.09526468	-80.30953056
12.10259070	-81.50509788
12.10991672	-83.25014545
12.11724275	-80.78531877
12.12456877	-84.44980106
12.13189479	-83.37161599
12.13922082	-81.41274179
12.14654684	-87.68965137
12.15387286	-83.87917164
12.16119889	-81.36963673
12.16852491	-78.11645794
12.17585093	-82.09740276
12.18317696	-100.78409478
12.19050298	-89.55120467
12.19782900	-91.67766282
12.20515503	-87.42634925
12.21248105	-84.45580922
12.21980707	-84.93341499
12.22713310	-81.10674985
12.23445912	-81.77848087
12.24178514	-84.86425834
12.24911117	-80.80938372
12.25643719	-79.00875928
12.26376321	-106.84960916
12.27108924	-88.42849792
12.27841526	-90.79920892
12.28574128	-83.10122492
12.29306731	-82.03723329
12.30039333	-83.33154034
12.30771935	-79.35342756
12.31504538	-83.62526900
12.32237140	-85.53350607
12.32969742	-83.80403422
12.33702345	-88.16961276
12.34434947	-80.62027703
12.35167550	-85.32107129
12.35900152	-89.13818282
12.36632754	-79.58564872
12.37365357	-82.86138251
12.38097959	-105.58604990
12.38830561	-85.00632720
12.39563164	-78.92781736
12.40295766	-87.53175896
12.41028368	-80.13963078
12.41760971	-94.03124775
12.42493573	-81.87965226
12.43226175	-82.11189024
12.43958778	-81.11504929
12.44691380	-86.89024333
12.45423982	-82.05275846
12.46156585	-80.19028334
12.46889187	-96.29590359
12.47621789	-80.69259275
12.48354392	-76.23522184
12.49086994	-84.35083221
12.49819596	-81.22918891
12.50552199	-82.99673216
12.51284801	-83.10456408
12.52017403	-89.42028019
12.52750006	-79.68930182
12.53482608	-79.61000654
12.54215210	-86.45003434
12.54947813	-87.92810198
12.55680415	-91.74187727
12.56413017	-92.40849503
12.57145620	-96.36956952
12.57878222	-82.73585477
12.58610824	-84.64897312
12.59343427	-83.32578226
12.60076029	-77.91010194
12.60808632	-88.13532071
12.61541234	-85.53593415
12.62273836	-85.17531986
12.63006439	-84.21171414
12.63739041	-94.64334917
12.64471643	-92.62686827
12.65204246	-82.27884013
12.65936848	-94.63850542
12.66669450	-86.87059362
12.67402053	-90.66857592
12.68134655	-84.99076219
12.68867257	-92.52298739
12.69599860	-88.19008797
12.70332462	-88.89575780
12.71065064	-82.55393630
12.71797667	-78.36293339
12.72530269	-79.66791198
12.73262871	-83.59497585
12.73995474	-83.49634281
12.74728076	-93.76899870
12.75460678	-91.15844353
12.76193281	-116.42231751
12.76925883	-84.77023629
12.77658485	-83.34428560
12.78391088	-93.71545634
12.79123690	-87.44334284
12.79856292	-98.76209885
12.80588895	-87.50983681
12.81321497	-93.36084282
12.82054099	-90.02491112
12.82786702	-86.52269011
12.83519304	-84.12420602
12.84251906	-81.70528703
12.84984509	-81.20722359
12.85717111	-83.03726584
12.86449713	-84.34642448
12.87182316	-80.38334405
12.87914918	-81.06932237
12.88647521	-96.64635612
12.89380123	-84.09608318
12.90112725	-101.78102688
12.90845328	-81.20130458
12.91577930	-82.39316289
12.92310532	-99.66573867
12.93043135	-93.73949589
12.93775737	-92.27658059
12.94508339	-86.51926760
12.95240942	-83.83328178
12.95973544	-82.48429075
12.96706146	-94.55208337
12.97438749	-85.84470314
12.98171351	-84.00603549
12.98903953	-83.40903810
12.99636556	-86.09055062
13.00369158	-86.52537543
13.01101760	-80.51739342
13.01834363	-83.81065001
13.02566965	-82.28928321
13.03299567	-89.61025217
13.04032170	-80.23150440
13.04764772	-79.91144252
13.05497374	-86.43772081
13.06229977	-93.65898246
13.06962579	-88.15989309
13.07695181	-87.23323598
13.08427784	-89.15978676
13.09160386	-91.94921537
13.09892988	-84.96157987
13.10625591	-85.56145395
13.11358193	-84.51696776
13.12090795	-87.64278308
13.12823398	-91.47457754
13.13556000	-96.87278746
13.14288603	-84.70294888
13.15021205	-86.17817163
13.15753807	-87.19483611
13.16486410	-80.09266880
13.17219012	-92.93015602
13.17951614	-77.79913865
13.18684217	-79.68247502
13.19416819	-84.67608129
13.20149421	-78.31351855
13.20882024	-76.82709294
13.21614626	-80.13281827
13.22347228	-81.91003223
13.23079831	-103.02530541
13.23812433	-94.02766278
13.24545035	-93.91777680
13.25277638	-99.09527314
13.26010240	-88.92847527
13.26742842	-92.64635224
13.27475445	-97.23915568
13.28208047	-85.39654380
13.28940649	-77.69669683
13.29673252	-80.43122472
13.30405854	-94.07285169
13.31138456	-92.24560609
13.31871059	-83.40823904
13.32603661	-85.16540184
13.33336263	-85.90988363
13.34068866	-85.62917522
13.34801468	-80.61053643
13.35534070	-87.91866808
13.36266673	-91.93971217
13.36999275	-89.64008804
13.37731877	-91.71332829
13.38464480	-92.02138895
13.39197082	-82.68347898
13.39929684	-79.28133802
13.40662287	-87.55652692
13.41394889	-82.52298684
13.42127492	-83.75751772
13.42860094	-82.57225718
13.43592696	-84.86513107
13.44325299	-85.85887799
13.45057901	-90.65958983
13.45790503	-87.39578234
13.46523106	-91.60894812
13.47255708	-93.07656218
13.47988310	-83.45103964
13.48720913	-87.11982109
13.49453515	-90.19198261
13.50186117	-83.50640155
13.50918720	-97.94258741
13.51651322	-82.03734048
13.52383924	-88.12999176
13.53116527	-80.84163952
13.53849129	-83.29061303
13.54581731	-78.05144304
13.55314334	-82.75475503
13.56046936	-80.40968303
13.56779538	-80.87822317
13.57512141	-82.83007354
13.58244743	-86.18272535
13.58977345	-85.94799523
13.59709948	-76.96493774
13.60442550	-81.97062895
13.61175152	-90.16572255
13.61907755	-83.31176412
13.62640357	-84.85533639
13.63372959	-76.63072077
13.64105562	-89.06494310
13.64838164	-81.67508448
13.65570766	-87.81569807
13.66303369	-81.47649659
13.67035971	-82.79298135
13.67768574	-78.72728911
13.68501176	-79.99411900
13.69233778	-84.36287642
13.69966381	-82.20557379
13.70698983	-75.31295919
13.71431585	-81.20859318
13.72164188	-82.76490705
13.72896790	-83.38486928
13.73629392	-86.22744781
13.74361995	-82.27109600
13.75094597	-80.46662401
13.75827199	-77.19447456
13.76559802	-87.31615920
13.77292404	-87.36922564
13.78025006	-85.77050922
13.78757609	-80.69515724
13.79490211	-85.50124450
13.80222813	-86.06714076
13.80955416	-83.83025915
13.81688018	-83.15605898
13.82420620	-88.84479961
13.83153223	-79.88731556
13.83885825	-81.25781227
13.84618427	-99.87865547
13.85351030	-83.53916338
13.86083632	-81.82931448
13.86816234	-86.00255751
13.87548837	-85.98270457
13.88281439	-84.24626592
13.89014041	-84.31480286
13.89746644	-83.11141482
13.90479246	-86.37971470
13.91211848	-85.51232851
13.91944451	-86.88750482
13.92677053	-82.35136914
13.93409656	-85.71961184
13.94142258	-88.20803199
13.94874860	-92.75671072
13.95607463	-85.84762966
13.96340065	-85.76050658
13.97072667	-87.36003473
13.97805270	-80.48699934
13.98537872	-85.71113372
13.99270474	-84.80593346
14.00003077	-85.96037389
14.00735679	-87.53955968
14.01468281	-81.86633375
14.02200884	-86.78584082
14.02933486	-84.81356992
14.03666088	-85.83879915
14.04398691	-87.77574096
14.05131293	-79.93255015
14.05863895	-85.00368412
14.06596498	-85.68486703
14.07329100	-92.61675173
14.08061702	-81.56848896
14.08794305	-80.58164280
14.09526907	-86.13989646
14.10259509	-82.30896875
14.10992112	-86.23509942
14.11724714	-78.36923506
14.12457316	-82.73927041
14.13189919	-85.34050007
14.13922521	-81.40941437
14.14655123	-87.71927183
14.15387726	-80.86504232
14.16120328	-89.57653176
14.16852930	-77.16624324
14.17585533	-80.22480026
14.18318135	-92.83160165
14.19050737	-103.29640715
14.19783340	-82.06816132
14.20515942	-84.16407960
14.21248545	-88.43466289
14.21981147	-87.78654004
14.22713749	-96.42182537
14.23446352	-79.37567522
14.24178954	-80.80889952
14.24911556	-86.19242351
14.25644159	-91.03838590
14.26376761	-86.85513795
14.27109363	-88.83713471
14.27841966	-94.38599776
14.28574568	-85.35861685
14.29307170	-83.08420605
14.30039773	-80.63163152
14.30772375	-83.09395748
14.31504977	-80.52990503
14.32237580	-84.10473488
14.32970182	-82.71507389
14.33702784	-81.22577389
14.34435387	-83.86484286
14.35167989	-90.87840199
14.35900591	-86.16267543
14.36633194	-79.46735168
14.37365796	-84.03156879
14.38098398	-81.51390354
14.38831001	-75.24626968
14.39563603	-81.13993776
14.40296205	-80.76740933
14.41028808	-76.89848228
14.41761410	-84.77953068
14.42494012	-85.03408337
14.43226615	-86.19097601
14.43959217	-83.35793575
14.44691819	-80.79334756
14.45424422	-86.89362252
14.46157024	-86.58766946
14.46889627	-82.08047643
14.47622229	-81.80612149
14.48354831	-83.85543898
14.49087434	-82.65686861
14.49820036	-84.83369451
14.50552638	-86.99489906
14.51285241	-84.70576855
14.52017843	-91.94819193
14.52750445	-82.56700173
14.53483048	-93.16632478
14.54215650	-86.47556138
14.54948252	-90.50694015
14.55680855	-82.81345306
14.56413457	-79.84497206
14.57146059	-88.22062587
14.57878662	-87.44932469
14.58611264	-87.08677837
14.59343866	-86.86304931
14.60076469	-86.75811386
14.60809071	-83.01240433
14.61541673	-87.65783637
14.62274276	-89.96024749
14.63006878	-83.06240462
14.63739480	-85.82445320
14.64472083	-89.54412473
14.65204685	-88.58010782
14.65937287	-91.38612896
14.66669890	-93.73367291
14.67402492	-87.74833935
14.68135094	-94.43223096
14.68867697	-98.63060686
14.69600299	-92.54284313
14.70332901	-85.64165338
14.71065504	-84.81208851
14.71798106	-85.12480425
14.72530708	-80.91487187
14.73263311	-85.38550585
14.73995913	-89.03084634
14.74728516	-81.09464007
14.75461118	-82.45080605
14.76193720	-87.54191968
14.76926323	-84.46601004
14.77658925	-91.87609422
14.78391527	-88.23622052
14.79124130	-85.29687066
14.79856732	-83.11095531
14.80589334	-89.83496554
14.81321937	-83.94614608
14.82054539	-87.40774777
14.82787141	-86.47651236
14.83519744	-82.42345419
14.84252346	-84.83424981
14.84984948	-83.08341472
14.85717551	-81.14633352
14.86450153	-83.15009276
14.87182755	-83.48075567
14.87915358	-81.43792206
14.88647960	-89.29530045
14.89380562	-81.96464903
14.90113165	-82.57774743
14.90845767	-86.76802567
14.91578369	-80.37523416
14.92310972	-96.65164259
14.93043574	-82.85099348
14.93776176	-89.83767428
14.94508779	-78.32082053
14.95241381	-84.02752480
14.95973983	-87.93538730
14.96706586	-90.49901612
14.97439188	-79.69687989
14.98171790	-79.34304972
14.98904393	-85.83332035
14.99636995	-97.83043733
