# Menlo Systems GmbH ScanControl
# Program Version 1.7.0+git.a90605a3
# Start: -402.50000000 ps, Average over 1000 waveforms. Timestamp: 2024-05-06T11:14:40
# Window type: Tukey, parameters: alpha = 0.1
# User time axis shift: 0 ps
# Time axis offset: 0 ps
# Time [ps]	THz Signal [a.u.]
-402.34953797	0.00000000
-402.31620472	0.00000015
-402.28287147	0.00000063
-402.24953822	0.00000153
-402.21620497	0.00000291
-402.18287172	0.00000454
-402.14953847	0.00000644
-402.11620522	0.00000807
-402.08287197	0.00001098
-402.04953872	0.00001362
-402.01620547	0.00001379
-401.98287222	0.00001479
-401.94953897	0.00001339
-401.91620572	0.00001295
-401.88287247	0.00000930
-401.84953922	0.00000436
-401.81620597	-0.00000482
-401.78287272	-0.00001053
-401.74953947	-0.00001758
-401.71620622	-0.00002534
-401.68287297	-0.00004149
-401.64953972	-0.00006322
-401.61620648	-0.00006977
-401.58287323	-0.00009306
-401.54953998	-0.00011138
-401.51620673	-0.00012700
-401.48287348	-0.00015372
-401.44954023	-0.00017016
-401.41620698	-0.00018656
-401.38287373	-0.00022746
-401.34954048	-0.00021635
-401.31620723	-0.00025283
-401.28287398	-0.00025861
-401.24954073	-0.00023855
-401.21620748	-0.00025984
-401.18287423	-0.00023693
-401.14954098	-0.00024570
-401.11620773	-0.00020344
-401.08287448	-0.00017163
-401.04954123	-0.00011251
-401.01620798	-0.00004272
-400.98287473	0.00002706
-400.94954148	0.00011507
-400.91620823	0.00018737
-400.88287498	0.00028400
-400.84954173	0.00039261
-400.81620848	0.00043729
-400.78287523	0.00050170
-400.74954198	0.00055398
-400.71620873	0.00058833
-400.68287548	0.00059824
-400.64954223	0.00063255
-400.61620898	0.00058287
-400.58287573	0.00053672
-400.54954248	0.00049742
-400.51620923	0.00041438
-400.48287598	0.00029961
-400.44954273	0.00020440
-400.41620948	0.00010767
-400.38287624	-0.00002399
-400.34954299	-0.00012164
-400.31620974	-0.00022796
-400.28287649	-0.00032747
-400.24954324	-0.00040253
-400.21620999	-0.00051803
-400.18287674	-0.00054073
-400.14954349	-0.00061209
-400.11621024	-0.00058193
-400.08287699	-0.00055562
-400.04954374	-0.00061819
-400.01621049	-0.00062135
-399.98287724	-0.00057623
-399.94954399	-0.00048705
-399.91621074	-0.00052065
-399.88287749	-0.00040530
-399.84954424	-0.00039054
-399.81621099	-0.00038507
-399.78287774	-0.00037660
-399.74954449	-0.00038349
-399.71621124	-0.00038645
-399.68287799	-0.00027951
-399.64954474	-0.00022421
-399.61621149	-0.00024226
-399.58287824	-0.00018075
-399.54954499	-0.00022465
-399.51621174	-0.00020715
-399.48287849	-0.00018356
-399.44954524	-0.00012189
-399.41621199	-0.00020198
-399.38287874	-0.00027825
-399.34954549	-0.00032375
-399.31621224	-0.00029060
-399.28287899	-0.00032512
-399.24954574	-0.00035793
-399.21621249	-0.00037376
-399.18287924	-0.00048263
-399.14954599	-0.00057014
-399.11621275	-0.00047242
-399.08287950	-0.00071423
-399.04954625	-0.00078905
-399.01621300	-0.00080019
-398.98287975	-0.00094005
-398.94954650	-0.00094082
-398.91621325	-0.00093373
-398.88288000	-0.00106712
-398.84954675	-0.00126222
-398.81621350	-0.00124803
-398.78288025	-0.00126509
-398.74954700	-0.00133024
-398.71621375	-0.00139497
-398.68288050	-0.00143189
-398.64954725	-0.00144844
-398.61621400	-0.00157732
-398.58288075	-0.00170880
-398.54954750	-0.00172333
-398.51621425	-0.00183624
-398.48288100	-0.00183027
-398.44954775	-0.00187359
-398.41621450	-0.00193817
-398.38288125	-0.00190109
-398.34954800	-0.00198912
-398.31621475	-0.00211651
-398.28288150	-0.00201144
-398.24954825	-0.00202388
-398.21621500	-0.00221545
-398.18288175	-0.00223389
-398.14954850	-0.00230950
-398.11621525	-0.00240758
-398.08288200	-0.00244356
-398.04954875	-0.00239334
-398.01621550	-0.00234748
-397.98288225	-0.00245171
-397.94954900	-0.00240916
-397.91621575	-0.00245068
-397.88288251	-0.00259678
-397.84954926	-0.00252233
-397.81621601	-0.00256763
-397.78288276	-0.00236547
-397.74954951	-0.00247768
-397.71621626	-0.00256904
-397.68288301	-0.00246407
-397.64954976	-0.00253482
-397.61621651	-0.00250891
-397.58288326	-0.00258476
-397.54955001	-0.00243962
-397.51621676	-0.00249514
-397.48288351	-0.00252952
-397.44955026	-0.00259546
-397.41621701	-0.00269836
-397.38288376	-0.00276147
-397.34955051	-0.00279790
-397.31621726	-0.00278147
-397.28288401	-0.00300557
-397.24955076	-0.00307197
-397.21621751	-0.00330890
-397.18288426	-0.00341457
-397.14955101	-0.00357129
-397.11621776	-0.00378290
-397.08288451	-0.00413524
-397.04955126	-0.00426605
-397.01621801	-0.00459533
-396.98288476	-0.00478603
-396.94955151	-0.00508960
-396.91621826	-0.00528094
-396.88288501	-0.00564739
-396.84955176	-0.00583813
-396.81621851	-0.00596863
-396.78288526	-0.00606136
-396.74955201	-0.00606473
-396.71621876	-0.00603747
-396.68288551	-0.00596463
-396.64955227	-0.00562704
-396.61621902	-0.00525777
-396.58288577	-0.00488909
-396.54955252	-0.00422578
-396.51621927	-0.00351958
-396.48288602	-0.00287014
-396.44955277	-0.00203653
-396.41621952	-0.00129415
-396.38288627	-0.00033997
-396.34955302	0.00049758
-396.31621977	0.00116489
-396.28288652	0.00175572
-396.24955327	0.00235094
-396.21622002	0.00276658
-396.18288677	0.00293819
-396.14955352	0.00295177
-396.11622027	0.00273504
-396.08288702	0.00226412
-396.04955377	0.00170476
-396.01622052	0.00098022
-395.98288727	-0.00016321
-395.94955402	-0.00117898
-395.91622077	-0.00235683
-395.88288752	-0.00386698
-395.84955427	-0.00498522
-395.81622102	-0.00617115
-395.78288777	-0.00735724
-395.74955452	-0.00823505
-395.71622127	-0.00903708
-395.68288802	-0.00968137
-395.64955477	-0.01022448
-395.61622152	-0.01033665
-395.58288827	-0.01032374
-395.54955502	-0.01028617
-395.51622177	-0.00985878
-395.48288852	-0.00936378
-395.44955527	-0.00885358
-395.41622202	-0.00802860
-395.38288878	-0.00727912
-395.34955553	-0.00635899
-395.31622228	-0.00553659
-395.28288903	-0.00467092
-395.24955578	-0.00388463
-395.21622253	-0.00303748
-395.18288928	-0.00193718
-395.14955603	-0.00092070
-395.11622278	0.00006317
-395.08288953	0.00141405
-395.04955628	0.00294655
-395.01622303	0.00461064
-394.98288978	0.00657326
-394.94955653	0.00871023
-394.91622328	0.01116268
-394.88289003	0.01397194
-394.84955678	0.01710646
-394.81622353	0.02060545
-394.78289028	0.02451389
-394.74955703	0.02870407
-394.71622378	0.03330530
-394.68289053	0.03832930
-394.64955728	0.04381517
-394.61622403	0.04954720
-394.58289078	0.05585917
-394.54955753	0.06238129
-394.51622428	0.06914631
-394.48289103	0.07640302
-394.44955778	0.08376801
-394.41622453	0.09137059
-394.38289128	0.09921855
-394.34955803	0.10674652
-394.31622478	0.11427287
-394.28289153	0.12135717
-394.24955828	0.12780224
-394.21622503	0.13332478
-394.18289178	0.13775797
-394.14955854	0.14062753
-394.11622529	0.14145145
-394.08289204	0.13998472
-394.04955879	0.13580008
-394.01622554	0.12816954
-393.98289229	0.11712874
-393.94955904	0.10175904
-393.91622579	0.08167757
-393.88289254	0.05671979
-393.84955929	0.02647372
-393.81622604	-0.00945421
-393.78289279	-0.05103712
-393.74955954	-0.09820585
-393.71622629	-0.15088593
-393.68289304	-0.20849920
-393.64955979	-0.27040840
-393.61622654	-0.33554141
-393.58289329	-0.40310294
-393.54956004	-0.47101076
-393.51622679	-0.53779643
-393.48289354	-0.60137772
-393.44956029	-0.65929491
-393.41622704	-0.70891359
-393.38289379	-0.74801054
-393.34956054	-0.77387324
-393.31622729	-0.78378125
-393.28289404	-0.77572200
-393.24956079	-0.74805595
-393.21622754	-0.69933833
-393.18289429	-0.62926450
-393.14956104	-0.53802297
-393.11622779	-0.42666065
-393.08289454	-0.29712781
-393.04956129	-0.15229865
-393.01622804	0.00424039
-392.98289479	0.16819395
-392.94956154	0.33470206
-392.91622829	0.49817179
-392.88289505	0.65338700
-392.84956180	0.79527351
-392.81622855	0.91844553
-392.78289530	1.01849857
-392.74956205	1.09113559
-392.71622880	1.13380345
-392.68289555	1.14472709
-392.64956230	1.12324020
-392.61622905	1.07043366
-392.58289580	0.98800049
-392.54956255	0.87927308
-392.51622930	0.74881570
-392.48289605	0.60159526
-392.44956280	0.44313032
-392.41622955	0.27939566
-392.38289630	0.11646339
-392.34956305	-0.03944949
-392.31622980	-0.18356364
-392.28289655	-0.31067639
-392.24956330	-0.41658433
-392.21623005	-0.49904672
-392.18289680	-0.55641137
-392.14956355	-0.58843206
-392.11623030	-0.59640238
-392.08289705	-0.58284130
-392.04956380	-0.55118896
-392.01623055	-0.50494075
-391.98289730	-0.44883190
-391.94956405	-0.38705453
-391.91623080	-0.32370691
-391.88289755	-0.26229065
-391.84956430	-0.20556345
-391.81623105	-0.15567152
-391.78289780	-0.11374051
-391.74956455	-0.08015950
-391.71623130	-0.05481509
-391.68289805	-0.03653488
-391.64956481	-0.02409333
-391.61623156	-0.01600067
-391.58289831	-0.01065837
-391.54956506	-0.00663205
-391.51623181	-0.00264278
-391.48289856	0.00204902
-391.44956531	0.00810435
-391.41623206	0.01525010
-391.38289881	0.02339089
-391.34956556	0.03187833
-391.31623231	0.04019518
-391.28289906	0.04759767
-391.24956581	0.05332137
-391.21623256	0.05709868
-391.18289931	0.05821082
-391.14956606	0.05695270
-391.11623281	0.05343183
-391.08289956	0.04833050
-391.04956631	0.04199825
-391.01623306	0.03517582
-390.98289981	0.02845231
-390.94956656	0.02222173
-390.91623331	0.01722659
-390.88290006	0.01369170
-390.84956681	0.01155927
-390.81623356	0.01086955
-390.78290031	0.01163912
-390.74956706	0.01323762
-390.71623381	0.01551957
-390.68290056	0.01784936
-390.64956731	0.01993538
-390.61623406	0.02178228
-390.58290081	0.02269848
-390.54956756	0.02286404
-390.51623431	0.02198171
-390.48290106	0.02019275
-390.44956781	0.01772657
-390.41623457	0.01412775
-390.38290132	0.01004892
-390.34956807	0.00551121
-390.31623482	0.00063244
-390.28290157	-0.00424527
-390.24956832	-0.00904929
-390.21623507	-0.01362605
-390.18290182	-0.01778174
-390.14956857	-0.02108605
-390.11623532	-0.02364732
-390.08290207	-0.02512904
-390.04956882	-0.02578237
-390.01623557	-0.02537892
-389.98290232	-0.02396371
-389.94956907	-0.02171102
-389.91623582	-0.01868812
-389.88290257	-0.01537528
-389.84956932	-0.01160520
-389.81623607	-0.00771936
-389.78290282	-0.00394290
-389.74956957	-0.00066801
-389.71623632	0.00241858
-389.68290307	0.00490555
-389.64956982	0.00680398
-389.61623657	0.00834599
-389.58290332	0.00918450
-389.54957007	0.00937757
-389.51623682	0.00920911
-389.48290357	0.00858992
-389.44957032	0.00731238
-389.41623707	0.00571880
-389.38290382	0.00333309
-389.34957057	0.00088527
-389.31623732	-0.00210689
-389.28290407	-0.00550330
-389.24957082	-0.00899275
-389.21623757	-0.01241821
-389.18290432	-0.01582023
-389.14957108	-0.01889338
-389.11623783	-0.02168319
-389.08290458	-0.02378681
-389.04957133	-0.02513272
-389.01623808	-0.02585803
-388.98290483	-0.02569024
-388.94957158	-0.02483105
-388.91623833	-0.02339747
-388.88290508	-0.02123655
-388.84957183	-0.01877486
-388.81623858	-0.01595291
-388.78290533	-0.01293171
-388.74957208	-0.01002505
-388.71623883	-0.00721173
-388.68290558	-0.00473667
-388.64957233	-0.00246606
-388.61623908	-0.00035977
-388.58290583	0.00123920
-388.54957258	0.00258860
-388.51623933	0.00371772
-388.48290608	0.00470840
-388.44957283	0.00550241
-388.41623958	0.00650214
-388.38290633	0.00761637
-388.34957308	0.00865768
-388.31623983	0.00993289
-388.28290658	0.01147349
-388.24957333	0.01281468
-388.21624008	0.01433862
-388.18290683	0.01585379
-388.14957358	0.01717679
-388.11624033	0.01806743
-388.08290708	0.01870998
-388.04957383	0.01880313
-388.01624058	0.01838028
-387.98290733	0.01739091
-387.94957408	0.01600291
-387.91624084	0.01394427
-387.88290759	0.01144297
-387.84957434	0.00880241
-387.81624109	0.00595462
-387.78290784	0.00309101
-387.74957459	0.00033892
-387.71624134	-0.00212508
-387.68290809	-0.00438664
-387.64957484	-0.00604898
-387.61624159	-0.00744325
-387.58290834	-0.00841027
-387.54957509	-0.00879915
-387.51624184	-0.00903236
-387.48290859	-0.00874630
-387.44957534	-0.00819255
-387.41624209	-0.00749605
-387.38290884	-0.00674351
-387.34957559	-0.00593427
-387.31624234	-0.00508344
-387.28290909	-0.00426289
-387.24957584	-0.00331563
-387.21624259	-0.00260241
-387.18290934	-0.00186085
-387.14957609	-0.00102517
-387.11624284	-0.00029220
-387.08290959	0.00041589
-387.04957634	0.00095869
-387.01624309	0.00163818
-386.98290984	0.00219857
-386.94957659	0.00275419
-386.91624334	0.00301529
-386.88291009	0.00320836
-386.84957684	0.00323822
-386.81624359	0.00311115
-386.78291034	0.00289235
-386.74957709	0.00264623
-386.71624384	0.00216821
-386.68291059	0.00177745
-386.64957735	0.00136441
-386.61624410	0.00117383
-386.58291085	0.00098980
-386.54957760	0.00104743
-386.51624435	0.00121950
-386.48291110	0.00169124
-386.44957785	0.00226936
-386.41624460	0.00304782
-386.38291135	0.00405593
-386.34957810	0.00500566
-386.31624485	0.00612683
-386.28291160	0.00716169
-386.24957835	0.00813571
-386.21624510	0.00911334
-386.18291185	0.01000348
-386.14957860	0.01064363
-386.11624535	0.01122280
-386.08291210	0.01156111
-386.04957885	0.01184626
-386.01624560	0.01185738
-385.98291235	0.01163920
-385.94957910	0.01125275
-385.91624585	0.01076391
-385.88291260	0.00987095
-385.84957935	0.00906572
-385.81624610	0.00816217
-385.78291285	0.00701865
-385.74957960	0.00599765
-385.71624635	0.00500513
-385.68291310	0.00389805
-385.64957985	0.00278482
-385.61624660	0.00177722
-385.58291335	0.00092018
-385.54958010	0.00005235
-385.51624685	-0.00075159
-385.48291360	-0.00148175
-385.44958035	-0.00207618
-385.41624711	-0.00282772
-385.38291386	-0.00363433
-385.34958061	-0.00459023
-385.31624736	-0.00585226
-385.28291411	-0.00727534
-385.24958086	-0.00918952
-385.21624761	-0.01147939
-385.18291436	-0.01420458
-385.14958111	-0.01718827
-385.11624786	-0.02057993
-385.08291461	-0.02451956
-385.04958136	-0.02837382
-385.01624811	-0.03211676
-384.98291486	-0.03606108
-384.94958161	-0.03937530
-384.91624836	-0.04228853
-384.88291511	-0.04434572
-384.84958186	-0.04550001
-384.81624861	-0.04537455
-384.78291536	-0.04402247
-384.74958211	-0.04132956
-384.71624886	-0.03714820
-384.68291561	-0.03180755
-384.64958236	-0.02485103
-384.61624911	-0.01684874
-384.58291586	-0.00803118
-384.54958261	0.00167758
-384.51624936	0.01183654
-384.48291611	0.02193328
-384.44958286	0.03197247
-384.41624961	0.04123638
-384.38291636	0.04971776
-384.34958311	0.05696186
-384.31624986	0.06257020
-384.28291661	0.06671073
-384.24958336	0.06877149
-384.21625011	0.06891437
-384.18291686	0.06707645
-384.14958362	0.06322924
-384.11625037	0.05763979
-384.08291712	0.05064084
-384.04958387	0.04224343
-384.01625062	0.03298531
-383.98291737	0.02321526
-383.94958412	0.01332198
-383.91625087	0.00332265
-383.88291762	-0.00581158
-383.84958437	-0.01426083
-383.81625112	-0.02136801
-383.78291787	-0.02713994
-383.74958462	-0.03154854
-383.71625137	-0.03429968
-383.68291812	-0.03558624
-383.64958487	-0.03531342
-383.61625162	-0.03373982
-383.58291837	-0.03112470
-383.54958512	-0.02749010
-383.51625187	-0.02340047
-383.48291862	-0.01900646
-383.44958537	-0.01457024
-383.41625212	-0.01023352
-383.38291887	-0.00627792
-383.34958562	-0.00275453
-383.31625237	0.00009089
-383.28291912	0.00234824
-383.24958587	0.00398998
-383.21625262	0.00505292
-383.18291937	0.00583007
-383.14958612	0.00611509
-383.11625287	0.00632110
-383.08291962	0.00636796
-383.04958637	0.00644922
-383.01625312	0.00635099
-382.98291987	0.00642471
-382.94958662	0.00658968
-382.91625338	0.00658861
-382.88292013	0.00678998
-382.84958688	0.00677960
-382.81625363	0.00674737
-382.78292038	0.00633752
-382.74958713	0.00586848
-382.71625388	0.00532977
-382.68292063	0.00467141
-382.64958738	0.00404315
-382.61625413	0.00346031
-382.58292088	0.00284566
-382.54958763	0.00246523
-382.51625438	0.00235761
-382.48292113	0.00245992
-382.44958788	0.00294900
-382.41625463	0.00359777
-382.38292138	0.00442440
-382.34958813	0.00525161
-382.31625488	0.00597066
-382.28292163	0.00663501
-382.24958838	0.00712405
-382.21625513	0.00717217
-382.18292188	0.00698572
-382.14958863	0.00631106
-382.11625538	0.00514768
-382.08292213	0.00376789
-382.04958888	0.00204893
-382.01625563	0.00006831
-381.98292238	-0.00207332
-381.94958913	-0.00404780
-381.91625588	-0.00613340
-381.88292263	-0.00795102
-381.84958938	-0.00936062
-381.81625613	-0.01058863
-381.78292288	-0.01136826
-381.74958963	-0.01169870
-381.71625638	-0.01155129
-381.68292314	-0.01097528
-381.64958989	-0.01003547
-381.61625664	-0.00875580
-381.58292339	-0.00707371
-381.54959014	-0.00519548
-381.51625689	-0.00304676
-381.48292364	-0.00084114
-381.44959039	0.00143756
-381.41625714	0.00355702
-381.38292389	0.00563853
-381.34959064	0.00747528
-381.31625739	0.00896307
-381.28292414	0.01015929
-381.24959089	0.01089963
-381.21625764	0.01138259
-381.18292439	0.01119791
-381.14959114	0.01079809
-381.11625789	0.00995143
-381.08292464	0.00872564
-381.04959139	0.00729589
-381.01625814	0.00556065
-380.98292489	0.00374262
-380.94959164	0.00176038
-380.91625839	-0.00031383
-380.88292514	-0.00230939
-380.84959189	-0.00410244
-380.81625864	-0.00570380
-380.78292539	-0.00692622
-380.74959214	-0.00798110
-380.71625889	-0.00869219
-380.68292564	-0.00885668
-380.64959239	-0.00845999
-380.61625914	-0.00768922
-380.58292589	-0.00657694
-380.54959264	-0.00513335
-380.51625939	-0.00349636
-380.48292614	-0.00155266
-380.44959289	0.00020980
-380.41625965	0.00212417
-380.38292640	0.00371973
-380.34959315	0.00496317
-380.31625990	0.00576029
-380.28292665	0.00610136
-380.24959340	0.00588827
-380.21626015	0.00521683
-380.18292690	0.00406848
-380.14959365	0.00250585
-380.11626040	0.00054321
-380.08292715	-0.00134604
-380.04959390	-0.00348164
-380.01626065	-0.00546876
-379.98292740	-0.00701626
-379.94959415	-0.00848134
-379.91626090	-0.00928964
-379.88292765	-0.00955210
-379.84959440	-0.00928727
-379.81626115	-0.00859861
-379.78292790	-0.00721597
-379.74959465	-0.00546849
-379.71626140	-0.00353231
-379.68292815	-0.00125852
-379.64959490	0.00103564
-379.61626165	0.00325989
-379.58292840	0.00524909
-379.54959515	0.00688792
-379.51626190	0.00822875
-379.48292865	0.00917012
-379.44959540	0.00962138
-379.41626215	0.00964147
-379.38292890	0.00912439
-379.34959565	0.00831663
-379.31626240	0.00730061
-379.28292915	0.00596567
-379.24959590	0.00457798
-379.21626265	0.00333077
-379.18292941	0.00199617
-379.14959616	0.00081126
-379.11626291	-0.00020310
-379.08292966	-0.00110920
-379.04959641	-0.00158243
-379.01626316	-0.00189809
-378.98292991	-0.00217725
-378.94959666	-0.00215683
-378.91626341	-0.00215970
-378.88293016	-0.00198878
-378.84959691	-0.00182896
-378.81626366	-0.00144153
-378.78293041	-0.00131804
-378.74959716	-0.00101194
-378.71626391	-0.00081807
-378.68293066	-0.00085771
-378.64959741	-0.00091917
-378.61626416	-0.00108636
-378.58293091	-0.00140096
-378.54959766	-0.00202737
-378.51626441	-0.00267194
-378.48293116	-0.00335826
-378.44959791	-0.00425744
-378.41626466	-0.00507369
-378.38293141	-0.00616701
-378.34959816	-0.00713312
-378.31626491	-0.00782778
-378.28293166	-0.00844990
-378.24959841	-0.00884383
-378.21626516	-0.00868877
-378.18293191	-0.00822293
-378.14959866	-0.00725887
-378.11626541	-0.00583816
-378.08293216	-0.00376591
-378.04959891	-0.00116822
-378.01626566	0.00185988
-377.98293241	0.00557446
-377.94959916	0.00972579
-377.91626592	0.01409762
-377.88293267	0.01858875
-377.84959942	0.02303215
-377.81626617	0.02768280
-377.78293292	0.03195756
-377.74959967	0.03596988
-377.71626642	0.03943370
-377.68293317	0.04268675
-377.64959992	0.04509428
-377.61626667	0.04711812
-377.58293342	0.04865455
-377.54960017	0.04939332
-377.51626692	0.04952213
-377.48293367	0.04926054
-377.44960042	0.04863261
-377.41626717	0.04743874
-377.38293392	0.04591987
-377.34960067	0.04393567
-377.31626742	0.04159627
-377.28293417	0.03888205
-377.24960092	0.03579168
-377.21626767	0.03201336
-377.18293442	0.02783374
-377.14960117	0.02297353
-377.11626792	0.01760138
-377.08293467	0.01134365
-377.04960142	0.00421980
-377.01626817	-0.00389443
-376.98293492	-0.01291004
-376.94960167	-0.02316248
-376.91626842	-0.03447724
-376.88293517	-0.04675327
-376.84960192	-0.06030037
-376.81626867	-0.07448359
-376.78293542	-0.09004494
-376.74960217	-0.10609378
-376.71626892	-0.12260303
-376.68293568	-0.13941073
-376.64960243	-0.15604463
-376.61626918	-0.17180713
-376.58293593	-0.18660952
-376.54960268	-0.19977775
-376.51626943	-0.21077059
-376.48293618	-0.21862424
-376.44960293	-0.22326506
-376.41626968	-0.22404411
-376.38293643	-0.22032546
-376.34960318	-0.21177796
-376.31626993	-0.19833636
-376.28293668	-0.17973879
-376.24960343	-0.15601305
-376.21627018	-0.12755104
-376.18293693	-0.09451973
-376.14960368	-0.05743513
-376.11627043	-0.01710133
-376.08293718	0.02573222
-376.04960393	0.06999036
-376.01627068	0.11493062
-375.98293743	0.15948363
-375.94960418	0.20253823
-375.91627093	0.24279703
-375.88293768	0.27939841
-375.84960443	0.31138893
-375.81627118	0.33799881
-375.78293793	0.35820539
-375.74960468	0.37154710
-375.71627143	0.37742420
-375.68293818	0.37551313
-375.64960493	0.36558260
-375.61627168	0.34804617
-375.58293843	0.32267557
-375.54960518	0.29026149
-375.51627193	0.25164784
-375.48293868	0.20731720
-375.44960544	0.15863764
-375.41627219	0.10682199
-375.38293894	0.05317402
-375.34960569	-0.00095641
-375.31627244	-0.05402320
-375.28293919	-0.10427875
-375.24960594	-0.15051697
-375.21627269	-0.19128813
-375.18293944	-0.22539628
-375.14960619	-0.25212288
-375.11627294	-0.27051035
-375.08293969	-0.28020946
-375.04960644	-0.28137581
-375.01627319	-0.27432828
-374.98293994	-0.25930523
-374.94960669	-0.23759202
-374.91627344	-0.21006821
-374.88294019	-0.17808602
-374.84960694	-0.14343863
-374.81627369	-0.10732915
-374.78294044	-0.07127622
-374.74960719	-0.03664705
-374.71627394	-0.00469043
-374.68294069	0.02341262
-374.64960744	0.04698710
-374.61627419	0.06547119
-374.58294094	0.07865609
-374.54960769	0.08652937
-374.51627444	0.08943457
-374.48294119	0.08773915
-374.44960794	0.08215209
-374.41627469	0.07342646
-374.38294144	0.06261696
-374.34960819	0.05053437
-374.31627494	0.03800577
-374.28294169	0.02598064
-374.24960844	0.01498167
-374.21627519	0.00550908
-374.18294195	-0.00180859
-374.14960870	-0.00690413
-374.11627545	-0.00972503
-374.08294220	-0.01063796
-374.04960895	-0.00957235
-374.01627570	-0.00715643
-373.98294245	-0.00378516
-373.94960920	-0.00018405
-373.91627595	0.00367441
-373.88294270	0.00706199
-373.84960945	0.00968175
-373.81627620	0.01132811
-373.78294295	0.01198395
-373.74960970	0.01135559
-373.71627645	0.00961770
-373.68294320	0.00729953
-373.64960995	0.00439563
-373.61627670	0.00128644
-373.58294345	-0.00175062
-373.54961020	-0.00438950
-373.51627695	-0.00654772
-373.48294370	-0.00779703
-373.44961045	-0.00807853
-373.41627720	-0.00754226
-373.38294395	-0.00621684
-373.34961070	-0.00436600
-373.31627745	-0.00202144
-373.28294420	0.00052991
-373.24961095	0.00279447
-373.21627770	0.00457262
-373.18294445	0.00577052
-373.14961120	0.00610061
-373.11627795	0.00556610
-373.08294470	0.00400209
-373.04961145	0.00161087
-373.01627820	-0.00126281
-372.98294495	-0.00457026
-372.94961171	-0.00799177
-372.91627846	-0.01110958
-372.88294521	-0.01384495
-372.84961196	-0.01581633
-372.81627871	-0.01668725
-372.78294546	-0.01675326
-372.74961221	-0.01565074
-372.71627896	-0.01350970
-372.68294571	-0.01066507
-372.64961246	-0.00690561
-372.61627921	-0.00302870
-372.58294596	0.00091523
-372.54961271	0.00465011
-372.51627946	0.00784017
-372.48294621	0.01010437
-372.44961296	0.01149914
-372.41627971	0.01198069
-372.38294646	0.01157143
-372.34961321	0.00996469
-372.31627996	0.00771266
-372.28294671	0.00493666
-372.24961346	0.00170784
-372.21628021	-0.00141785
-372.18294696	-0.00435111
-372.14961371	-0.00693188
-372.11628046	-0.00877469
-372.08294721	-0.00999112
-372.04961396	-0.01047665
-372.01628071	-0.01044796
-371.98294746	-0.00975629
-371.94961421	-0.00855025
-371.91628096	-0.00696876
-371.88294771	-0.00525984
-371.84961446	-0.00344577
-371.81628121	-0.00174519
-371.78294796	-0.00024681
-371.74961471	0.00110420
-371.71628146	0.00208852
-371.68294822	0.00284462
-371.64961497	0.00326752
-371.61628172	0.00353705
-371.58294847	0.00358885
-371.54961522	0.00369418
-371.51628197	0.00358461
-371.48294872	0.00344474
-371.44961547	0.00329864
-371.41628222	0.00316540
-371.38294897	0.00302656
-371.34961572	0.00285850
-371.31628247	0.00260444
-371.28294922	0.00231267
-371.24961597	0.00196901
-371.21628272	0.00143223
-371.18294947	0.00090124
-371.14961622	0.00014947
-371.11628297	-0.00051304
-371.08294972	-0.00124791
-371.04961647	-0.00182511
-371.01628322	-0.00217983
-370.98294997	-0.00266537
-370.94961672	-0.00283420
-370.91628347	-0.00292298
-370.88295022	-0.00281557
-370.84961697	-0.00257859
-370.81628372	-0.00239069
-370.78295047	-0.00215612
-370.74961722	-0.00184111
-370.71628397	-0.00147212
-370.68295072	-0.00143806
-370.64961747	-0.00130898
-370.61628422	-0.00134598
-370.58295097	-0.00134796
-370.54961772	-0.00140655
-370.51628447	-0.00120103
-370.48295122	-0.00120522
-370.44961798	-0.00089195
-370.41628473	-0.00045780
-370.38295148	0.00025459
-370.34961823	0.00105839
-370.31628498	0.00213705
-370.28295173	0.00332519
-370.24961848	0.00474375
-370.21628523	0.00628797
-370.18295198	0.00777217
-370.14961873	0.00907706
-370.11628548	0.01030965
-370.08295223	0.01129261
-370.04961898	0.01184232
-370.01628573	0.01205938
-369.98295248	0.01186213
-369.94961923	0.01152420
-369.91628598	0.01062072
-369.88295273	0.00926577
-369.84961948	0.00777059
-369.81628623	0.00598801
-369.78295298	0.00398552
-369.74961973	0.00190285
-369.71628648	-0.00017533
-369.68295323	-0.00212389
-369.64961998	-0.00403259
-369.61628673	-0.00564703
-369.58295348	-0.00696901
-369.54962023	-0.00806913
-369.51628698	-0.00881827
-369.48295373	-0.00917050
-369.44962048	-0.00904373
-369.41628723	-0.00863119
-369.38295398	-0.00790524
-369.34962073	-0.00694841
-369.31628748	-0.00568322
-369.28295423	-0.00438810
-369.24962098	-0.00289275
-369.21628774	-0.00130278
-369.18295449	0.00015620
-369.14962124	0.00167470
-369.11628799	0.00317716
-369.08295474	0.00449697
-369.04962149	0.00543573
-369.01628824	0.00623724
-368.98295499	0.00697927
-368.94962174	0.00722268
-368.91628849	0.00718022
-368.88295524	0.00688822
-368.84962199	0.00641295
-368.81628874	0.00566920
-368.78295549	0.00461744
-368.74962224	0.00358265
-368.71628899	0.00247562
-368.68295574	0.00130356
-368.64962249	0.00029108
-368.61628924	-0.00043608
-368.58295599	-0.00134031
-368.54962274	-0.00213674
-368.51628949	-0.00252426
-368.48295624	-0.00307446
-368.44962299	-0.00308271
-368.41628974	-0.00344462
-368.38295649	-0.00349442
-368.34962324	-0.00387187
-368.31628999	-0.00413380
-368.28295674	-0.00448089
-368.24962349	-0.00520113
-368.21629024	-0.00605363
-368.18295699	-0.00699084
-368.14962374	-0.00822947
-368.11629049	-0.00952331
-368.08295724	-0.01081195
-368.04962399	-0.01214460
-368.01629074	-0.01333589
-367.98295749	-0.01440574
-367.94962425	-0.01525753
-367.91629100	-0.01573922
-367.88295775	-0.01579326
-367.84962450	-0.01541569
-367.81629125	-0.01483171
-367.78295800	-0.01370373
-367.74962475	-0.01197954
-367.71629150	-0.01007918
-367.68295825	-0.00776211
-367.64962500	-0.00538625
-367.61629175	-0.00288982
-367.58295850	-0.00001190
-367.54962525	0.00279365
-367.51629200	0.00551451
-367.48295875	0.00821784
-367.44962550	0.01064467
-367.41629225	0.01298627
-367.38295900	0.01513184
-367.34962575	0.01688212
-367.31629250	0.01838855
-367.28295925	0.01954200
-367.24962600	0.02019916
-367.21629275	0.02054304
-367.18295950	0.02025271
-367.14962625	0.01967572
-367.11629300	0.01888427
-367.08295975	0.01743509
-367.04962650	0.01584249
-367.01629325	0.01405457
-366.98296000	0.01187674
-366.94962675	0.00959057
-366.91629350	0.00699652
-366.88296025	0.00459239
-366.84962700	0.00240248
-366.81629375	0.00011968
-366.78296050	-0.00212101
-366.74962725	-0.00392769
-366.71629401	-0.00551838
-366.68296076	-0.00689648
-366.64962751	-0.00793298
-366.61629426	-0.00896541
-366.58296101	-0.00935619
-366.54962776	-0.00958748
-366.51629451	-0.00967069
-366.48296126	-0.00942992
-366.44962801	-0.00892764
-366.41629476	-0.00829650
-366.38296151	-0.00744576
-366.34962826	-0.00655976
-366.31629501	-0.00553829
-366.28296176	-0.00451567
-366.24962851	-0.00333290
-366.21629526	-0.00217741
-366.18296201	-0.00119718
-366.14962876	0.00005847
-366.11629551	0.00086169
-366.08296226	0.00169925
-366.04962901	0.00255441
-366.01629576	0.00297378
-365.98296251	0.00335159
-365.94962926	0.00362574
-365.91629601	0.00382372
-365.88296276	0.00375466
-365.84962951	0.00373104
-365.81629626	0.00367176
-365.78296301	0.00349686
-365.74962976	0.00346829
-365.71629651	0.00339877
-365.68296326	0.00324199
-365.64963001	0.00329572
-365.61629676	0.00327475
-365.58296351	0.00325108
-365.54963026	0.00326226
-365.51629701	0.00303240
-365.48296376	0.00281775
-365.44963052	0.00275293
-365.41629727	0.00237705
-365.38296402	0.00197535
-365.34963077	0.00154508
-365.31629752	0.00097152
-365.28296427	0.00049332
-365.24963102	0.00000177
-365.21629777	-0.00027826
-365.18296452	-0.00069115
-365.14963127	-0.00080248
-365.11629802	-0.00070194
-365.08296477	-0.00058255
-365.04963152	-0.00024688
-365.01629827	0.00022745
-364.98296502	0.00064439
-364.94963177	0.00123811
-364.91629852	0.00176312
-364.88296527	0.00201226
-364.84963202	0.00230637
-364.81629877	0.00228406
-364.78296552	0.00214654
-364.74963227	0.00163365
-364.71629902	0.00103433
-364.68296577	0.00017418
-364.64963252	-0.00078064
-364.61629927	-0.00206544
-364.58296602	-0.00311377
-364.54963277	-0.00408466
-364.51629952	-0.00487398
-364.48296627	-0.00523462
-364.44963302	-0.00554389
-364.41629977	-0.00546655
-364.38296652	-0.00485262
-364.34963327	-0.00381870
-364.31630002	-0.00254773
-364.28296677	-0.00105929
-364.24963352	0.00058559
-364.21630028	0.00249409
-364.18296703	0.00412060
-364.14963378	0.00581233
-364.11630053	0.00699613
-364.08296728	0.00785782
-364.04963403	0.00842634
-364.01630078	0.00844238
-363.98296753	0.00795471
-363.94963428	0.00693085
-363.91630103	0.00553695
-363.88296778	0.00375255
-363.84963453	0.00172854
-363.81630128	-0.00056471
-363.78296803	-0.00278845
-363.74963478	-0.00491470
-363.71630153	-0.00692698
-363.68296828	-0.00885172
-363.64963503	-0.00993401
-363.61630178	-0.01067944
-363.58296853	-0.01117875
-363.54963528	-0.01098626
-363.51630203	-0.01043714
-363.48296878	-0.00922491
-363.44963553	-0.00770316
-363.41630228	-0.00584223
-363.38296903	-0.00395067
-363.34963578	-0.00177727
-363.31630253	0.00037923
-363.28296928	0.00233660
-363.24963603	0.00427756
-363.21630278	0.00584421
-363.18296953	0.00707859
-363.14963628	0.00796848
-363.11630303	0.00830457
-363.08296978	0.00816859
-363.04963653	0.00764683
-363.01630328	0.00690699
-362.98297003	0.00554999
-362.94963679	0.00423912
-362.91630354	0.00252073
-362.88297029	0.00058226
-362.84963704	-0.00128119
-362.81630379	-0.00297864
-362.78297054	-0.00481098
-362.74963729	-0.00636357
-362.71630404	-0.00775125
-362.68297079	-0.00883895
-362.64963754	-0.00976066
-362.61630429	-0.01032808
-362.58297104	-0.01058646
-362.54963779	-0.01070768
-362.51630454	-0.01047599
-362.48297129	-0.01026920
-362.44963804	-0.01004447
-362.41630479	-0.00951612
-362.38297154	-0.00908319
-362.34963829	-0.00886737
-362.31630504	-0.00871460
-362.28297179	-0.00863549
-362.24963854	-0.00874567
-362.21630529	-0.00890501
-362.18297204	-0.00903178
-362.14963879	-0.00946393
-362.11630554	-0.00969436
-362.08297229	-0.00983868
-362.04963904	-0.00978394
-362.01630579	-0.00948869
-361.98297254	-0.00884323
-361.94963929	-0.00764410
-361.91630604	-0.00636467
-361.88297279	-0.00450671
-361.84963954	-0.00206593
-361.81630629	0.00068546
-361.78297304	0.00375380
-361.74963979	0.00698739
-361.71630655	0.01056507
-361.68297330	0.01429771
-361.64964005	0.01763143
-361.61630680	0.02104185
-361.58297355	0.02394460
-361.54964030	0.02636689
-361.51630705	0.02827317
-361.48297380	0.02946958
-361.44964055	0.02994223
-361.41630730	0.02964376
-361.38297405	0.02842975
-361.34964080	0.02658765
-361.31630755	0.02407420
-361.28297430	0.02088935
-361.24964105	0.01730513
-361.21630780	0.01332814
-361.18297455	0.00922889
-361.14964130	0.00514312
-361.11630805	0.00130944
-361.08297480	-0.00227979
-361.04964155	-0.00529495
-361.01630830	-0.00775263
-360.98297505	-0.00953915
-360.94964180	-0.01040363
-360.91630855	-0.01067373
-360.88297530	-0.01007905
-360.84964205	-0.00906194
-360.81630880	-0.00705594
-360.78297555	-0.00468115
-360.74964230	-0.00216430
-360.71630905	0.00066683
-360.68297580	0.00346774
-360.64964255	0.00609486
-360.61630930	0.00821538
-360.58297605	0.01022317
-360.54964280	0.01142601
-360.51630955	0.01214444
-360.48297631	0.01215875
-360.44964306	0.01170866
-360.41630981	0.01028462
-360.38297656	0.00832403
-360.34964331	0.00598949
-360.31631006	0.00307164
-360.28297681	-0.00012911
-360.24964356	-0.00357729
-360.21631031	-0.00726354
-360.18297706	-0.01115854
-360.14964381	-0.01493132
-360.11631056	-0.01855101
-360.08297731	-0.02231459
-360.04964406	-0.02586537
-360.01631081	-0.02931379
-359.98297756	-0.03260301
-359.94964431	-0.03582287
-359.91631106	-0.03896994
-359.88297781	-0.04189590
-359.84964456	-0.04467231
-359.81631131	-0.04749761
-359.78297806	-0.04994199
-359.74964481	-0.05237021
-359.71631156	-0.05467493
-359.68297831	-0.05669078
-359.64964506	-0.05821405
-359.61631181	-0.05939371
-359.58297856	-0.06008438
-359.54964531	-0.06011013
-359.51631206	-0.05948847
-359.48297881	-0.05790332
-359.44964556	-0.05543628
-359.41631231	-0.05167546
-359.38297906	-0.04688732
-359.34964581	-0.04092837
-359.31631256	-0.03379824
-359.28297931	-0.02544142
-359.24964606	-0.01583652
-359.21631282	-0.00515040
-359.18297957	0.00634669
-359.14964632	0.01844919
-359.11631307	0.03124556
-359.08297982	0.04421943
-359.04964657	0.05719402
-359.01631332	0.06988133
-358.98298007	0.08200184
-358.94964682	0.09321814
-358.91631357	0.10321845
-358.88298032	0.11166736
-358.84964707	0.11834742
-358.81631382	0.12317819
-358.78298057	0.12573373
-358.74964732	0.12590065
-358.71631407	0.12369779
-358.68298082	0.11907994
-358.64964757	0.11190338
-358.61631432	0.10220782
-358.58298107	0.09053704
-358.54964782	0.07678442
-358.51631457	0.06143703
-358.48298132	0.04440491
-358.44964807	0.02666458
-358.41631482	0.00812956
-358.38298157	-0.01066425
-358.34964832	-0.02884661
-358.31631507	-0.04657058
-358.28298182	-0.06287990
-358.24964857	-0.07766358
-358.21631532	-0.09051938
-358.18298207	-0.10097208
-358.14964882	-0.10880721
-358.11631557	-0.11397608
-358.08298232	-0.11630529
-358.04964907	-0.11562421
-358.01631582	-0.11218620
-357.98298258	-0.10608952
-357.94964933	-0.09765395
-357.91631608	-0.08692736
-357.88298283	-0.07446568
-357.84964958	-0.06080793
-357.81631633	-0.04623467
-357.78298308	-0.03108756
-357.74964983	-0.01603668
-357.71631658	-0.00156216
-357.68298333	0.01179733
-357.64965008	0.02403069
-357.61631683	0.03472451
-357.58298358	0.04314053
-357.54965033	0.04955880
-357.51631708	0.05369999
-357.48298383	0.05565268
-357.44965058	0.05539297
-357.41631733	0.05312443
-357.38298408	0.04890145
-357.34965083	0.04309755
-357.31631758	0.03628804
-357.28298433	0.02836215
-357.24965108	0.01985540
-357.21631783	0.01133279
-357.18298458	0.00296379
-357.14965133	-0.00460635
-357.11631808	-0.01136312
-357.08298483	-0.01717265
-357.04965158	-0.02158199
-357.01631833	-0.02454831
-356.98298508	-0.02626795
-356.94965183	-0.02674350
-356.91631858	-0.02595273
-356.88298533	-0.02409559
-356.84965208	-0.02151287
-356.81631883	-0.01836201
-356.78298558	-0.01478392
-356.74965233	-0.01123981
-356.71631909	-0.00776679
-356.68298584	-0.00453421
-356.64965259	-0.00201578
-356.61631934	0.00015159
-356.58298609	0.00173571
-356.54965284	0.00264059
-356.51631959	0.00298865
-356.48298634	0.00299606
-356.44965309	0.00242068
-356.41631984	0.00161663
-356.38298659	0.00078461
-356.34965334	-0.00012682
-356.31632009	-0.00092334
-356.28298684	-0.00151391
-356.24965359	-0.00182293
-356.21632034	-0.00178653
-356.18298709	-0.00156958
-356.14965384	-0.00091100
-356.11632059	0.00008247
-356.08298734	0.00113011
-356.04965409	0.00244481
-356.01632084	0.00378665
-355.98298759	0.00509481
-355.94965434	0.00635511
-355.91632109	0.00720185
-355.88298784	0.00783243
-355.84965459	0.00840627
-355.81632134	0.00849193
-355.78298809	0.00830480
-355.74965484	0.00763646
-355.71632159	0.00668823
-355.68298834	0.00548367
-355.64965509	0.00409287
-355.61632184	0.00247930
-355.58298859	0.00102341
-355.54965534	-0.00050514
-355.51632209	-0.00202803
-355.48298885	-0.00329327
-355.44965560	-0.00430899
-355.41632235	-0.00510028
-355.38298910	-0.00559163
-355.34965585	-0.00576967
-355.31632260	-0.00586346
-355.28298935	-0.00538702
-355.24965610	-0.00480149
-355.21632285	-0.00409561
-355.18298960	-0.00315083
-355.14965635	-0.00237661
-355.11632310	-0.00171163
-355.08298985	-0.00104314
-355.04965660	-0.00041872
-355.01632335	-0.00013807
-354.98299010	0.00003005
-354.94965685	-0.00016279
-354.91632360	-0.00037166
-354.88299035	-0.00087032
-354.84965710	-0.00147122
-354.81632385	-0.00207906
-354.78299060	-0.00274017
-354.74965735	-0.00347247
-354.71632410	-0.00400708
-354.68299085	-0.00454770
-354.64965760	-0.00488751
-354.61632435	-0.00524681
-354.58299110	-0.00528563
-354.54965785	-0.00539172
-354.51632460	-0.00539149
-354.48299135	-0.00541247
-354.44965810	-0.00551520
-354.41632485	-0.00556868
-354.38299160	-0.00580075
-354.34965835	-0.00608139
-354.31632510	-0.00635732
-354.28299185	-0.00672340
-354.24965861	-0.00720376
-354.21632536	-0.00778094
-354.18299211	-0.00839068
-354.14965886	-0.00885303
-354.11632561	-0.00933310
-354.08299236	-0.00973242
-354.04965911	-0.01005278
-354.01632586	-0.01016493
-353.98299261	-0.01000322
-353.94965936	-0.00995064
-353.91632611	-0.00972212
-353.88299286	-0.00939753
-353.84965961	-0.00892637
-353.81632636	-0.00842898
-353.78299311	-0.00803119
-353.74965986	-0.00760462
-353.71632661	-0.00709187
-353.68299336	-0.00686395
-353.64966011	-0.00645916
-353.61632686	-0.00603937
-353.58299361	-0.00567519
-353.54966036	-0.00532892
-353.51632711	-0.00490750
-353.48299386	-0.00457996
-353.44966061	-0.00397071
-353.41632736	-0.00334802
-353.38299411	-0.00261099
-353.34966086	-0.00183666
-353.31632761	-0.00086132
-353.28299436	0.00023785
-353.24966111	0.00120937
-353.21632786	0.00219381
-353.18299461	0.00322470
-353.14966136	0.00406271
-353.11632811	0.00489128
-353.08299486	0.00567997
-353.04966161	0.00618538
-353.01632836	0.00663706
-352.98299512	0.00692790
-352.94966187	0.00732892
-352.91632862	0.00743761
-352.88299537	0.00752829
-352.84966212	0.00725250
-352.81632887	0.00746479
-352.78299562	0.00722309
-352.74966237	0.00684158
-352.71632912	0.00647885
-352.68299587	0.00609948
-352.64966262	0.00563933
-352.61632937	0.00513972
-352.58299612	0.00477686
-352.54966287	0.00450834
-352.51632962	0.00399415
-352.48299637	0.00377416
-352.44966312	0.00369955
-352.41632987	0.00378463
-352.38299662	0.00422189
-352.34966337	0.00470162
-352.31633012	0.00546285
-352.28299687	0.00668579
-352.24966362	0.00781936
-352.21633037	0.00918522
-352.18299712	0.01054419
-352.14966387	0.01196128
-352.11633062	0.01343676
-352.08299737	0.01470835
-352.04966412	0.01574439
-352.01633087	0.01650983
-351.98299762	0.01693382
-351.94966437	0.01684684
-351.91633112	0.01637803
-351.88299787	0.01549265
-351.84966462	0.01407270
-351.81633137	0.01204225
-351.78299812	0.00961611
-351.74966488	0.00685686
-351.71633163	0.00359564
-351.68299838	0.00000299
-351.64966513	-0.00381155
-351.61633188	-0.00790887
-351.58299863	-0.01224223
-351.54966538	-0.01673259
-351.51633213	-0.02117650
-351.48299888	-0.02560770
-351.44966563	-0.03005582
-351.41633238	-0.03455972
-351.38299913	-0.03869859
-351.34966588	-0.04276491
-351.31633263	-0.04648063
-351.28299938	-0.04985069
-351.24966613	-0.05276866
-351.21633288	-0.05507314
-351.18299963	-0.05666094
-351.14966638	-0.05780517
-351.11633313	-0.05786822
-351.08299988	-0.05707980
-351.04966663	-0.05557690
-351.01633338	-0.05276724
-350.98300013	-0.04896095
-350.94966688	-0.04424075
-350.91633363	-0.03831891
-350.88300038	-0.03148435
-350.84966713	-0.02370501
-350.81633388	-0.01501262
-350.78300063	-0.00568217
-350.74966738	0.00424237
-350.71633413	0.01456544
-350.68300088	0.02509252
-350.64966763	0.03536088
-350.61633438	0.04526500
-350.58300113	0.05473847
-350.54966788	0.06304007
-350.51633463	0.07019521
-350.48300139	0.07579361
-350.44966814	0.08007493
-350.41633489	0.08223739
-350.38300164	0.08272858
-350.34966839	0.08113038
-350.31633514	0.07756701
-350.28300189	0.07220195
-350.24966864	0.06526670
-350.21633539	0.05693416
-350.18300214	0.04721290
-350.14966889	0.03690375
-350.11633564	0.02591737
-350.08300239	0.01473701
-350.04966914	0.00382371
-350.01633589	-0.00671890
-349.98300264	-0.01640094
-349.94966939	-0.02513582
-349.91633614	-0.03258942
-349.88300289	-0.03877025
-349.84966964	-0.04345442
-349.81633639	-0.04659421
-349.78300314	-0.04850588
-349.74966989	-0.04920046
-349.71633664	-0.04849487
-349.68300339	-0.04650888
-349.64967014	-0.04399569
-349.61633689	-0.04072120
-349.58300364	-0.03674931
-349.54967039	-0.03287091
-349.51633714	-0.02843344
-349.48300389	-0.02413180
-349.44967064	-0.01993239
-349.41633739	-0.01599028
-349.38300414	-0.01249058
-349.34967089	-0.00923198
-349.31633764	-0.00649198
-349.28300439	-0.00400860
-349.24967115	-0.00198882
-349.21633790	-0.00056398
-349.18300465	0.00045743
-349.14967140	0.00135121
-349.11633815	0.00179717
-349.08300490	0.00226549
-349.04967165	0.00241812
-349.01633840	0.00238625
-348.98300515	0.00258461
-348.94967190	0.00252655
-348.91633865	0.00258207
-348.88300540	0.00269867
-348.84967215	0.00288607
-348.81633890	0.00339366
-348.78300565	0.00385384
-348.74967240	0.00461035
-348.71633915	0.00529885
-348.68300590	0.00595531
-348.64967265	0.00669336
-348.61633940	0.00738676
-348.58300615	0.00802199
-348.54967290	0.00852837
-348.51633965	0.00870172
-348.48300640	0.00863571
-348.44967315	0.00828213
-348.41633990	0.00768721
-348.38300665	0.00680722
-348.34967340	0.00562034
-348.31634015	0.00422148
-348.28300690	0.00253388
-348.24967365	0.00078416
-348.21634040	-0.00103331
-348.18300715	-0.00264573
-348.14967390	-0.00441315
-348.11634065	-0.00584541
-348.08300740	-0.00709040
-348.04967415	-0.00786381
-348.01634090	-0.00854404
-347.98300766	-0.00890564
-347.94967441	-0.00884640
-347.91634116	-0.00843235
-347.88300791	-0.00762157
-347.84967466	-0.00692480
-347.81634141	-0.00594497
-347.78300816	-0.00492866
-347.74967491	-0.00393192
-347.71634166	-0.00297968
-347.68300841	-0.00212442
-347.64967516	-0.00148856
-347.61634191	-0.00094564
-347.58300866	-0.00079723
-347.54967541	-0.00073374
-347.51634216	-0.00091491
-347.48300891	-0.00132827
-347.44967566	-0.00189970
-347.41634241	-0.00254734
-347.38300916	-0.00351296
-347.34967591	-0.00405765
-347.31634266	-0.00468887
-347.28300941	-0.00519921
-347.24967616	-0.00556375
-347.21634291	-0.00572695
-347.18300966	-0.00549573
-347.14967641	-0.00515360
-347.11634316	-0.00462744
-347.08300991	-0.00380640
-347.04967666	-0.00261303
-347.01634341	-0.00155886
-346.98301016	-0.00040864
-346.94967691	0.00081741
-346.91634366	0.00193385
-346.88301041	0.00287125
-346.84967716	0.00350465
-346.81634391	0.00379748
-346.78301066	0.00387067
-346.74967742	0.00344185
-346.71634417	0.00290870
-346.68301092	0.00183482
-346.64967767	0.00051301
-346.61634442	-0.00096683
-346.58301117	-0.00274524
-346.54967792	-0.00456182
-346.51634467	-0.00618919
-346.48301142	-0.00785409
-346.44967817	-0.00921193
-346.41634492	-0.01026192
-346.38301167	-0.01104543
-346.34967842	-0.01134451
-346.31634517	-0.01133898
-346.28301192	-0.01098101
-346.24967867	-0.01031955
-346.21634542	-0.00905319
-346.18301217	-0.00780994
-346.14967892	-0.00625021
-346.11634567	-0.00462949
-346.08301242	-0.00305890
-346.04967917	-0.00147008
-346.01634592	-0.00007358
-345.98301267	0.00108323
-345.94967942	0.00210934
-345.91634617	0.00268578
-345.88301292	0.00293767
-345.84967967	0.00301842
-345.81634642	0.00264298
-345.78301317	0.00198907
-345.74967992	0.00099644
-345.71634667	-0.00018761
-345.68301342	-0.00172795
-345.64968017	-0.00322816
-345.61634692	-0.00491815
-345.58301367	-0.00662817
-345.54968042	-0.00813247
-345.51634718	-0.00948415
-345.48301393	-0.01084311
-345.44968068	-0.01198921
-345.41634743	-0.01258243
-345.38301418	-0.01308562
-345.34968093	-0.01315644
-345.31634768	-0.01301328
-345.28301443	-0.01250209
-345.24968118	-0.01174193
-345.21634793	-0.01066603
-345.18301468	-0.00949667
-345.14968143	-0.00809392
-345.11634818	-0.00684986
-345.08301493	-0.00560671
-345.04968168	-0.00437468
-345.01634843	-0.00312080
-344.98301518	-0.00215813
-344.94968193	-0.00135579
-344.91634868	-0.00068289
-344.88301543	-0.00008088
-344.84968218	0.00032083
-344.81634893	0.00060455
-344.78301568	0.00081485
-344.74968243	0.00092565
-344.71634918	0.00110073
-344.68301593	0.00138218
-344.64968268	0.00159887
-344.61634943	0.00203530
-344.58301618	0.00252658
-344.54968293	0.00308758
-344.51634968	0.00370325
-344.48301643	0.00464839
-344.44968318	0.00540683
-344.41634993	0.00646932
-344.38301668	0.00730521
-344.34968343	0.00828365
-344.31635018	0.00919722
-344.28301693	0.00981650
-344.24968369	0.01034288
-344.21635044	0.01058293
-344.18301719	0.01068550
-344.14968394	0.01058821
-344.11635069	0.01012027
-344.08301744	0.00938920
-344.04968419	0.00873027
-344.01635094	0.00763527
-343.98301769	0.00657547
-343.94968444	0.00544253
-343.91635119	0.00429688
-343.88301794	0.00313518
-343.84968469	0.00208778
-343.81635144	0.00107748
-343.78301819	0.00026338
-343.74968494	-0.00021574
-343.71635169	-0.00080494
-343.68301844	-0.00133893
-343.64968519	-0.00143110
-343.61635194	-0.00177207
-343.58301869	-0.00189966
-343.54968544	-0.00213363
-343.51635219	-0.00241273
-343.48301894	-0.00278582
-343.44968569	-0.00352711
-343.41635244	-0.00423468
-343.38301919	-0.00546618
-343.34968594	-0.00680024
-343.31635269	-0.00843317
-343.28301944	-0.01021450
-343.24968619	-0.01203981
-343.21635294	-0.01431802
-343.18301969	-0.01663977
-343.14968644	-0.01877806
-343.11635319	-0.02096662
-343.08301994	-0.02309675
-343.04968669	-0.02501221
-343.01635345	-0.02682186
-342.98302020	-0.02810782
-342.94968695	-0.02950427
-342.91635370	-0.03032158
-342.88302045	-0.03079620
-342.84968720	-0.03106857
-342.81635395	-0.03087717
-342.78302070	-0.03026520
-342.74968745	-0.02948521
-342.71635420	-0.02818206
-342.68302095	-0.02656331
-342.64968770	-0.02471076
-342.61635445	-0.02257527
-342.58302120	-0.02002742
-342.54968795	-0.01724291
-342.51635470	-0.01429811
-342.48302145	-0.01102961
-342.44968820	-0.00735482
-342.41635495	-0.00367642
-342.38302170	0.00014543
-342.34968845	0.00415249
-342.31635520	0.00820541
-342.28302195	0.01230237
-342.24968870	0.01644441
-342.21635545	0.02042428
-342.18302220	0.02433825
-342.14968895	0.02803433
-342.11635570	0.03162604
-342.08302245	0.03489942
-342.04968920	0.03773836
-342.01635595	0.04006115
-341.98302270	0.04206688
-341.94968945	0.04337943
-341.91635620	0.04413140
-341.88302295	0.04438536
-341.84968970	0.04403591
-341.81635645	0.04283542
-341.78302320	0.04111085
-341.74968996	0.03861718
-341.71635671	0.03556783
-341.68302346	0.03170847
-341.64969021	0.02747680
-341.61635696	0.02278278
-341.58302371	0.01740039
-341.54969046	0.01198188
-341.51635721	0.00597528
-341.48302396	0.00000056
-341.44969071	-0.00592015
-341.41635746	-0.01195079
-341.38302421	-0.01788351
-341.34969096	-0.02337544
-341.31635771	-0.02851124
-341.28302446	-0.03316826
-341.24969121	-0.03723245
-341.21635796	-0.04060897
-341.18302471	-0.04317104
-341.14969146	-0.04485215
-341.11635821	-0.04602342
-341.08302496	-0.04618883
-341.04969171	-0.04530893
-341.01635846	-0.04374282
-340.98302521	-0.04121475
-340.94969196	-0.03799686
-340.91635871	-0.03404540
-340.88302546	-0.02943921
-340.84969221	-0.02435941
-340.81635896	-0.01874864
-340.78302571	-0.01289965
-340.74969246	-0.00672838
-340.71635921	-0.00087451
-340.68302596	0.00490427
-340.64969271	0.01058972
-340.61635946	0.01556376
-340.58302621	0.02019282
-340.54969296	0.02406100
-340.51635972	0.02705089
-340.48302647	0.02931948
-340.44969322	0.03065424
-340.41635997	0.03103194
-340.38302672	0.03062828
-340.34969347	0.02924523
-340.31636022	0.02704198
-340.28302697	0.02441008
-340.24969372	0.02108111
-340.21636047	0.01698724
-340.18302722	0.01282386
-340.14969397	0.00830963
-340.11636072	0.00376414
-340.08302747	-0.00085460
-340.04969422	-0.00522932
-340.01636097	-0.00934385
-339.98302772	-0.01324235
-339.94969447	-0.01649215
-339.91636122	-0.01929259
-339.88302797	-0.02140014
-339.84969472	-0.02307494
-339.81636147	-0.02412254
-339.78302822	-0.02443394
-339.74969497	-0.02432574
-339.71636172	-0.02361498
-339.68302847	-0.02231541
-339.64969522	-0.02087000
-339.61636197	-0.01876431
-339.58302872	-0.01641412
-339.54969547	-0.01387452
-339.51636222	-0.01124096
-339.48302897	-0.00835835
-339.44969572	-0.00547928
-339.41636247	-0.00274585
-339.38302922	-0.00027251
-339.34969597	0.00243579
-339.31636272	0.00448876
-339.28302948	0.00658062
-339.24969623	0.00813080
-339.21636298	0.00936267
-339.18302973	0.01034746
-339.14969648	0.01089827
-339.11636323	0.01124452
-339.08302998	0.01120960
-339.04969673	0.01076152
-339.01636348	0.01013190
-338.98303023	0.00947095
-338.94969698	0.00833433
-338.91636373	0.00706120
-338.88303048	0.00592635
-338.84969723	0.00451006
-338.81636398	0.00332011
-338.78303073	0.00192201
-338.74969748	0.00055235
-338.71636423	-0.00067633
-338.68303098	-0.00176071
-338.64969773	-0.00286747
-338.61636448	-0.00397022
-338.58303123	-0.00472224
-338.54969798	-0.00553037
-338.51636473	-0.00603162
-338.48303148	-0.00651724
-338.44969823	-0.00695523
-338.41636498	-0.00701464
-338.38303173	-0.00695060
-338.34969848	-0.00696846
-338.31636523	-0.00662865
-338.28303198	-0.00636963
-338.24969873	-0.00606693
-338.21636548	-0.00557707
-338.18303223	-0.00513930
-338.14969898	-0.00451657
-338.11636573	-0.00398515
-338.08303248	-0.00359299
-338.04969923	-0.00318395
-338.01636599	-0.00274971
-337.98303274	-0.00218432
-337.94969949	-0.00166968
-337.91636624	-0.00126528
-337.88303299	-0.00094040
-337.84969974	-0.00054382
-337.81636649	-0.00025126
-337.78303324	0.00009747
-337.74969999	0.00038225
-337.71636674	0.00052841
-337.68303349	0.00067829
-337.64970024	0.00083832
-337.61636699	0.00080890
-337.58303374	0.00060220
-337.54970049	0.00028782
-337.51636724	-0.00011648
-337.48303399	-0.00067315
-337.44970074	-0.00130009
-337.41636749	-0.00207019
-337.38303424	-0.00303334
-337.34970099	-0.00376632
-337.31636774	-0.00476016
-337.28303449	-0.00571096
-337.24970124	-0.00679555
-337.21636799	-0.00787072
-337.18303474	-0.00874687
-337.14970149	-0.00958309
-337.11636824	-0.01027193
-337.08303499	-0.01110619
-337.04970174	-0.01164335
-337.01636849	-0.01214513
-336.98303524	-0.01260362
-336.94970199	-0.01288581
-336.91636874	-0.01302070
-336.88303549	-0.01293877
-336.84970224	-0.01292059
-336.81636899	-0.01273941
-336.78303575	-0.01229419
-336.74970250	-0.01175585
-336.71636925	-0.01083156
-336.68303600	-0.00989146
-336.64970275	-0.00867441
-336.61636950	-0.00748859
-336.58303625	-0.00604629
-336.54970300	-0.00456289
-336.51636975	-0.00292162
-336.48303650	-0.00141200
-336.44970325	0.00035099
-336.41637000	0.00207798
-336.38303675	0.00377801
-336.34970350	0.00517000
-336.31637025	0.00640935
-336.28303700	0.00732497
-336.24970375	0.00822413
-336.21637050	0.00892524
-336.18303725	0.00938214
-336.14970400	0.00938765
-336.11637075	0.00924716
-336.08303750	0.00881877
-336.04970425	0.00813925
-336.01637100	0.00748838
-335.98303775	0.00659461
-335.94970450	0.00550973
-335.91637125	0.00445244
-335.88303800	0.00347737
-335.84970475	0.00239818
-335.81637150	0.00151782
-335.78303825	0.00067742
-335.74970500	-0.00012505
-335.71637175	-0.00070146
-335.68303850	-0.00117045
-335.64970525	-0.00146500
-335.61637200	-0.00158713
-335.58303875	-0.00146051
-335.54970550	-0.00137598
-335.51637226	-0.00102841
-335.48303901	-0.00061847
-335.44970576	-0.00024661
-335.41637251	0.00014600
-335.38303926	0.00080802
-335.34970601	0.00139352
-335.31637276	0.00193625
-335.28303951	0.00225269
-335.24970626	0.00275751
-335.21637301	0.00311576
-335.18303976	0.00342347
-335.14970651	0.00365058
-335.11637326	0.00369207
-335.08304001	0.00368284
-335.04970676	0.00359349
-335.01637351	0.00334657
-334.98304026	0.00303651
-334.94970701	0.00252984
-334.91637376	0.00192688
-334.88304051	0.00119946
-334.84970726	0.00014995
-334.81637401	-0.00086156
-334.78304076	-0.00211345
-334.74970751	-0.00342881
-334.71637426	-0.00479300
-334.68304101	-0.00644296
-334.64970776	-0.00806389
-334.61637451	-0.00981593
-334.58304126	-0.01158570
-334.54970801	-0.01320044
-334.51637476	-0.01496050
-334.48304151	-0.01650607
-334.44970826	-0.01807022
-334.41637501	-0.01931433
-334.38304176	-0.02035013
-334.34970851	-0.02114811
-334.31637526	-0.02171273
-334.28304202	-0.02185001
-334.24970877	-0.02184352
-334.21637552	-0.02147249
-334.18304227	-0.02048532
-334.14970902	-0.01927412
-334.11637577	-0.01768781
-334.08304252	-0.01581369
-334.04970927	-0.01356403
-334.01637602	-0.01130010
-333.98304277	-0.00859433
-333.94970952	-0.00588555
-333.91637627	-0.00287086
-333.88304302	0.00007810
-333.84970977	0.00309809
-333.81637652	0.00603839
-333.78304327	0.00882571
-333.74971002	0.01144151
-333.71637677	0.01400126
-333.68304352	0.01638038
-333.64971027	0.01849929
-333.61637702	0.02031865
-333.58304377	0.02194987
-333.54971052	0.02316406
-333.51637727	0.02420988
-333.48304402	0.02489688
-333.44971077	0.02525921
-333.41637752	0.02516942
-333.38304427	0.02482721
-333.34971102	0.02395758
-333.31637777	0.02280073
-333.28304452	0.02106485
-333.24971127	0.01903136
-333.21637802	0.01667033
-333.18304477	0.01389665
-333.14971152	0.01066080
-333.11637827	0.00732299
-333.08304502	0.00370819
-333.04971178	-0.00003281
-333.01637853	-0.00381312
-332.98304528	-0.00751136
-332.94971203	-0.01128318
-332.91637878	-0.01472622
-332.88304553	-0.01774373
-332.84971228	-0.02054969
-332.81637903	-0.02257438
-332.78304578	-0.02428774
-332.74971253	-0.02526571
-332.71637928	-0.02554125
-332.68304603	-0.02534626
-332.64971278	-0.02453821
-332.61637953	-0.02295931
-332.58304628	-0.02072984
-332.54971303	-0.01817531
-332.51637978	-0.01512762
-332.48304653	-0.01201838
-332.44971328	-0.00860082
-332.41638003	-0.00514332
-332.38304678	-0.00173422
-332.34971353	0.00140443
-332.31638028	0.00426112
-332.28304703	0.00672673
-332.24971378	0.00871100
-332.21638053	0.01016584
-332.18304728	0.01108246
-332.14971403	0.01133610
-332.11638078	0.01117455
-332.08304753	0.01032739
-332.04971428	0.00916534
-332.01638103	0.00757163
-331.98304778	0.00584584
-331.94971453	0.00398143
-331.91638128	0.00195793
-331.88304803	0.00010181
-331.84971478	-0.00187855
-331.81638153	-0.00335901
-331.78304829	-0.00455721
-331.74971504	-0.00548259
-331.71638179	-0.00625021
-331.68304854	-0.00658929
-331.64971529	-0.00666773
-331.61638204	-0.00639127
-331.58304879	-0.00584196
-331.54971554	-0.00504006
-331.51638229	-0.00402598
-331.48304904	-0.00309743
-331.44971579	-0.00201826
-331.41638254	-0.00101453
-331.38304929	-0.00004442
-331.34971604	0.00101598
-331.31638279	0.00171850
-331.28304954	0.00242276
-331.24971629	0.00267552
-331.21638304	0.00287281
-331.18304979	0.00303126
-331.14971654	0.00288317
-331.11638329	0.00278918
-331.08305004	0.00237307
-331.04971679	0.00190879
-331.01638354	0.00154534
-330.98305029	0.00099347
-330.94971704	0.00068256
-330.91638379	0.00025716
-330.88305054	-0.00013129
-330.84971729	-0.00035983
-330.81638404	-0.00044536
-330.78305079	-0.00052631
-330.74971754	-0.00045231
-330.71638429	-0.00021319
-330.68305104	0.00005336
-330.64971779	0.00031020
-330.61638454	0.00063824
-330.58305129	0.00106139
-330.54971805	0.00148470
-330.51638480	0.00165724
-330.48305155	0.00193130
-330.44971830	0.00215225
-330.41638505	0.00213376
-330.38305180	0.00194169
-330.34971855	0.00166915
-330.31638530	0.00132642
-330.28305205	0.00083252
-330.24971880	0.00018091
-330.21638555	-0.00053399
-330.18305230	-0.00143722
-330.14971905	-0.00225174
-330.11638580	-0.00305734
-330.08305255	-0.00413987
-330.04971930	-0.00490415
-330.01638605	-0.00564437
-329.98305280	-0.00629482
-329.94971955	-0.00669884
-329.91638630	-0.00689611
-329.88305305	-0.00690873
-329.84971980	-0.00684863
-329.81638655	-0.00645814
-329.78305330	-0.00586107
-329.74972005	-0.00505684
-329.71638680	-0.00421317
-329.68305355	-0.00320340
-329.64972030	-0.00227448
-329.61638705	-0.00125803
-329.58305380	-0.00034942
-329.54972055	0.00026484
-329.51638730	0.00085253
-329.48305405	0.00143342
-329.44972080	0.00159446
-329.41638755	0.00153489
-329.38305430	0.00109459
-329.34972105	0.00063693
-329.31638780	-0.00003266
-329.28305456	-0.00060987
-329.24972131	-0.00130615
-329.21638806	-0.00197798
-329.18305481	-0.00277033
-329.14972156	-0.00332606
-329.11638831	-0.00383215
-329.08305506	-0.00410248
-329.04972181	-0.00425974
-329.01638856	-0.00413659
-328.98305531	-0.00371026
-328.94972206	-0.00339419
-328.91638881	-0.00299901
-328.88305556	-0.00215235
-328.84972231	-0.00150712
-328.81638906	-0.00082189
-328.78305581	-0.00036929
-328.74972256	0.00002357
-328.71638931	0.00033661
-328.68305606	0.00052478
-328.64972281	0.00035749
-328.61638956	0.00008496
-328.58305631	-0.00022865
-328.54972306	-0.00090371
-328.51638981	-0.00168680
-328.48305656	-0.00242736
-328.44972331	-0.00320828
-328.41639006	-0.00410912
-328.38305681	-0.00472913
-328.34972356	-0.00534194
-328.31639031	-0.00594972
-328.28305706	-0.00607023
-328.24972381	-0.00615745
-328.21639056	-0.00600555
-328.18305731	-0.00553381
-328.14972406	-0.00507834
-328.11639081	-0.00434748
-328.08305756	-0.00337230
-328.04972432	-0.00241214
-328.01639107	-0.00125880
-327.98305782	-0.00025714
-327.94972457	0.00078879
-327.91639132	0.00181099
-327.88305807	0.00269743
-327.84972482	0.00332047
-327.81639157	0.00393768
-327.78305832	0.00421538
-327.74972507	0.00439381
-327.71639182	0.00457081
-327.68305857	0.00449416
-327.64972532	0.00425833
-327.61639207	0.00407213
-327.58305882	0.00353744
-327.54972557	0.00323268
-327.51639232	0.00298963
-327.48305907	0.00262260
-327.44972582	0.00241526
-327.41639257	0.00239376
-327.38305932	0.00240116
-327.34972607	0.00242287
-327.31639282	0.00260929
-327.28305957	0.00287842
-327.24972632	0.00340749
-327.21639307	0.00359432
-327.18305982	0.00406848
-327.14972657	0.00449951
-327.11639332	0.00480339
-327.08306007	0.00497069
-327.04972682	0.00509258
-327.01639357	0.00508114
-326.98306032	0.00491729
-326.94972707	0.00444261
-326.91639382	0.00411975
-326.88306057	0.00350630
-326.84972732	0.00270594
-326.81639407	0.00198699
-326.78306083	0.00102818
-326.74972758	0.00012068
-326.71639433	-0.00079740
-326.68306108	-0.00168818
-326.64972783	-0.00263180
-326.61639458	-0.00343482
-326.58306133	-0.00419247
-326.54972808	-0.00483857
-326.51639483	-0.00561385
-326.48306158	-0.00610962
-326.44972833	-0.00666186
-326.41639508	-0.00710418
-326.38306183	-0.00752307
-326.34972858	-0.00779995
-326.31639533	-0.00814237
-326.28306208	-0.00841598
-326.24972883	-0.00865375
-326.21639558	-0.00878945
-326.18306233	-0.00892984
-326.14972908	-0.00909644
-326.11639583	-0.00913817
-326.08306258	-0.00914411
-326.04972933	-0.00921807
-326.01639608	-0.00917436
-325.98306283	-0.00901691
-325.94972958	-0.00887378
-325.91639633	-0.00879467
-325.88306308	-0.00846605
-325.84972983	-0.00808905
-325.81639658	-0.00774309
-325.78306333	-0.00721485
-325.74973008	-0.00650012
-325.71639683	-0.00598813
-325.68306358	-0.00505915
-325.64973033	-0.00424206
-325.61639708	-0.00327849
-325.58306383	-0.00207980
-325.54973059	-0.00084339
-325.51639734	0.00042853
-325.48306409	0.00174842
-325.44973084	0.00312303
-325.41639759	0.00456152
-325.38306434	0.00585878
-325.34973109	0.00727131
-325.31639784	0.00854772
-325.28306459	0.00977670
-325.24973134	0.01086982
-325.21639809	0.01196507
-325.18306484	0.01273806
-325.14973159	0.01348407
-325.11639834	0.01402930
-325.08306509	0.01447511
-325.04973184	0.01470911
-325.01639859	0.01488883
-324.98306534	0.01467474
-324.94973209	0.01463463
-324.91639884	0.01420282
-324.88306559	0.01358823
-324.84973234	0.01278582
-324.81639909	0.01186774
-324.78306584	0.01074858
-324.74973259	0.00951808
-324.71639934	0.00796164
-324.68306609	0.00640050
-324.64973284	0.00454300
-324.61639959	0.00268744
-324.58306634	0.00070625
-324.54973309	-0.00118388
-324.51639984	-0.00310313
-324.48306659	-0.00518282
-324.44973334	-0.00709085
-324.41640009	-0.00897299
-324.38306684	-0.01058155
-324.34973359	-0.01206987
-324.31640035	-0.01339306
-324.28306710	-0.01448030
-324.24973385	-0.01537621
-324.21640060	-0.01591028
-324.18306735	-0.01622247
-324.14973410	-0.01630740
-324.11640085	-0.01604798
-324.08306760	-0.01559642
-324.04973435	-0.01481528
-324.01640110	-0.01373857
-323.98306785	-0.01229606
-323.94973460	-0.01075379
-323.91640135	-0.00905639
-323.88306810	-0.00696004
-323.84973485	-0.00501247
-323.81640160	-0.00303292
-323.78306835	-0.00078650
-323.74973510	0.00122476
-323.71640185	0.00335211
-323.68306860	0.00528567
-323.64973535	0.00692495
-323.61640210	0.00844845
-323.58306885	0.00946071
-323.54973560	0.01036936
-323.51640235	0.01095046
-323.48306910	0.01114880
-323.44973585	0.01098360
-323.41640260	0.01061198
-323.38306935	0.00989804
-323.34973610	0.00915877
-323.31640285	0.00814408
-323.28306960	0.00679634
-323.24973635	0.00541184
-323.21640310	0.00397777
-323.18306985	0.00247163
-323.14973660	0.00108616
-323.11640335	-0.00062383
-323.08307010	-0.00205257
-323.04973686	-0.00353146
-323.01640361	-0.00490034
-322.98307036	-0.00610853
-322.94973711	-0.00730784
-322.91640386	-0.00818259
-322.88307061	-0.00903134
-322.84973736	-0.00954445
-322.81640411	-0.01001269
-322.78307086	-0.01023950
-322.74973761	-0.01008774
-322.71640436	-0.00988918
-322.68307111	-0.00936234
-322.64973786	-0.00859016
-322.61640461	-0.00777469
-322.58307136	-0.00669412
-322.54973811	-0.00544387
-322.51640486	-0.00407831
-322.48307161	-0.00266052
-322.44973836	-0.00121700
-322.41640511	0.00024714
-322.38307186	0.00163465
-322.34973861	0.00277663
-322.31640536	0.00411782
-322.28307211	0.00493295
-322.24973886	0.00561362
-322.21640561	0.00630522
-322.18307236	0.00661992
-322.14973911	0.00703342
-322.11640586	0.00689899
-322.08307261	0.00670769
-322.04973936	0.00628773
-322.01640611	0.00576938
-321.98307286	0.00522805
-321.94973961	0.00453852
-321.91640636	0.00367798
-321.88307311	0.00278905
-321.84973986	0.00203429
-321.81640662	0.00105784
-321.78307337	0.00028177
-321.74974012	-0.00040567
-321.71640687	-0.00125539
-321.68307362	-0.00204946
-321.64974037	-0.00253716
-321.61640712	-0.00307893
-321.58307387	-0.00339590
-321.54974062	-0.00377328
-321.51640737	-0.00389557
-321.48307412	-0.00399832
-321.44974087	-0.00406236
-321.41640762	-0.00384953
-321.38307437	-0.00372846
-321.34974112	-0.00336293
-321.31640787	-0.00302160
-321.28307462	-0.00285502
-321.24974137	-0.00243025
-321.21640812	-0.00222267
-321.18307487	-0.00183339
-321.14974162	-0.00154742
-321.11640837	-0.00137491
-321.08307512	-0.00127234
-321.04974187	-0.00111036
-321.01640862	-0.00112449
-320.98307537	-0.00125205
-320.94974212	-0.00119052
-320.91640887	-0.00133296
-320.88307562	-0.00137410
-320.84974237	-0.00163559
-320.81640912	-0.00163404
-320.78307587	-0.00157894
-320.74974262	-0.00169181
-320.71640937	-0.00153873
-320.68307612	-0.00151131
-320.64974287	-0.00141988
-320.61640962	-0.00100530
-320.58307637	-0.00086619
-320.54974313	-0.00057920
-320.51640988	-0.00042473
-320.48307663	-0.00001484
-320.44974338	0.00002332
-320.41641013	0.00012422
-320.38307688	0.00026819
-320.34974363	0.00022596
-320.31641038	0.00018708
-320.28307713	0.00001246
-320.24974388	-0.00042171
-320.21641063	-0.00062833
-320.18307738	-0.00114388
-320.14974413	-0.00166374
-320.11641088	-0.00225335
-320.08307763	-0.00295739
-320.04974438	-0.00357243
-320.01641113	-0.00416399
-319.98307788	-0.00490976
-319.94974463	-0.00533279
-319.91641138	-0.00586111
-319.88307813	-0.00612707
-319.84974488	-0.00614238
-319.81641163	-0.00614148
-319.78307838	-0.00584879
-319.74974513	-0.00525421
-319.71641188	-0.00459738
-319.68307863	-0.00370065
-319.64974538	-0.00255337
-319.61641213	-0.00128571
-319.58307888	0.00005358
-319.54974563	0.00156556
-319.51641238	0.00292740
-319.48307913	0.00430427
-319.44974588	0.00561652
-319.41641263	0.00672921
-319.38307938	0.00761433
-319.34974613	0.00841632
-319.31641289	0.00891779
-319.28307964	0.00913826
-319.24974639	0.00913299
-319.21641314	0.00889922
-319.18307989	0.00834420
-319.14974664	0.00778880
-319.11641339	0.00699304
-319.08308014	0.00599586
-319.04974689	0.00514833
-319.01641364	0.00419423
-318.98308039	0.00350548
-318.94974714	0.00257052
-318.91641389	0.00199313
-318.88308064	0.00137571
-318.84974739	0.00084916
-318.81641414	0.00054822
-318.78308089	0.00027834
-318.74974764	0.00026193
-318.71641439	0.00008637
-318.68308114	0.00000116
-318.64974789	-0.00000526
-318.61641464	0.00005326
-318.58308139	0.00001912
-318.54974814	0.00000585
-318.51641489	-0.00012060
-318.48308164	-0.00032285
-318.44974839	-0.00033505
-318.41641514	-0.00046165
-318.38308189	-0.00066939
-318.34974864	-0.00085259
-318.31641539	-0.00104644
-318.28308214	-0.00135100
-318.24974889	-0.00172532
-318.21641564	-0.00193128
-318.18308239	-0.00228074
-318.14974914	-0.00258732
-318.11641589	-0.00293982
-318.08308265	-0.00309717
-318.04974940	-0.00330956
-318.01641615	-0.00344371
-317.98308290	-0.00351933
-317.94974965	-0.00369924
-317.91641640	-0.00368801
-317.88308315	-0.00375091
-317.84974990	-0.00380525
-317.81641665	-0.00370100
-317.78308340	-0.00383097
-317.74975015	-0.00387658
-317.71641690	-0.00395291
-317.68308365	-0.00404318
-317.64975040	-0.00438413
-317.61641715	-0.00454164
-317.58308390	-0.00496721
-317.54975065	-0.00535072
-317.51641740	-0.00583785
-317.48308415	-0.00633705
-317.44975090	-0.00694777
-317.41641765	-0.00756160
-317.38308440	-0.00792522
-317.34975115	-0.00837155
-317.31641790	-0.00877558
-317.28308465	-0.00903209
-317.24975140	-0.00913796
-317.21641815	-0.00897733
-317.18308490	-0.00861225
-317.14975165	-0.00825699
-317.11641840	-0.00745155
-317.08308515	-0.00635778
-317.04975190	-0.00531622
-317.01641865	-0.00381402
-316.98308540	-0.00229788
-316.94975215	-0.00079879
-316.91641890	0.00098002
-316.88308565	0.00283050
-316.84975240	0.00457303
-316.81641916	0.00619194
-316.78308591	0.00756991
-316.74975266	0.00921268
-316.71641941	0.01021871
-316.68308616	0.01132110
-316.64975291	0.01211664
-316.61641966	0.01251390
-316.58308641	0.01284135
-316.54975316	0.01259935
-316.51641991	0.01243065
-316.48308666	0.01193938
-316.44975341	0.01105769
-316.41642016	0.01015731
-316.38308691	0.00916040
-316.34975366	0.00789720
-316.31642041	0.00654348
-316.28308716	0.00523323
-316.24975391	0.00387514
-316.21642066	0.00248115
-316.18308741	0.00119233
-316.14975416	-0.00003283
-316.11642091	-0.00115811
-316.08308766	-0.00231130
-316.04975441	-0.00335221
-316.01642116	-0.00424403
-315.98308791	-0.00503072
-315.94975466	-0.00563623
-315.91642141	-0.00636271
-315.88308816	-0.00705271
-315.84975491	-0.00750825
-315.81642166	-0.00793095
-315.78308841	-0.00811219
-315.74975516	-0.00833083
-315.71642191	-0.00853863
-315.68308866	-0.00839761
-315.64975541	-0.00833320
-315.61642216	-0.00810454
-315.58308892	-0.00775442
-315.54975567	-0.00728900
-315.51642242	-0.00665618
-315.48308917	-0.00588445
-315.44975592	-0.00504488
-315.41642267	-0.00416297
-315.38308942	-0.00317525
-315.34975617	-0.00196932
-315.31642292	-0.00097326
-315.28308967	-0.00008654
-315.24975642	0.00079997
-315.21642317	0.00163932
-315.18308992	0.00229648
-315.14975667	0.00280516
-315.11642342	0.00312545
-315.08309017	0.00313595
-315.04975692	0.00309542
-315.01642367	0.00282530
-314.98309042	0.00242342
-314.94975717	0.00189258
-314.91642392	0.00123343
-314.88309067	0.00056505
-314.84975742	-0.00020816
-314.81642417	-0.00087078
-314.78309092	-0.00149375
-314.74975767	-0.00209197
-314.71642442	-0.00253127
-314.68309117	-0.00299868
-314.64975792	-0.00322704
-314.61642467	-0.00336248
-314.58309142	-0.00338969
-314.54975817	-0.00330098
-314.51642492	-0.00311005
-314.48309167	-0.00284627
-314.44975842	-0.00252981
-314.41642517	-0.00219909
-314.38309192	-0.00184730
-314.34975867	-0.00150667
-314.31642543	-0.00117605
-314.28309218	-0.00088806
-314.24975893	-0.00068062
-314.21642568	-0.00041747
-314.18309243	-0.00023873
-314.14975918	-0.00016435
-314.11642593	-0.00010697
-314.08309268	-0.00007266
-314.04975943	-0.00009324
-314.01642618	-0.00016323
-313.98309293	-0.00019654
-313.94975968	-0.00028105
-313.91642643	-0.00037161
-313.88309318	-0.00044887
-313.84975993	-0.00052281
-313.81642668	-0.00056480
-313.78309343	-0.00062904
-313.74976018	-0.00064468
-313.71642693	-0.00063986
-313.68309368	-0.00062203
-313.64976043	-0.00059945
-313.61642718	-0.00055354
-313.58309393	-0.00049393
-313.54976068	-0.00044844
-313.51642743	-0.00036937
-313.48309418	-0.00031935
-313.44976093	-0.00025859
-313.41642768	-0.00019107
-313.38309443	-0.00014773
-313.34976118	-0.00009186
-313.31642793	-0.00007519
-313.28309468	-0.00005004
-313.24976143	-0.00003777
-313.21642818	-0.00003260
-313.18309493	-0.00003614
-313.14976168	-0.00004332
-313.11642843	-0.00004746
-313.08309519	-0.00005296
-313.04976194	-0.00006365
-313.01642869	-0.00006342
-312.98309544	-0.00006635
-312.94976219	-0.00006547
-312.91642894	-0.00006237
-312.88309569	-0.00005729
-312.84976244	-0.00005055
-312.81642919	-0.00004125
-312.78309594	-0.00003340
-312.74976269	-0.00002392
-312.71642944	-0.00001640
-312.68309619	-0.00001097
-312.64976294	-0.00000604
-312.61642969	-0.00000282
-312.58309644	-0.00000100
-312.54976319	-0.00000017
-312.51642994	0.00000000
