# Menlo Systems GmbH ScanControl
# Program Version 1.7.0+git.a90605a3
# Start: -402.50000000 ps, Average over 1000 waveforms. Timestamp: 2024-05-06T11:14:40
# Window type: Tukey, parameters: alpha = 0.1
# User time axis shift: 0 ps
# Time axis offset: 0 ps
# Frequency [THz]	THz Signal [a.u.]
0.00000000	-23.98656296
0.00732603	-32.21993162
0.01465205	-29.42653191
0.02197808	-28.94959551
0.02930410	-33.01267573
0.03663013	-32.46323685
0.04395615	-34.74272308
0.05128218	-31.89628335
0.05860821	-33.95954823
0.06593423	-35.17113316
0.07326026	-38.95713567
0.08058628	-36.72781822
0.08791231	-35.50476547
0.09523833	-43.75916932
0.10256436	-41.08728314
0.10989039	-47.73360184
0.11721641	-38.80475575
0.12454244	-32.17492880
0.13186846	-38.26734044
0.13919449	-34.87932459
0.14652051	-38.61534538
0.15384654	-38.10556318
0.16117257	-40.36818003
0.16849859	-34.39254432
0.17582462	-28.92763655
0.18315064	-26.92368227
0.19047667	-27.42239823
0.19780269	-27.66373794
0.20512872	-29.72912272
0.21245475	-29.76950086
0.21978077	-27.13890721
0.22710680	-22.41405840
0.23443282	-18.69077510
0.24175885	-19.19095744
0.24908487	-20.88608954
0.25641090	-23.02025077
0.26373693	-23.69292691
0.27106295	-24.94371177
0.27838898	-22.24678428
0.28571500	-19.99535302
0.29304103	-15.96239397
0.30036705	-14.28358929
0.30769308	-16.96375436
0.31501911	-19.12707993
0.32234513	-19.98279912
0.32967116	-17.40855864
0.33699718	-17.31480310
0.34432321	-15.71458482
0.35164923	-8.75460336
0.35897526	-8.44779516
0.36630128	-13.65004146
0.37362731	-14.03741601
0.38095334	-14.52837905
0.38827936	-15.39198984
0.39560539	-13.65999328
0.40293141	-10.50911896
0.41025744	-7.86735273
0.41758346	-6.92005815
0.42490949	-8.12154850
0.43223552	-11.17454319
0.43956154	-12.95089848
0.44688757	-10.75217018
0.45421359	-9.29332225
0.46153962	-8.66305250
0.46886564	-4.30247657
0.47619167	-2.31780641
0.48351770	-6.17257083
0.49084372	-8.25588725
0.49816975	-9.07848310
0.50549577	-10.49924313
0.51282180	-8.96896438
0.52014782	-6.11117853
0.52747385	-4.30817530
0.53479988	-3.11669711
0.54212590	-4.21664795
0.54945193	-7.14062523
0.55677795	-10.23836134
0.56410398	-8.66358565
0.57143000	-6.88255009
0.57875603	-5.38183624
0.58608206	-2.02295283
0.59340808	-0.21898703
0.60073411	-3.67555099
0.60806013	-6.05912346
0.61538616	-6.42040605
0.62271218	-8.24874907
0.63003821	-7.59614876
0.63736424	-4.63199422
0.64469026	-2.68633286
0.65201629	-1.93973272
0.65934231	-3.38425680
0.66666834	-5.84657423
0.67399436	-7.95405430
0.68132039	-7.50573292
0.68864642	-6.43293283
0.69597244	-5.46122629
0.70329847	-1.57603715
0.71062449	0.00000000
0.71795052	-4.06219818
0.72527654	-6.37626507
0.73260257	-7.14101717
0.73992860	-7.96844043
0.74725462	-7.98599801
0.75458065	-6.05217066
0.76190667	-2.74429997
0.76923270	-3.22657864
0.77655872	-4.88002373
0.78388475	-7.20082052
0.79121078	-9.25414660
0.79853680	-8.28606727
0.80586283	-7.01143572
0.81318885	-6.01272405
0.82051488	-3.21597142
0.82784090	-2.27985512
0.83516693	-5.12614532
0.84249296	-7.82105948
0.84981898	-8.50924290
0.85714501	-8.90313583
0.86447103	-8.78836801
0.87179706	-5.98786294
0.87912308	-3.96860869
0.88644911	-5.26527019
0.89377514	-6.91254325
0.90110116	-8.82445417
0.90842719	-10.71895963
0.91575321	-10.14751435
0.92307924	-8.28732132
0.93040526	-6.63982026
0.93773129	-4.86161236
0.94505732	-5.30686908
0.95238334	-7.94509209
0.95970937	-10.31694714
0.96703539	-10.70638078
0.97436142	-10.86412906
0.98168744	-11.25508694
0.98901347	-8.52345610
0.99633950	-7.27448123
1.00366552	-9.24223211
1.01099155	-11.16989690
1.01831757	-12.73244690
1.02564360	-12.96988277
1.03296962	-13.23806441
1.04029565	-11.04294798
1.04762168	-9.12503116
1.05494770	-8.42375501
1.06227373	-9.14116037
1.06959975	-12.32265288
1.07692578	-14.04661266
1.08425180	-14.00167432
1.09157783	-14.06294571
1.09890385	-15.91818455
1.10622988	-11.69970332
1.11355591	-11.55814791
1.12088193	-13.69606906
1.12820796	-15.35342935
1.13553398	-15.82952156
1.14286001	-16.37652281
1.15018603	-15.70045745
1.15751206	-14.31900947
1.16483809	-15.24652626
1.17216411	-13.45742382
1.17949014	-14.68659958
1.18681616	-15.75015025
1.19414219	-17.59049272
1.20146821	-17.37354654
1.20879424	-17.16533675
1.21612027	-15.23786232
1.22344629	-14.77688745
1.23077232	-16.85852822
1.23809834	-18.74047873
1.24542437	-20.06107210
1.25275039	-19.96180092
1.26007642	-20.18283720
1.26740245	-18.69840598
1.27472847	-16.56736135
1.28205450	-16.75368852
1.28938052	-18.83326135
1.29670655	-20.53693223
1.30403257	-21.15399546
1.31135860	-21.47447118
1.31868463	-20.80031875
1.32601065	-19.25104016
1.33333668	-19.80586320
1.34066270	-20.51492688
1.34798873	-22.74081410
1.35531475	-24.92784218
1.36264078	-25.45537367
1.36996681	-24.84042296
1.37729283	-23.03078090
1.38461886	-22.70702476
1.39194488	-22.07665306
1.39927091	-23.63198827
1.40659693	-26.28388838
1.41392296	-28.62366711
1.42124899	-26.77252210
1.42857501	-25.98300198
1.43590104	-24.28737921
1.44322706	-24.10671809
1.45055309	-25.84004187
1.45787911	-28.17861761
1.46520514	-29.55209197
1.47253117	-30.50116635
1.47985719	-30.92802599
1.48718322	-28.86984249
1.49450924	-28.30263618
1.50183527	-28.53740032
1.50916129	-29.43146398
1.51648732	-31.30923815
1.52381335	-32.46445557
1.53113937	-31.97837036
1.53846540	-30.59468528
1.54579142	-30.38282231
1.55311745	-30.95458608
1.56044347	-32.33786017
1.56776950	-33.99787675
1.57509553	-36.08925386
1.58242155	-36.78744359
1.58974758	-36.51588512
1.59707360	-36.04586055
1.60439963	-36.68442663
1.61172565	-36.98312645
1.61905168	-37.90721712
1.62637771	-37.87162669
1.63370373	-37.69796002
1.64102976	-37.41980520
1.64835578	-37.13067634
1.65568181	-36.62250733
1.66300783	-40.65568606
1.67033386	-45.16953845
1.67765989	-44.94917864
1.68498591	-42.23865021
1.69231194	-41.08713601
1.69963796	-40.12777228
1.70696399	-40.24930301
1.71429001	-43.23469145
1.72161604	-49.07174412
1.72894207	-44.39193836
1.73626809	-44.12773102
1.74359412	-43.32425076
1.75092014	-41.78297235
1.75824617	-41.10674023
1.76557219	-41.90582265
1.77289822	-42.59615367
1.78022425	-43.79580339
1.78755027	-44.12260237
1.79487630	-44.64742086
1.80220232	-44.71092748
1.80952835	-44.51923903
1.81685437	-44.54397703
1.82418040	-45.32587541
1.83150642	-46.21975908
1.83883245	-46.71411149
1.84615848	-46.58573382
1.85348450	-46.24895714
1.86081053	-45.47129687
1.86813655	-47.53629044
1.87546258	-46.82692267
1.88278860	-46.72397497
1.89011463	-46.96510246
1.89744066	-47.52048258
1.90476668	-48.21496586
1.91209271	-49.33796978
1.91941873	-51.04716713
1.92674476	-50.95465600
1.93407078	-50.87587176
1.94139681	-50.85639111
1.94872284	-50.71410659
1.95604886	-51.10129134
1.96337489	-52.13610463
1.97070091	-52.23831528
1.97802694	-52.22367315
1.98535296	-52.20411151
1.99267899	-51.92916777
2.00000502	-53.03578064
2.00733104	-54.19897718
2.01465707	-55.37423092
2.02198309	-57.08909594
2.02930912	-58.41866287
2.03663514	-59.59611274
2.04396117	-59.97460643
2.05128720	-59.15605735
2.05861322	-61.12739345
2.06593925	-61.23997252
2.07326527	-62.45288380
2.08059130	-63.50416580
2.08791732	-64.60191971
2.09524335	-65.15135986
2.10256938	-66.20947732
2.10989540	-67.04813621
2.11722143	-69.13780137
2.12454745	-69.91743066
2.13187348	-76.51360267
2.13919950	-76.56456660
2.14652553	-76.79251234
2.15385156	-68.44098686
2.16117758	-65.73757847
2.16850361	-67.82391548
2.17582963	-71.53607703
2.18315566	-73.14520456
2.19048168	-72.66751172
2.19780771	-68.10364918
2.20513374	-71.82458814
2.21245976	-67.41380246
2.21978579	-66.02932159
2.22711181	-66.28712225
2.23443784	-71.67055154
2.24176386	-67.02623887
2.24908989	-69.50508403
2.25641592	-67.47640531
2.26374194	-65.94067886
2.27106797	-67.05678386
2.27839399	-66.61548551
2.28572002	-68.35154268
2.29304604	-65.40670004
2.30037207	-67.75426864
2.30769810	-66.32248116
2.31502412	-67.20001453
2.32235015	-66.03823424
2.32967617	-66.33706575
2.33700220	-64.90664516
2.34432822	-63.79833907
2.35165425	-65.18185198
2.35898028	-65.81584840
2.36630630	-68.13714709
2.37363233	-67.31839276
2.38095835	-68.75011005
2.38828438	-66.07086394
2.39561040	-65.92130986
2.40293643	-67.42916296
2.41026246	-68.02586517
2.41758848	-69.56264119
2.42491451	-68.97746876
2.43224053	-69.80010923
2.43956656	-68.89147980
2.44689258	-70.08590527
2.45421861	-67.86776893
2.46154464	-67.53853050
2.46887066	-68.76388470
2.47619669	-66.99685275
2.48352271	-72.94049673
2.49084874	-69.50039516
2.49817476	-69.67256901
2.50550079	-68.75919333
2.51282682	-67.32196825
2.52015284	-69.28431937
2.52747887	-69.54812749
2.53480489	-70.34754642
2.54213092	-69.63177602
2.54945694	-70.18607595
2.55678297	-67.97655372
2.56410899	-68.07799150
2.57143502	-69.82963290
2.57876105	-71.32034114
2.58608707	-73.12715048
2.59341310	-70.20872570
2.60073912	-69.08073750
2.60806515	-68.49217684
2.61539117	-71.07990154
2.62271720	-68.98156522
2.63004323	-69.24680885
2.63736925	-70.23484870
2.64469528	-68.41996918
2.65202130	-69.68974172
2.65934733	-67.89096773
2.66667335	-71.87804077
2.67399938	-69.12032105
2.68132541	-69.55626875
2.68865143	-67.94013940
2.69597746	-68.63989635
2.70330348	-66.90822820
2.71062951	-69.52602483
2.71795553	-69.84965755
2.72528156	-71.50501514
2.73260759	-71.14769590
2.73993361	-69.79030600
2.74725964	-70.59215394
2.75458566	-71.76944878
2.76191169	-71.40330380
2.76923771	-72.52851914
2.77656374	-71.66174992
2.78388977	-71.63366833
2.79121579	-72.47142707
2.79854182	-72.26622857
2.80586784	-71.40108997
2.81319387	-70.96271634
2.82051989	-71.99624587
2.82784592	-72.69168498
2.83517195	-70.53562712
2.84249797	-75.08253693
2.84982400	-72.85705256
2.85715002	-74.23312164
2.86447605	-73.98354779
2.87180207	-75.28345422
2.87912810	-73.39784002
2.88645413	-73.77180515
2.89378015	-77.57674425
2.90110618	-76.62775316
2.90843220	-73.85800431
2.91575823	-75.18215654
2.92308425	-75.44979833
2.93041028	-76.16553661
2.93773631	-76.50744754
2.94506233	-73.51307702
2.95238836	-78.88795914
2.95971438	-73.54705919
2.96704041	-74.72819624
2.97436643	-77.46714266
2.98169246	-75.28757209
2.98901849	-73.49658658
2.99634451	-72.89609600
3.00367054	-73.68191854
3.01099656	-73.21028198
3.01832259	-77.79151315
3.02564861	-75.31959196
3.03297464	-77.55105082
3.04030067	-72.38093354
3.04762669	-80.55806678
3.05495272	-77.16226930
3.06227874	-76.44558498
3.06960477	-74.55920689
3.07693079	-79.75777453
3.08425682	-77.68375082
3.09158285	-77.50244238
3.09890887	-84.93194001
3.10623490	-78.30541711
3.11356092	-76.48729520
3.12088695	-73.90928286
3.12821297	-83.67769156
3.13553900	-85.05766563
3.14286503	-75.67051795
3.15019105	-83.75765839
3.15751708	-76.61271347
3.16484310	-79.89991973
3.17216913	-77.74784703
3.17949515	-82.68555114
3.18682118	-76.98328717
3.19414721	-78.60848102
3.20147323	-74.15281016
3.20879926	-87.33713612
3.21612528	-80.57498051
3.22345131	-81.74306314
3.23077733	-80.33829279
3.23810336	-84.96127894
3.24542939	-78.90807762
3.25275541	-86.51687685
3.26008144	-79.51556104
3.26740746	-90.73725033
3.27473349	-79.96287015
3.28205951	-79.84469627
3.28938554	-79.37283479
3.29671156	-87.34979613
3.30403759	-77.35766451
3.31136362	-80.21659919
3.31868964	-80.35597474
3.32601567	-75.76469935
3.33334169	-100.59486708
3.34066772	-78.45222422
3.34799374	-81.66239535
3.35531977	-87.70560856
3.36264580	-80.11788501
3.36997182	-85.09147629
3.37729785	-80.88003750
3.38462387	-78.21775024
3.39194990	-74.93719672
3.39927592	-86.35725777
3.40660195	-87.53772056
3.41392798	-76.96204778
3.42125400	-82.83994473
3.42858003	-77.66188325
3.43590605	-77.80946655
3.44323208	-84.88500807
3.45055810	-80.25958848
3.45788413	-81.63796243
3.46521016	-81.05319260
3.47253618	-86.14089849
3.47986221	-79.64973608
3.48718823	-82.35978014
3.49451426	-87.18681206
3.50184028	-78.77085941
3.50916631	-84.37959753
3.51649234	-83.18277891
3.52381836	-81.25261364
3.53114439	-85.99886245
3.53847041	-77.00744688
3.54579644	-80.26407564
3.55312246	-94.85806609
3.56044849	-97.00642374
3.56777452	-86.01395166
3.57510054	-85.63462977
3.58242657	-83.28601006
3.58975259	-77.65803451
3.59707862	-78.11508795
3.60440464	-79.36507859
3.61173067	-81.66501031
3.61905670	-90.35002677
3.62638272	-84.78317485
3.63370875	-80.02395862
3.64103477	-80.18037980
3.64836080	-81.38435783
3.65568682	-79.15460467
3.66301285	-77.36124486
3.67033888	-82.57418731
3.67766490	-103.74753907
3.68499093	-89.23612771
3.69231695	-82.04745854
3.69964298	-88.72916302
3.70696900	-87.13213916
3.71429503	-85.51593687
3.72162106	-97.68826131
3.72894708	-86.34990456
3.73627311	-81.23290657
3.74359913	-77.89340353
3.75092516	-79.73161072
3.75825118	-83.54829064
3.76557721	-83.29985751
3.77290324	-95.01130984
3.78022926	-79.37037145
3.78755529	-80.32057527
3.79488131	-101.20924064
3.80220734	-84.46720398
3.80953336	-84.83526682
3.81685939	-94.74199783
3.82418542	-85.76857898
3.83151144	-81.40127280
3.83883747	-86.46217949
3.84616349	-85.41345914
3.85348952	-80.55353809
3.86081554	-83.88127965
3.86814157	-83.50974737
3.87546760	-80.58082842
3.88279362	-85.27954123
3.89011965	-95.44397671
3.89744567	-90.68624376
3.90477170	-84.12163831
3.91209772	-83.64944384
3.91942375	-79.53511808
3.92674978	-80.60940329
3.93407580	-91.57176656
3.94140183	-83.76417478
3.94872785	-87.06196699
3.95605388	-85.10169192
3.96337990	-94.70862808
3.97070593	-83.53563209
3.97803195	-82.67686739
3.98535798	-84.15259890
3.99268401	-94.18142023
4.00001003	-86.73461883
4.00733606	-89.02598268
4.01466208	-88.59916100
4.02198811	-84.63174300
4.02931413	-79.11206283
4.03664016	-81.39697537
4.04396619	-91.36360599
4.05129221	-90.93705311
4.05861824	-82.56780133
4.06594426	-81.45052203
4.07327029	-84.36656819
4.08059631	-104.05072018
4.08792234	-83.58867472
4.09524837	-82.06639126
4.10257439	-92.99425247
4.10990042	-87.23767836
4.11722644	-89.30480811
4.12455247	-84.82077175
4.13187849	-93.04572007
4.13920452	-77.99913575
4.14653055	-79.74009178
4.15385657	-85.12711822
4.16118260	-80.32942048
4.16850862	-77.93525613
4.17583465	-82.33336704
4.18316067	-87.12171951
4.19048670	-88.94998990
4.19781273	-83.23840550
4.20513875	-82.87689884
4.21246478	-89.17378535
4.21979080	-86.47938810
4.22711683	-83.53565722
4.23444285	-93.32254240
4.24176888	-83.40547743
4.24909491	-85.71600370
4.25642093	-87.30982770
4.26374696	-85.12790037
4.27107298	-97.68535791
4.27839901	-87.43991207
4.28572503	-76.49476768
4.29305106	-77.78927625
4.30037709	-83.67935989
4.30770311	-78.01298070
4.31502914	-82.57447368
4.32235516	-86.49528176
4.32968119	-88.33618214
4.33700721	-89.64075943
4.34433324	-78.33636542
4.35165927	-78.53721216
4.35898529	-84.99851424
4.36631132	-77.85556673
4.37363734	-87.90659002
4.38096337	-84.39245702
4.38828939	-103.40660724
4.39561542	-85.21092900
4.40294145	-86.15421642
4.41026747	-86.05998962
4.41759350	-80.87206165
4.42491952	-76.93162757
4.43224555	-79.20947535
4.43957157	-79.36566194
4.44689760	-91.51136790
4.45422363	-81.57815556
4.46154965	-89.58966868
4.46887568	-87.13389717
4.47620170	-87.01920769
4.48352773	-86.74470873
4.49085375	-86.24476783
4.49817978	-86.20225425
4.50550581	-81.68159856
4.51283183	-83.93408196
4.52015786	-77.35436311
4.52748388	-80.83951484
4.53480991	-83.43867314
4.54213593	-89.62413588
4.54946196	-79.08879600
4.55678799	-82.44517091
4.56411401	-91.45749527
4.57144004	-95.01085392
4.57876606	-91.81363639
4.58609209	-96.15252087
4.59341811	-82.04682132
4.60074414	-77.89365805
4.60807017	-83.12762163
4.61539619	-99.38365509
4.62272222	-84.03708748
4.63004824	-77.17915143
4.63737427	-79.80512645
4.64470029	-87.03729322
4.65202632	-82.04917500
4.65935235	-86.66044420
4.66667837	-86.90944124
4.67400440	-84.96851785
4.68133042	-80.17949948
4.68865645	-83.22804639
4.69598247	-79.21562621
4.70330850	-75.53844200
4.71063452	-76.90910524
4.71796055	-87.43451146
4.72528658	-88.82879143
4.73261260	-82.62247187
4.73993863	-83.34051223
4.74726465	-92.97146063
4.75459068	-81.16519692
4.76191670	-96.18303941
4.76924273	-78.21455127
4.77656876	-78.83515388
4.78389478	-81.09985416
4.79122081	-81.05042005
4.79854683	-99.88467630
4.80587286	-85.12935285
4.81319888	-91.60963994
4.82052491	-84.97524684
4.82785094	-85.55636505
4.83517696	-92.48451969
4.84250299	-83.65988568
4.84982901	-84.66116578
4.85715504	-84.73004790
4.86448106	-85.78835266
4.87180709	-79.10087937
4.87913312	-86.33653710
4.88645914	-81.72222567
4.89378517	-85.31415718
4.90111119	-83.83872965
4.90843722	-84.26200739
4.91576324	-93.04219025
4.92308927	-84.08798458
4.93041530	-82.12085603
4.93774132	-97.25791776
4.94506735	-79.96155783
4.95239337	-85.07879023
4.95971940	-86.68229927
4.96704542	-91.28972356
4.97437145	-88.24215184
4.98169748	-82.29090258
4.98902350	-95.99419006
4.99634953	-75.00744439
5.00367555	-80.45843831
5.01100158	-76.90833928
5.01832760	-80.78903968
5.02565363	-79.36019387
5.03297966	-81.08787310
5.04030568	-82.85543142
5.04763171	-86.68857654
5.05495773	-82.30466094
5.06228376	-84.26395593
5.06960978	-83.07409596
5.07693581	-80.37417485
5.08426184	-78.81526199
5.09158786	-83.67432923
5.09891389	-78.07523145
5.10623991	-92.01152230
5.11356594	-100.17754965
5.12089196	-78.93935421
5.12821799	-82.20862313
5.13554402	-85.10421608
5.14287004	-85.33002164
5.15019607	-88.52864589
5.15752209	-84.72945963
5.16484812	-85.15387578
5.17217414	-91.49064819
5.17950017	-86.31961481
5.18682620	-83.99567857
5.19415222	-83.61933613
5.20147825	-86.37709557
5.20880427	-84.50347670
5.21613030	-84.34901627
5.22345632	-94.43635490
5.23078235	-89.23328512
5.23810838	-92.96666942
5.24543440	-88.32347197
5.25276043	-88.12404927
5.26008645	-85.96027429
5.26741248	-84.08836286
5.27473850	-79.22132095
5.28206453	-86.34595665
5.28939056	-83.48820288
5.29671658	-86.38108086
5.30404261	-94.14620364
5.31136863	-82.26413162
5.31869466	-87.62100804
5.32602068	-98.44848478
5.33334671	-85.81725069
5.34067274	-82.41782707
5.34799876	-101.28645873
5.35532479	-86.82750795
5.36265081	-89.47851152
5.36997684	-81.54556831
5.37730286	-86.36808689
5.38462889	-111.80545816
5.39195492	-88.15843897
5.39928094	-80.99690468
5.40660697	-83.98680034
5.41393299	-82.77040302
5.42125902	-80.41475692
5.42858504	-79.21187874
5.43591107	-79.54762394
5.44323709	-83.29951255
5.45056312	-89.20538646
5.45788915	-104.68151561
5.46521517	-101.98564670
5.47254120	-104.12837039
5.47986722	-90.17481307
5.48719325	-90.14599090
5.49451927	-96.39270894
5.50184530	-88.19843054
5.50917133	-81.23269271
5.51649735	-79.75769121
5.52382338	-82.58548363
5.53114940	-86.78121878
5.53847543	-88.92862926
5.54580145	-89.61918309
5.55312748	-83.84345682
5.56045351	-79.03337854
5.56777953	-83.98378172
5.57510556	-80.94660225
5.58243158	-76.44829869
5.58975761	-80.57968915
5.59708363	-83.86858370
5.60440966	-81.69063564
5.61173569	-79.97969543
5.61906171	-83.04815439
5.62638774	-90.14828959
5.63371376	-83.88299294
5.64103979	-82.40599863
5.64836581	-82.10763262
5.65569184	-81.34499002
5.66301787	-79.36942783
5.67034389	-89.02906539
5.67766992	-80.91545426
5.68499594	-78.57568794
5.69232197	-79.14635149
5.69964799	-83.11605040
5.70697402	-82.71182314
5.71430005	-88.79975328
5.72162607	-85.32483315
5.72895210	-82.96250493
5.73627812	-80.91568418
5.74360415	-74.86887941
5.75093017	-80.11698462
5.75825620	-90.84537978
5.76558223	-89.62366726
5.77290825	-89.19734449
5.78023428	-90.52668534
5.78756030	-90.11832629
5.79488633	-80.02955869
5.80221235	-84.23847600
5.80953838	-87.60788144
5.81686441	-85.84974036
5.82419043	-80.89032497
5.83151646	-82.13048422
5.83884248	-81.66086127
5.84616851	-87.07514380
5.85349453	-99.70777722
5.86082056	-82.41193803
5.86814659	-91.85574717
5.87547261	-78.60334237
5.88279864	-86.73685817
5.89012466	-91.79018962
5.89745069	-79.82728252
5.90477671	-81.19379464
5.91210274	-82.12484438
5.91942877	-81.25983352
5.92675479	-96.82804162
5.93408082	-82.70551929
5.94140684	-81.17933307
5.94873287	-80.37569222
5.95605889	-81.68186492
5.96338492	-85.09868899
5.97071095	-86.92405669
5.97803697	-81.81258330
5.98536300	-86.28344938
5.99268902	-79.13654172
6.00001505	-82.76750221
6.00734107	-79.01881746
6.01466710	-97.90207225
6.02199313	-86.05977171
6.02931915	-92.04240744
6.03664518	-98.51270347
6.04397120	-96.28962102
6.05129723	-89.07559129
6.05862325	-86.13466150
6.06594928	-83.28165748
6.07327531	-95.65573587
6.08060133	-80.81979026
6.08792736	-78.58183557
6.09525338	-90.85544500
6.10257941	-80.57900546
6.10990543	-82.67775679
6.11723146	-82.32871597
6.12455749	-92.89936654
6.13188351	-82.42016957
6.13920954	-86.76751782
6.14653556	-86.25667262
6.15386159	-88.43694143
6.16118761	-88.73145051
6.16851364	-87.19996310
6.17583966	-83.91974943
6.18316569	-85.83699833
6.19049172	-85.81073673
6.19781774	-88.34396722
6.20514377	-82.19982326
6.21246979	-90.87811653
6.21979582	-85.58340927
6.22712184	-85.19379885
6.23444787	-79.89677420
6.24177390	-80.81127488
6.24909992	-81.57433500
6.25642595	-80.30517299
6.26375197	-80.08469393
6.27107800	-85.75923624
6.27840402	-101.65737211
6.28573005	-95.08314747
6.29305608	-87.37469777
6.30038210	-86.06889661
6.30770813	-89.52787787
6.31503415	-87.72874556
6.32236018	-86.73595938
6.32968620	-88.39108243
6.33701223	-83.81312380
6.34433826	-86.55488429
6.35166428	-87.43660967
6.35899031	-85.32623726
6.36631633	-78.86495396
6.37364236	-89.14944322
6.38096838	-78.67579469
6.38829441	-89.82152613
6.39562044	-80.50044946
6.40294646	-89.28075118
6.41027249	-91.55504808
6.41759851	-86.36927895
6.42492454	-92.70349129
6.43225056	-81.88423271
6.43957659	-102.12542934
6.44690262	-80.39101671
6.45422864	-82.90919969
6.46155467	-95.26290159
6.46888069	-82.39051572
6.47620672	-82.64889055
6.48353274	-86.62287829
6.49085877	-93.90180393
6.49818480	-84.53306605
6.50551082	-78.39740524
6.51283685	-77.98251280
6.52016287	-83.31981326
6.52748890	-87.99168201
6.53481492	-83.51183007
6.54214095	-86.19319168
6.54946698	-82.84737194
6.55679300	-85.21931228
6.56411903	-98.40977033
6.57144505	-90.20256811
6.57877108	-93.31725580
6.58609710	-94.22735984
6.59342313	-84.82654713
6.60074916	-89.12898348
6.60807518	-86.51445583
6.61540121	-84.22516546
6.62272723	-85.99329020
6.63005326	-84.49394937
6.63737928	-84.89052940
6.64470531	-80.06165965
6.65203134	-76.58495604
6.65935736	-86.07046188
6.66668339	-83.97494763
6.67400941	-87.39828643
6.68133544	-79.53912129
6.68866146	-85.15342887
6.69598749	-86.90784690
6.70331352	-76.55198711
6.71063954	-74.54201877
6.71796557	-80.99732803
6.72529159	-92.81747057
6.73261762	-93.11570596
6.73994364	-88.80741820
6.74726967	-83.57906840
6.75459570	-83.03771235
6.76192172	-94.83305334
6.76924775	-87.63243614
6.77657377	-86.67467646
6.78389980	-87.05871306
6.79122582	-88.92736342
6.79855185	-86.51620649
6.80587788	-87.21060633
6.81320390	-78.15315782
6.82052993	-75.12789712
6.82785595	-83.27468411
6.83518198	-93.85379104
6.84250800	-86.24266945
6.84983403	-91.88718226
6.85716006	-87.87953920
6.86448608	-87.07834862
6.87181211	-88.13578187
6.87913813	-81.00218942
6.88646416	-91.00104788
6.89379018	-82.03360681
6.90111621	-87.03084486
6.90844223	-83.24321565
6.91576826	-77.57433172
6.92309429	-81.12362330
6.93042031	-80.06214195
6.93774634	-79.91661759
6.94507236	-85.43302387
6.95239839	-96.75307438
6.95972441	-86.88557330
6.96705044	-93.45480233
6.97437647	-83.06316595
6.98170249	-90.49243641
6.98902852	-91.34166332
6.99635454	-93.33163988
7.00368057	-84.76952936
7.01100659	-77.81211380
7.01833262	-83.43075818
7.02565865	-89.22161189
7.03298467	-89.24416584
7.04031070	-89.19371448
7.04763672	-82.29671783
7.05496275	-85.61087787
7.06228877	-90.89749532
7.06961480	-83.54109430
7.07694083	-85.05630278
7.08426685	-90.40145152
7.09159288	-90.16729349
7.09891890	-90.82422549
7.10624493	-83.52654887
7.11357095	-81.83016596
7.12089698	-84.79980602
7.12822301	-85.54722321
7.13554903	-85.04341230
7.14287506	-86.68863664
7.15020108	-94.89964738
7.15752711	-85.30928089
7.16485313	-81.29361186
7.17217916	-85.84582794
7.17950519	-90.46701286
7.18683121	-84.53218850
7.19415724	-85.41761809
7.20148326	-97.30318563
7.20880929	-83.47153109
7.21613531	-86.33479950
7.22346134	-86.55248547
7.23078737	-94.73726267
7.23811339	-84.72964103
7.24543942	-85.91290044
7.25276544	-86.17414003
7.26009147	-83.91187644
7.26741749	-81.67910535
7.27474352	-87.67270718
7.28206955	-83.79666388
7.28939557	-84.21515729
7.29672160	-85.65757819
7.30404762	-82.45169212
7.31137365	-81.05548877
7.31869967	-82.93842640
7.32602570	-83.47789054
7.33335173	-85.23970048
7.34067775	-94.39113910
7.34800378	-87.49377859
7.35532980	-94.56540806
7.36265583	-83.41981999
7.36998185	-83.40241321
7.37730788	-80.79831232
7.38463391	-82.00734181
7.39195993	-94.75656568
7.39928596	-89.20800913
7.40661198	-86.63721872
7.41393801	-84.43443348
7.42126403	-83.40730541
7.42859006	-86.19316521
7.43591609	-86.91037063
7.44324211	-85.31910705
7.45056814	-82.05117896
7.45789416	-89.26236120
7.46522019	-89.29898768
7.47254621	-79.64473603
7.47987224	-79.55436170
7.48719827	-80.13154035
7.49452429	-83.06552048
7.50185032	-95.95734897
7.50917634	-81.29272876
7.51650237	-83.65919361
7.52382839	-88.63373421
7.53115442	-103.91185607
7.53848045	-84.59442667
7.54580647	-83.05627426
7.55313250	-82.28725447
7.56045852	-83.40626663
7.56778455	-79.42285467
7.57511057	-81.81524501
7.58243660	-88.88667362
7.58976263	-89.95055882
7.59708865	-83.46862916
7.60441468	-78.17352399
7.61174070	-82.35117286
7.61906673	-98.68903918
7.62639275	-89.90093470
7.63371878	-78.96561909
7.64104480	-76.17440827
7.64837083	-80.20281247
7.65569686	-89.39162150
7.66302288	-86.54234059
7.67034891	-81.47393357
7.67767493	-83.46219259
7.68500096	-82.43795386
7.69232698	-89.01526527
7.69965301	-79.84266731
7.70697904	-77.64881282
7.71430506	-87.92205607
7.72163109	-88.14009190
7.72895711	-98.68135941
7.73628314	-98.78961917
7.74360916	-92.21154918
7.75093519	-81.82524063
7.75826122	-80.87823255
7.76558724	-86.82750598
7.77291327	-87.64193513
7.78023929	-86.10005326
7.78756532	-91.02785177
7.79489134	-91.05772589
7.80221737	-84.80998377
7.80954340	-91.47507729
7.81686942	-95.80554076
7.82419545	-84.37154508
7.83152147	-84.24340613
7.83884750	-94.96701712
7.84617352	-88.74650830
7.85349955	-81.40725226
7.86082558	-81.19938731
7.86815160	-86.52923474
7.87547763	-114.12946241
7.88280365	-87.56021958
7.89012968	-90.14307348
7.89745570	-86.48719148
7.90478173	-87.27152700
7.91210776	-86.69170471
7.91943378	-81.63238582
7.92675981	-80.73182445
7.93408583	-87.42521187
7.94141186	-86.45794193
7.94873788	-82.11970271
7.95606391	-103.59101288
7.96338994	-86.43281824
7.97071596	-96.64800978
7.97804199	-90.63562874
7.98536801	-81.86948581
7.99269404	-86.32215524
8.00002006	-95.33320315
8.00734609	-87.59166189
8.01467212	-97.51293568
8.02199814	-86.49373939
8.02932417	-99.51274100
8.03665019	-92.11687671
8.04397622	-92.27332007
8.05130224	-89.53361738
8.05862827	-114.40241705
8.06595430	-82.86586585
8.07328032	-83.16486204
8.08060635	-84.21525963
8.08793237	-86.29668665
8.09525840	-86.45733461
8.10258442	-85.10934349
8.10991045	-83.64516300
8.11723648	-82.10503784
8.12456250	-79.54878618
8.13188853	-80.93742774
8.13921455	-84.98118851
8.14654058	-98.78066494
8.15386660	-84.61591692
8.16119263	-83.86087945
8.16851866	-83.10445219
8.17584468	-81.91346127
8.18317071	-91.30962922
8.19049673	-81.10149866
8.19782276	-81.98492646
8.20514878	-88.15732374
8.21247481	-95.16549671
8.21980084	-91.34195885
8.22712686	-83.04249619
8.23445289	-82.51331259
8.24177891	-87.93031393
8.24910494	-83.13817472
8.25643096	-78.34904455
8.26375699	-95.06786387
8.27108302	-88.61609492
8.27840904	-83.03835651
8.28573507	-83.28668000
8.29306109	-88.86012608
8.30038712	-84.77390525
8.30771314	-89.22776514
8.31503917	-82.12644725
8.32236519	-80.97438854
8.32969122	-88.82335484
8.33701725	-87.52802023
8.34434327	-90.08660429
8.35166930	-84.93981644
8.35899532	-85.44796587
8.36632135	-83.58025842
8.37364737	-81.62798995
8.38097340	-83.56871937
8.38829943	-80.72315405
8.39562545	-80.92165486
8.40295148	-81.35778563
8.41027750	-96.69935774
8.41760353	-86.93202849
8.42492955	-89.10444139
8.43225558	-91.23259164
8.43958161	-77.70516422
8.44690763	-80.92887413
8.45423366	-82.71834955
8.46155968	-86.13676489
8.46888571	-80.26714348
8.47621173	-82.23242687
8.48353776	-84.09102278
8.49086379	-80.51275742
8.49818981	-88.27807207
8.50551584	-87.66547324
8.51284186	-84.81797415
8.52016789	-83.85727794
8.52749391	-85.14217495
8.53481994	-84.35400309
8.54214597	-81.53553843
8.54947199	-84.70333543
8.55679802	-77.86943696
8.56412404	-79.80850845
8.57145007	-85.62214160
8.57877609	-87.14848807
8.58610212	-83.02220438
8.59342815	-91.73380808
8.60075417	-78.64610672
8.60808020	-87.30494493
8.61540622	-83.76957599
8.62273225	-78.37970732
8.63005827	-84.13670324
8.63738430	-86.33616966
8.64471033	-93.03976841
8.65203635	-84.01399418
8.65936238	-95.37498849
8.66668840	-102.58198295
8.67401443	-82.11515031
8.68134045	-79.27623689
8.68866648	-82.93624215
8.69599251	-82.45433404
8.70331853	-86.62093461
8.71064456	-77.27886260
8.71797058	-83.77774296
8.72529661	-84.83633507
8.73262263	-95.15268346
8.73994866	-82.08179376
8.74727469	-88.33721238
8.75460071	-84.28104998
8.76192674	-80.10132455
8.76925276	-84.34208746
8.77657879	-85.16724505
8.78390481	-85.23833388
8.79123084	-89.10581200
8.79855687	-85.85852200
8.80588289	-78.92775234
8.81320892	-82.32717844
8.82053494	-82.06537296
8.82786097	-86.20727205
8.83518699	-80.91831117
8.84251302	-90.98499719
8.84983905	-84.74602438
8.85716507	-89.83044460
8.86449110	-92.50804327
8.87181712	-90.58814122
8.87914315	-80.95807759
8.88646917	-87.50074490
8.89379520	-89.72322078
8.90112123	-110.71822633
8.90844725	-84.17972945
8.91577328	-82.45912276
8.92309930	-86.18064256
8.93042533	-94.39991025
8.93775135	-83.51554640
8.94507738	-85.81897408
8.95240341	-106.49804102
8.95972943	-87.86306783
8.96705546	-87.51846071
8.97438148	-89.60111074
8.98170751	-108.36026723
8.98903353	-81.20551011
8.99635956	-79.39279253
9.00368559	-93.16965065
9.01101161	-85.73105067
9.01833764	-84.16327532
9.02566366	-86.05130516
9.03298969	-85.78587420
9.04031571	-87.04580258
9.04764174	-81.12649501
9.05496776	-90.37685920
9.06229379	-90.28485613
9.06961982	-101.64406515
9.07694584	-93.14466824
9.08427187	-80.35500839
9.09159789	-81.93526201
9.09892392	-81.38467397
9.10624994	-80.48878718
9.11357597	-95.19540577
9.12090200	-80.58308805
9.12822802	-81.62359343
9.13555405	-87.90859811
9.14288007	-79.18901951
9.15020610	-76.27257299
9.15753212	-84.78037388
9.16485815	-79.54231318
9.17218418	-88.07262469
9.17951020	-84.86191631
9.18683623	-90.55600138
9.19416225	-82.25099306
9.20148828	-82.14182197
9.20881430	-89.89164971
9.21614033	-83.64088611
9.22346636	-83.44240196
9.23079238	-83.56851031
9.23811841	-86.07427046
9.24544443	-87.97081084
9.25277046	-92.52305919
9.26009648	-95.48384989
9.26742251	-88.77932683
9.27474854	-94.42222736
9.28207456	-84.36523671
9.28940059	-82.80989335
9.29672661	-83.60239649
9.30405264	-82.27193395
9.31137866	-78.43816030
9.31870469	-86.16363302
9.32603072	-84.40603440
9.33335674	-89.97338793
9.34068277	-84.75571255
9.34800879	-81.36363577
9.35533482	-87.65852122
9.36266084	-91.99766889
9.36998687	-83.50669100
9.37731290	-80.28704531
9.38463892	-82.62672891
9.39196495	-85.91461497
9.39929097	-90.41811207
9.40661700	-82.55813421
9.41394302	-80.79999748
9.42126905	-84.60694926
9.42859508	-87.44079532
9.43592110	-86.46084754
9.44324713	-82.70128333
9.45057315	-80.15903560
9.45789918	-86.16370711
9.46522520	-87.39523437
9.47255123	-82.61002394
9.47987726	-78.76506237
9.48720328	-83.81913397
9.49452931	-85.00839900
9.50185533	-77.03760318
9.50918136	-80.30778146
9.51650738	-85.29702441
9.52383341	-82.38651165
9.53115944	-84.69460835
9.53848546	-86.73799354
9.54581149	-82.29629806
9.55313751	-83.98377872
9.56046354	-87.55742256
9.56778956	-82.41648716
9.57511559	-92.57833975
9.58244162	-83.72956337
9.58976764	-98.92017157
9.59709367	-96.53758676
9.60441969	-84.25495731
9.61174572	-80.94566493
9.61907174	-86.54002814
9.62639777	-84.87577576
9.63372380	-80.80186559
9.64104982	-79.88081759
9.64837585	-88.99139412
9.65570187	-85.27525949
9.66302790	-79.63832051
9.67035392	-75.39663358
9.67767995	-88.05774444
9.68500598	-81.59433943
9.69233200	-78.08027222
9.69965803	-80.72527567
9.70698405	-83.99067311
9.71431008	-84.58735662
9.72163610	-80.12122143
9.72896213	-86.36784946
9.73628816	-82.78659756
9.74361418	-83.01934346
9.75094021	-82.68610243
9.75826623	-86.82196739
9.76559226	-86.96944635
9.77291828	-85.29938217
9.78024431	-85.33965077
9.78757033	-88.83934305
9.79489636	-86.88031659
9.80222239	-91.68277315
9.80954841	-84.56185517
9.81687444	-80.67024538
9.82420046	-78.41353493
9.83152649	-90.22810750
9.83885251	-88.56611281
9.84617854	-79.47967651
9.85350457	-82.62187776
9.86083059	-88.40458504
9.86815662	-85.30962980
9.87548264	-83.90251954
9.88280867	-78.62878867
9.89013469	-81.70454054
9.89746072	-91.81037226
9.90478675	-90.85782568
9.91211277	-93.40891823
9.91943880	-85.60380034
9.92676482	-88.80285422
9.93409085	-82.74611888
9.94141687	-93.72925453
9.94874290	-82.74952837
9.95606893	-80.40001027
9.96339495	-81.51337720
9.97072098	-86.66161472
9.97804700	-93.09273160
9.98537303	-93.08191601
9.99269905	-85.73968564
10.00002508	-91.49386126
10.00735111	-89.25950563
10.01467713	-88.93047708
10.02200316	-83.33978031
10.02932918	-85.20821117
10.03665521	-89.51444899
10.04398123	-79.24209794
10.05130726	-76.55763014
10.05863329	-79.74137028
10.06595931	-101.35731070
10.07328534	-81.06644928
10.08061136	-79.46516237
10.08793739	-85.10583677
10.09526341	-80.74872384
10.10258944	-85.42503836
10.10991547	-99.23538605
10.11724149	-95.96501895
10.12456752	-91.47881990
10.13189354	-88.17036504
10.13921957	-98.27883474
10.14654559	-86.23225847
10.15387162	-82.84885442
10.16119765	-92.59787838
10.16852367	-84.10984379
10.17584970	-84.35365053
10.18317572	-86.62195725
10.19050175	-88.32935682
10.19782777	-81.29090858
10.20515380	-83.55393535
10.21247983	-87.16829083
10.21980585	-86.38152090
10.22713188	-91.67693610
10.23445790	-84.19252121
10.24178393	-97.46270896
10.24910995	-107.17077589
10.25643598	-84.82320012
10.26376201	-83.56344982
10.27108803	-81.25246115
10.27841406	-78.47065560
10.28574008	-97.20161624
10.29306611	-82.24155821
10.30039213	-90.81626183
10.30771816	-85.95310020
10.31504419	-81.64749339
10.32237021	-80.84084697
10.32969624	-83.64971036
10.33702226	-99.27623384
10.34434829	-83.52116247
10.35167431	-80.93209004
10.35900034	-93.68370925
10.36632637	-82.34961022
10.37365239	-94.24301185
10.38097842	-80.73984297
10.38830444	-81.69193570
10.39563047	-83.75714679
10.40295649	-98.56826782
10.41028252	-84.99396621
10.41760855	-82.06615429
10.42493457	-86.43187857
10.43226060	-88.46597575
10.43958662	-87.90812899
10.44691265	-87.18487742
10.45423867	-85.42302492
10.46156470	-82.59520284
10.46889073	-90.31590539
10.47621675	-90.68676059
10.48354278	-83.59477346
10.49086880	-80.33922746
10.49819483	-85.39746099
10.50552085	-92.32700025
10.51284688	-92.21412793
10.52017290	-107.41429938
10.52749893	-86.19681543
10.53482496	-84.74747266
10.54215098	-91.28583974
10.54947701	-84.49238896
10.55680303	-82.75262798
10.56412906	-83.58825541
10.57145508	-95.78541821
10.57878111	-89.48931550
10.58610714	-98.97821022
10.59343316	-89.30725936
10.60075919	-88.31218167
10.60808521	-85.01291930
10.61541124	-85.65284263
10.62273726	-77.15274856
10.63006329	-80.83342927
10.63738932	-88.82984612
10.64471534	-94.67359390
10.65204137	-83.92449941
10.65936739	-87.90697135
10.66669342	-79.56832485
10.67401944	-82.74147860
10.68134547	-85.86030959
10.68867150	-84.25863866
10.69599752	-94.00275272
10.70332355	-85.55802304
10.71064957	-93.09971189
10.71797560	-81.95279783
10.72530162	-78.90860964
10.73262765	-79.36974928
10.73995368	-86.96801166
10.74727970	-84.43650723
10.75460573	-86.63198580
10.76193175	-93.02300288
10.76925778	-88.63080488
10.77658380	-81.96064489
10.78390983	-91.21150989
10.79123586	-88.36581220
10.79856188	-91.21616458
10.80588791	-83.93168448
10.81321393	-84.27315866
10.82053996	-93.37745479
10.82786598	-92.31354862
10.83519201	-82.71348481
10.84251804	-81.53816308
10.84984406	-82.99234390
10.85717009	-81.26311975
10.86449611	-80.28891561
10.87182214	-95.28569663
10.87914816	-82.28156230
10.88647419	-82.88070547
10.89380022	-98.08906517
10.90112624	-87.35727346
10.90845227	-81.04210002
10.91577829	-77.75251591
10.92310432	-84.42962343
10.93043034	-87.75401407
10.93775637	-89.65390896
10.94508240	-83.92140204
10.95240842	-82.75018736
10.95973445	-84.31687821
10.96706047	-88.06632116
10.97438650	-92.80667782
10.98171252	-83.07994165
10.98903855	-84.30239004
10.99636458	-86.38335181
11.00369060	-90.78940627
11.01101663	-93.88637058
11.01834265	-82.47739712
11.02566868	-78.38273513
11.03299470	-82.13818990
11.04032073	-89.63130721
11.04764676	-86.53820509
11.05497278	-80.80237017
11.06229881	-77.78413265
11.06962483	-79.21141163
11.07695086	-83.05791020
11.08427688	-88.13937063
11.09160291	-82.08945627
11.09892894	-100.65803384
11.10625496	-96.29107247
11.11358099	-88.73740434
11.12090701	-90.48410261
11.12823304	-80.64166466
11.13555906	-95.40472830
11.14288509	-79.83372166
11.15021112	-79.64340245
11.15753714	-88.16111849
11.16486317	-86.34143946
11.17218919	-81.78247862
11.17951522	-82.69883075
11.18684124	-86.91735163
11.19416727	-82.52013362
11.20149330	-79.50847289
11.20881932	-83.97611495
11.21614535	-81.60903026
11.22347137	-81.27496038
11.23079740	-85.58774509
11.23812342	-83.13346774
11.24544945	-85.59335569
11.25277547	-90.00018088
11.26010150	-83.36920906
11.26742753	-83.90331190
11.27475355	-84.27552036
11.28207958	-85.32163645
11.28940560	-83.64576256
11.29673163	-82.13305300
11.30405765	-87.62260739
11.31138368	-98.46208355
11.31870971	-85.00792464
11.32603573	-85.47688676
11.33336176	-88.70331902
11.34068778	-86.04604679
11.34801381	-89.22788126
11.35533983	-77.18197548
11.36266586	-84.13945327
11.36999189	-81.77240582
11.37731791	-78.51194275
11.38464394	-80.76456022
11.39196996	-95.90517423
11.39929599	-84.73160017
11.40662201	-85.18283494
11.41394804	-80.03638110
11.42127407	-78.18823314
11.42860009	-83.69459861
11.43592612	-93.84594121
11.44325214	-97.81572622
11.45057817	-86.95040725
11.45790419	-83.39088691
11.46523022	-81.21432207
11.47255625	-105.94667583
11.47988227	-89.14221082
11.48720830	-80.68151172
11.49453432	-80.90111623
11.50186035	-77.04703027
11.50918637	-77.28084856
11.51651240	-88.59847016
11.52383843	-84.45697275
11.53116445	-95.60458291
11.53849048	-83.89525201
11.54581650	-85.19177159
11.55314253	-96.67792016
11.56046855	-93.28550670
11.56779458	-87.30799080
11.57512061	-92.43279574
11.58244663	-101.98518993
11.58977266	-83.98799661
11.59709868	-87.47930303
11.60442471	-82.98554968
11.61175073	-81.37616113
11.61907676	-89.97141043
11.62640279	-81.78788006
11.63372881	-80.02329565
11.64105484	-82.39537583
11.64838086	-75.98222284
11.65570689	-90.81479693
11.66303291	-87.53718566
11.67035894	-85.45415268
11.67768497	-81.76738417
11.68501099	-80.14803282
11.69233702	-88.29353007
11.69966304	-88.69183525
11.70698907	-92.20575453
11.71431509	-84.25769955
11.72164112	-94.03261129
11.72896715	-85.01299651
11.73629317	-91.11494695
11.74361920	-84.37028072
11.75094522	-83.80340185
11.75827125	-84.13172478
11.76559727	-88.99757269
11.77292330	-85.32834214
11.78024933	-86.16109267
11.78757535	-79.89092186
11.79490138	-87.36007330
11.80222740	-86.16157666
11.80955343	-79.96290441
11.81687945	-83.60617272
11.82420548	-80.76693354
11.83153151	-83.87843454
11.83885753	-87.59852577
11.84618356	-82.34288554
11.85350958	-82.94724960
11.86083561	-84.05006370
11.86816163	-79.87254985
11.87548766	-93.62137635
11.88281369	-94.81331121
11.89013971	-86.72658892
11.89746574	-101.88134896
11.90479176	-82.34673166
11.91211779	-79.25467915
11.91944381	-85.47481930
11.92676984	-85.13393740
11.93409586	-86.47436204
11.94142189	-90.62971245
11.94874792	-89.51565502
11.95607394	-90.86989915
11.96339997	-87.21624787
11.97072599	-87.88847715
11.97805202	-88.36169418
11.98537804	-99.43733560
11.99270407	-104.88092767
12.00003010	-88.68147114
12.00735612	-81.44772893
12.01468215	-85.22933898
12.02200817	-89.94168804
12.02933420	-89.01730794
12.03666022	-82.88865991
12.04398625	-90.26730647
12.05131228	-89.14628860
12.05863830	-92.75459912
12.06596433	-85.68341686
12.07329035	-84.45497140
12.08061638	-87.58842172
12.08794240	-82.45609683
12.09526843	-84.33627681
12.10259446	-96.47056774
12.10992048	-92.77802891
12.11724651	-82.71847180
12.12457253	-94.87360666
12.13189856	-79.40763258
12.13922458	-80.55978694
12.14655061	-94.25325626
12.15387664	-96.34823248
12.16120266	-93.47594727
12.16852869	-86.07235018
12.17585471	-87.84051714
12.18318074	-83.18984180
12.19050676	-79.40700613
12.19783279	-83.36141245
12.20515882	-83.06887649
12.21248484	-89.96510664
12.21981087	-81.24820885
12.22713689	-85.42350372
12.23446292	-88.70921167
12.24178894	-83.23172990
12.24911497	-85.92509419
12.25644100	-94.36062479
12.26376702	-82.27224227
12.27109305	-80.41322915
12.27841907	-86.11410096
12.28574510	-84.74765221
12.29307112	-90.31964884
12.30039715	-81.42700142
12.30772318	-86.76494707
12.31504920	-84.08150131
12.32237523	-85.82674164
12.32970125	-79.77924846
12.33702728	-88.72774492
12.34435330	-82.54901079
12.35167933	-82.03651976
12.35900536	-83.00031938
12.36633138	-81.16918500
12.37365741	-85.29370289
12.38098343	-81.08071663
12.38830946	-87.02175323
12.39563548	-94.39312443
12.40296151	-89.39407891
12.41028754	-85.91156022
12.41761356	-95.19661799
12.42493959	-83.00636256
12.43226561	-80.87321190
12.43959164	-89.55832332
12.44691766	-83.52996148
12.45424369	-77.96815475
12.46156972	-84.75556776
12.46889574	-90.41636749
12.47622177	-88.88299400
12.48354779	-86.50092732
12.49087382	-87.80900081
12.49819984	-86.45874322
12.50552587	-84.17476821
12.51285190	-87.29812409
12.52017792	-86.63056932
12.52750395	-86.30841049
12.53482997	-84.82098744
12.54215600	-96.63695234
12.54948202	-84.62301768
12.55680805	-87.89845734
12.56413408	-83.57430211
12.57146010	-85.01696801
12.57878613	-106.37862335
12.58611215	-85.26718308
12.59343818	-84.14373505
12.60076420	-89.68509156
12.60809023	-91.18297982
12.61541626	-85.00120855
12.62274228	-86.51492647
12.63006831	-84.84103213
12.63739433	-89.48946801
12.64472036	-86.33539869
12.65204638	-97.00617492
12.65937241	-95.23548101
12.66669843	-89.63477372
12.67402446	-82.05544742
12.68135049	-81.88026479
12.68867651	-98.62080019
12.69600254	-90.28825289
12.70332856	-83.55191280
12.71065459	-92.65153030
12.71798061	-81.51045183
12.72530664	-85.25547033
12.73263267	-87.11161942
12.73995869	-87.31583232
12.74728472	-82.40263516
12.75461074	-85.13723256
12.76193677	-99.96523505
12.76926279	-94.51972350
12.77658882	-88.81395059
12.78391485	-82.78459540
12.79124087	-94.67328244
12.79856690	-90.16307330
12.80589292	-83.37003243
12.81321895	-81.81215577
12.82054497	-84.81960298
12.82787100	-77.85105079
12.83519703	-82.13859207
12.84252305	-86.23785105
12.84984908	-93.18672905
12.85717510	-94.87043014
12.86450113	-89.57943714
12.87182715	-84.26235134
12.87915318	-85.34583055
12.88647921	-81.99089571
12.89380523	-83.69551623
12.90113126	-87.23736037
12.90845728	-92.22163927
12.91578331	-88.42733256
12.92310933	-84.74910446
12.93043536	-86.27773603
12.93776139	-82.98651355
12.94508741	-81.88804322
12.95241344	-87.75064168
12.95973946	-86.09722852
12.96706549	-95.17231329
12.97439151	-82.43334846
12.98171754	-96.98428121
12.98904357	-82.22385680
12.99636959	-80.72605714
13.00369562	-80.77705997
13.01102164	-79.50359001
13.01834767	-88.51142483
13.02567369	-82.07576765
13.03299972	-87.75314445
13.04032575	-82.17240169
13.04765177	-77.76543852
13.05497780	-83.67310203
13.06230382	-93.92003844
13.06962985	-109.32408953
13.07695587	-84.75514909
13.08428190	-89.37808790
13.09160793	-87.59755919
13.09893395	-84.37378901
13.10625998	-90.35915562
13.11358600	-93.78088752
13.12091203	-83.36277727
13.12823805	-81.90527072
13.13556408	-87.86756588
13.14289011	-86.50845127
13.15021613	-84.20628321
13.15754216	-85.49040598
13.16486818	-88.42827203
13.17219421	-89.37980834
13.17952023	-84.34353120
13.18684626	-101.23789974
13.19417229	-87.14155115
13.20149831	-86.97518942
13.20882434	-85.64012809
13.21615036	-88.51954045
13.22347639	-84.75736815
13.23080241	-85.72497125
13.23812844	-89.46147303
13.24545447	-90.82691101
13.25278049	-83.08771928
13.26010652	-82.89353631
13.26743254	-83.06561537
13.27475857	-86.06275045
13.28208459	-95.76560228
13.28941062	-86.55016531
13.29673665	-93.43564452
13.30406267	-84.27254807
13.31138870	-84.24131512
13.31871472	-97.13054289
13.32604075	-91.23107559
13.33336677	-91.66018511
13.34069280	-86.18950161
13.34801883	-88.16984578
13.35534485	-85.77407380
13.36267088	-82.14989074
13.36999690	-83.86045881
13.37732293	-98.66816003
13.38464895	-84.80903809
13.39197498	-86.86246653
13.39930100	-87.82753338
13.40662703	-91.52312632
13.41395306	-84.79424063
13.42127908	-87.17086880
13.42860511	-107.81798167
13.43593113	-89.47037583
13.44325716	-88.23819549
13.45058318	-84.41345571
13.45790921	-81.17046077
13.46523524	-86.03543863
13.47256126	-99.12649787
13.47988729	-90.09594123
13.48721331	-83.37667790
13.49453934	-86.25983677
13.50186536	-78.76547847
13.50919139	-79.96075259
13.51651742	-86.25342502
13.52384344	-84.13491367
13.53116947	-84.38923175
13.53849549	-104.48613435
13.54582152	-95.22963492
13.55314754	-99.92458011
13.56047357	-93.37386675
13.56779960	-88.04356642
13.57512562	-88.24026217
13.58245165	-90.41411340
13.58977767	-87.20795009
13.59710370	-88.88881649
13.60442972	-84.91712914
13.61175575	-82.93707645
13.61908178	-89.94768300
13.62640780	-111.18940109
13.63373383	-87.59290333
13.64105985	-89.50469670
13.64838588	-86.16926455
13.65571190	-81.82013447
13.66303793	-80.83137316
13.67036396	-88.54600389
13.67768998	-87.70615604
13.68501601	-87.42590588
13.69234203	-95.21570181
13.69966806	-86.27202200
13.70699408	-94.49142771
13.71432011	-86.29998020
13.72164614	-82.29702457
13.72897216	-88.44272729
13.73629819	-83.14560030
13.74362421	-88.04936290
13.75095024	-92.97260714
13.75827626	-98.76225090
13.76560229	-93.97206169
13.77292832	-88.36815438
13.78025434	-90.25026710
13.78758037	-97.81551148
13.79490639	-85.02207596
13.80223242	-78.96286645
13.80955844	-83.16941313
13.81688447	-95.33252537
13.82421050	-97.82848073
13.83153652	-104.06993386
13.83886255	-96.11416380
13.84618857	-98.36591452
13.85351460	-95.90555194
13.86084062	-89.98972074
13.86816665	-79.50784563
13.87549268	-82.40914871
13.88281870	-83.35554837
13.89014473	-81.10840319
13.89747075	-98.48084247
13.90479678	-105.57052810
13.91212280	-82.32320166
13.91944883	-82.51313954
13.92677486	-99.51892641
13.93410088	-87.19425828
13.94142691	-86.96164662
13.94875293	-82.13120672
13.95607896	-81.83187989
13.96340498	-91.90089183
13.97073101	-89.72283347
13.97805704	-83.12301628
13.98538306	-80.60020210
13.99270909	-84.88073604
14.00003511	-99.39103929
14.00736114	-94.71050799
14.01468716	-93.04731633
14.02201319	-92.23990620
14.02933922	-87.52751760
14.03666524	-88.02277709
14.04399127	-81.34809830
14.05131729	-88.13674649
14.05864332	-84.28170188
14.06596934	-80.87286178
14.07329537	-88.05191972
14.08062140	-87.16964828
14.08794742	-88.83320201
14.09527345	-95.30400647
14.10259947	-85.33810966
14.10992550	-85.42451481
14.11725152	-84.00559062
14.12457755	-81.53933369
14.13190357	-86.52445615
14.13922960	-87.52586690
14.14655563	-84.64686666
14.15388165	-91.08364783
14.16120768	-102.44039947
14.16853370	-91.58427803
14.17585973	-105.02704244
14.18318575	-88.34551116
14.19051178	-91.84382222
14.19783781	-83.60202275
14.20516383	-88.16232454
14.21248986	-87.20212833
14.21981588	-83.20897935
14.22714191	-88.30124992
14.23446793	-84.17149385
14.24179396	-79.30501094
14.24911999	-83.70471892
14.25644601	-82.26172268
14.26377204	-84.93358433
14.27109806	-85.78556598
14.27842409	-89.45452482
14.28575011	-81.67399445
14.29307614	-81.57621095
14.30040217	-93.86198902
14.30772819	-87.64697484
14.31505422	-97.11653196
14.32238024	-88.17284241
14.32970627	-88.54160867
14.33703229	-83.30562048
14.34435832	-85.33050342
14.35168435	-93.41407724
14.35901037	-86.83235477
14.36633640	-92.29886897
14.37366242	-84.70780235
14.38098845	-86.91168773
14.38831447	-83.22436845
14.39564050	-82.65091789
14.40296653	-85.87668366
14.41029255	-81.96465077
14.41761858	-83.42348771
14.42494460	-92.60278890
14.43227063	-88.02812949
14.43959665	-91.14938583
14.44692268	-102.92666917
14.45424871	-92.38582649
14.46157473	-89.50355069
14.46890076	-86.66114003
14.47622678	-86.95838338
14.48355281	-97.00341830
14.49087883	-90.63147654
14.49820486	-86.51724905
14.50553089	-82.98041908
14.51285691	-84.81635324
14.52018294	-92.34082858
14.52750896	-98.60918282
14.53483499	-83.21489744
14.54216101	-80.27842095
14.54948704	-87.04839215
14.55681307	-91.09726238
14.56413909	-89.40395613
14.57146512	-93.49395557
14.57879114	-87.69823362
14.58611717	-92.23895141
14.59344319	-82.08175990
14.60076922	-92.01156418
14.60809525	-90.18226070
14.61542127	-96.34162618
14.62274730	-90.42775684
14.63007332	-84.63987547
14.63739935	-89.00150904
14.64472537	-82.76016928
14.65205140	-96.81455660
14.65937743	-83.00451934
14.66670345	-92.20548667
14.67402948	-85.21628817
14.68135550	-92.43774430
14.68868153	-89.25834119
14.69600755	-99.01000357
14.70333358	-87.99571316
14.71065961	-87.97161187
14.71798563	-85.38511593
14.72531166	-86.19422832
14.73263768	-109.53601610
14.73996371	-96.26857409
14.74728973	-83.76180427
14.75461576	-85.90911516
14.76194179	-96.59981854
14.76926781	-93.21755278
14.77659384	-84.96774938
14.78391986	-81.11626857
14.79124589	-83.29143519
14.79857191	-86.54610690
14.80589794	-103.91211261
14.81322397	-83.40987765
14.82054999	-85.31967793
14.82787602	-92.18607106
14.83520204	-89.85108577
14.84252807	-86.76022776
14.84985409	-85.25044332
14.85718012	-87.29506908
14.86450614	-89.14199915
14.87183217	-83.99050663
14.87915820	-87.35576866
14.88648422	-92.82223670
14.89381025	-88.35310856
14.90113627	-88.68735480
14.90846230	-89.45780259
14.91578832	-87.94523117
14.92311435	-81.89642295
14.93044038	-90.38867993
14.93776640	-84.61329717
14.94509243	-84.34943027
14.95241845	-83.31660125
14.95974448	-87.87622656
14.96707050	-82.83419209
14.97439653	-81.44931723
14.98172256	-87.91189303
14.98904858	-80.88289638
14.99637461	-91.17594166
