# Menlo Systems GmbH ScanControl
# Program Version 1.7.0+git.a90605a3
# Start: -402.50000000 ps, Average over 1000 waveforms. Timestamp: 2024-05-06T15:30:50
# Window type: Tukey, parameters: alpha = 0.1
# User time axis shift: 0 ps
# Time axis offset: 0 ps
# Time [ps]	THz Signal [a.u.]
-402.35029520	0.00000000
-402.31696175	0.00000088
-402.28362829	0.00000368
-402.25029483	0.00000844
-402.21696138	0.00001517
-402.18362792	0.00002600
-402.15029447	0.00003220
-402.11696101	0.00004219
-402.08362755	0.00005398
-402.05029410	0.00006080
-402.01696064	0.00006131
-401.98362719	0.00006502
-401.95029373	0.00005767
-401.91696027	0.00005080
-401.88362682	0.00003127
-401.85029336	-0.00000790
-401.81695991	-0.00001442
-401.78362645	-0.00007386
-401.75029299	-0.00010815
-401.71695954	-0.00017250
-401.68362608	-0.00024800
-401.65029263	-0.00031791
-401.61695917	-0.00043823
-401.58362571	-0.00046865
-401.55029226	-0.00055241
-401.51695880	-0.00066507
-401.48362535	-0.00072971
-401.45029189	-0.00085840
-401.41695843	-0.00093018
-401.38362498	-0.00106004
-401.35029152	-0.00111270
-401.31695807	-0.00117257
-401.28362461	-0.00126002
-401.25029115	-0.00119711
-401.21695770	-0.00122149
-401.18362424	-0.00115930
-401.15029079	-0.00107689
-401.11695733	-0.00095484
-401.08362387	-0.00084221
-401.05029042	-0.00054944
-401.01695696	-0.00035074
-400.98362351	-0.00008893
-400.95029005	0.00018794
-400.91695659	0.00048667
-400.88362314	0.00085464
-400.85028968	0.00107512
-400.81695623	0.00136126
-400.78362277	0.00140463
-400.75028931	0.00162083
-400.71695586	0.00171982
-400.68362240	0.00180004
-400.65028895	0.00173910
-400.61695549	0.00162019
-400.58362203	0.00134094
-400.55028858	0.00099215
-400.51695512	0.00082164
-400.48362167	0.00051751
-400.45028821	0.00010625
-400.41695475	-0.00018779
-400.38362130	-0.00033214
-400.35028784	-0.00073243
-400.31695439	-0.00102247
-400.28362093	-0.00143412
-400.25028747	-0.00138950
-400.21695402	-0.00157574
-400.18362056	-0.00167889
-400.15028711	-0.00175620
-400.11695365	-0.00186835
-400.08362019	-0.00169983
-400.05028674	-0.00166233
-400.01695328	-0.00159012
-399.98361983	-0.00159753
-399.95028637	-0.00158216
-399.91695291	-0.00144962
-399.88361946	-0.00141952
-399.85028600	-0.00139537
-399.81695255	-0.00130934
-399.78361909	-0.00112808
-399.75028563	-0.00125989
-399.71695218	-0.00128574
-399.68361872	-0.00122901
-399.65028527	-0.00110225
-399.61695181	-0.00128037
-399.58361835	-0.00133608
-399.55028490	-0.00131903
-399.51695144	-0.00122073
-399.48361799	-0.00133662
-399.45028453	-0.00136276
-399.41695107	-0.00129860
-399.38361762	-0.00127019
-399.35028416	-0.00132811
-399.31695071	-0.00142665
-399.28361725	-0.00147692
-399.25028379	-0.00140732
-399.21695034	-0.00154396
-399.18361688	-0.00149680
-399.15028343	-0.00161034
-399.11694997	-0.00164862
-399.08361651	-0.00171352
-399.05028306	-0.00164862
-399.01694960	-0.00174259
-398.98361615	-0.00179338
-398.95028269	-0.00185295
-398.91694923	-0.00192877
-398.88361578	-0.00183702
-398.85028232	-0.00192569
-398.81694887	-0.00197411
-398.78361541	-0.00188535
-398.75028195	-0.00200947
-398.71694850	-0.00201139
-398.68361504	-0.00206595
-398.65028159	-0.00215083
-398.61694813	-0.00213684
-398.58361467	-0.00208259
-398.55028122	-0.00212566
-398.51694776	-0.00214828
-398.48361431	-0.00215660
-398.45028085	-0.00223851
-398.41694739	-0.00213882
-398.38361394	-0.00226863
-398.35028048	-0.00222776
-398.31694703	-0.00238130
-398.28361357	-0.00237502
-398.25028011	-0.00223227
-398.21694666	-0.00251039
-398.18361320	-0.00216921
-398.15027975	-0.00227429
-398.11694629	-0.00227875
-398.08361283	-0.00215105
-398.05027938	-0.00222900
-398.01694592	-0.00228239
-397.98361247	-0.00238456
-397.95027901	-0.00247038
-397.91694555	-0.00223231
-397.88361210	-0.00233207
-397.85027864	-0.00237940
-397.81694519	-0.00239454
-397.78361173	-0.00236689
-397.75027827	-0.00242461
-397.71694482	-0.00249893
-397.68361136	-0.00244033
-397.65027791	-0.00259364
-397.61694445	-0.00250955
-397.58361099	-0.00249587
-397.55027754	-0.00257411
-397.51694408	-0.00273152
-397.48361063	-0.00266185
-397.45027717	-0.00268301
-397.41694371	-0.00283567
-397.38361026	-0.00290697
-397.35027680	-0.00299892
-397.31694335	-0.00308106
-397.28360989	-0.00321925
-397.25027643	-0.00335238
-397.21694298	-0.00351184
-397.18360952	-0.00371056
-397.15027607	-0.00391691
-397.11694261	-0.00393087
-397.08360915	-0.00436387
-397.05027570	-0.00453804
-397.01694224	-0.00469609
-396.98360879	-0.00478697
-396.95027533	-0.00514897
-396.91694187	-0.00550834
-396.88360842	-0.00567117
-396.85027496	-0.00567224
-396.81694151	-0.00588866
-396.78360805	-0.00586964
-396.75027459	-0.00593148
-396.71694114	-0.00584038
-396.68360768	-0.00576506
-396.65027423	-0.00550642
-396.61694077	-0.00521203
-396.58360731	-0.00466775
-396.55027386	-0.00405548
-396.51694040	-0.00340905
-396.48360695	-0.00276418
-396.45027349	-0.00198004
-396.41694004	-0.00103207
-396.38360658	-0.00028622
-396.35027312	0.00063791
-396.31693967	0.00136800
-396.28360621	0.00195962
-396.25027276	0.00244305
-396.21693930	0.00282137
-396.18360584	0.00309137
-396.15027239	0.00286514
-396.11693893	0.00269489
-396.08360548	0.00197257
-396.05027202	0.00129455
-396.01693856	0.00025314
-395.98360511	-0.00071440
-395.95027165	-0.00192960
-395.91693820	-0.00323133
-395.88360474	-0.00444383
-395.85027128	-0.00569884
-395.81693783	-0.00695244
-395.78360437	-0.00798391
-395.75027092	-0.00885451
-395.71693746	-0.00954499
-395.68360400	-0.00988529
-395.65027055	-0.01025532
-395.61693709	-0.01039816
-395.58360364	-0.01013792
-395.55027018	-0.00973135
-395.51693672	-0.00903585
-395.48360327	-0.00833812
-395.45026981	-0.00725414
-395.41693636	-0.00645760
-395.38360290	-0.00527440
-395.35026944	-0.00432924
-395.31693599	-0.00336427
-395.28360253	-0.00229848
-395.25026908	-0.00138674
-395.21693562	-0.00027837
-395.18360216	0.00079574
-395.15026871	0.00189522
-395.11693525	0.00311708
-395.08360180	0.00457943
-395.05026834	0.00586288
-395.01693488	0.00758214
-394.98360143	0.00953296
-394.95026797	0.01180543
-394.91693452	0.01437007
-394.88360106	0.01723866
-394.85026760	0.02043844
-394.81693415	0.02403398
-394.78360069	0.02805137
-394.75026724	0.03236112
-394.71693378	0.03703696
-394.68360032	0.04193524
-394.65026687	0.04734462
-394.61693341	0.05305246
-394.58359996	0.05892292
-394.55026650	0.06520880
-394.51693304	0.07172391
-394.48359959	0.07853756
-394.45026613	0.08551020
-394.41693268	0.09248292
-394.38359922	0.09944000
-394.35026576	0.10623785
-394.31693231	0.11290745
-394.28359885	0.11890920
-394.25026540	0.12433186
-394.21693194	0.12881842
-394.18359848	0.13179505
-394.15026503	0.13341881
-394.11693157	0.13298917
-394.08359812	0.13025358
-394.05026466	0.12453988
-394.01693120	0.11555620
-393.98359775	0.10296341
-393.95026429	0.08607120
-393.91693084	0.06489481
-393.88359738	0.03844927
-393.85026392	0.00674793
-393.81693047	-0.03016007
-393.78359701	-0.07277529
-393.75026356	-0.12110557
-393.71693010	-0.17423950
-393.68359664	-0.23228173
-393.65026319	-0.29438381
-393.61692973	-0.35946238
-393.58359628	-0.42644346
-393.55026282	-0.49327304
-393.51692936	-0.55876424
-393.48359591	-0.62047121
-393.45026245	-0.67569375
-393.41692900	-0.72198351
-393.38359554	-0.75711433
-393.35026208	-0.77802951
-393.31692863	-0.78266879
-393.28359517	-0.76864160
-393.25026172	-0.73415817
-393.21692826	-0.67821364
-393.18359480	-0.60030453
-393.15026135	-0.50140066
-393.11692789	-0.38207807
-393.08359444	-0.24450992
-393.05026098	-0.09226731
-393.01692752	0.07038532
-392.98359407	0.23996208
-392.95026061	0.41091675
-392.91692716	0.57675063
-392.88359370	0.73212720
-392.85026024	0.87230791
-392.81692679	0.99157324
-392.78359333	1.08497576
-392.75025988	1.14860783
-392.71692642	1.18030912
-392.68359296	1.17793647
-392.65025951	1.14166757
-392.61692605	1.07322353
-392.58359260	0.97450040
-392.55025914	0.84926804
-392.51692568	0.70311861
-392.48359223	0.54171052
-392.45025877	0.37055783
-392.41692532	0.19625677
-392.38359186	0.02630964
-392.35025840	-0.13309607
-392.31692495	-0.27706915
-392.28359149	-0.40077965
-392.25025804	-0.49941411
-392.21692458	-0.57106602
-392.18359112	-0.61495139
-392.15025767	-0.63135038
-392.11692421	-0.62270652
-392.08359076	-0.59205211
-392.05025730	-0.54382305
-392.01692384	-0.48261198
-391.98359039	-0.41360027
-391.95025693	-0.34201924
-391.91692348	-0.27174378
-391.88359002	-0.20659130
-391.85025656	-0.14964802
-391.81692311	-0.10255942
-391.78358965	-0.06583950
-391.75025620	-0.03939544
-391.71692274	-0.02244988
-391.68358928	-0.01356482
-391.65025583	-0.01050586
-391.61692237	-0.01115979
-391.58358892	-0.01334964
-391.55025546	-0.01575211
-391.51692200	-0.01642377
-391.48358855	-0.01445008
-391.45025509	-0.00990233
-391.41692164	-0.00240972
-391.38358818	0.00736357
-391.35025472	0.01822461
-391.31692127	0.02953158
-391.28358781	0.03999347
-391.25025436	0.04876217
-391.21692090	0.05524578
-391.18358744	0.05865908
-391.15025399	0.05920380
-391.11692053	0.05687453
-391.08358708	0.05244131
-391.05025362	0.04605482
-391.01692016	0.03905924
-390.98358671	0.03177430
-390.95025325	0.02490797
-390.91691980	0.01922470
-390.88358634	0.01477945
-390.85025288	0.01179974
-390.81691943	0.01028846
-390.78358597	0.01007881
-390.75025252	0.01062579
-390.71691906	0.01176156
-390.68358560	0.01305516
-390.65025215	0.01433755
-390.61691869	0.01494554
-390.58358524	0.01515076
-390.55025178	0.01465839
-390.51691832	0.01336109
-390.48358487	0.01163490
-390.45025141	0.00947609
-390.41691796	0.00689570
-390.38358450	0.00403141
-390.35025104	0.00100992
-390.31691759	-0.00198004
-390.28358413	-0.00493562
-390.25025068	-0.00774635
-390.21691722	-0.01046321
-390.18358376	-0.01268067
-390.15025031	-0.01466624
-390.11691685	-0.01601646
-390.08358340	-0.01708267
-390.05024994	-0.01744246
-390.01691648	-0.01713895
-389.98358303	-0.01636968
-389.95024957	-0.01498802
-389.91691612	-0.01315993
-389.88358266	-0.01107702
-389.85024920	-0.00881099
-389.81691575	-0.00643275
-389.78358229	-0.00408162
-389.75024884	-0.00199456
-389.71691538	-0.00003590
-389.68358192	0.00165727
-389.65024847	0.00318671
-389.61691501	0.00430066
-389.58358156	0.00511199
-389.55024810	0.00556912
-389.51691464	0.00581011
-389.48358119	0.00572821
-389.45024773	0.00519983
-389.41691428	0.00434885
-389.38358082	0.00297338
-389.35024736	0.00119075
-389.31691391	-0.00087164
-389.28358045	-0.00340502
-389.25024700	-0.00625669
-389.21691354	-0.00918413
-389.18358008	-0.01226530
-389.15024663	-0.01515185
-389.11691317	-0.01771574
-389.08357972	-0.01992255
-389.05024626	-0.02152245
-389.01691280	-0.02243460
-388.98357935	-0.02294025
-388.95024589	-0.02282755
-388.91691244	-0.02186145
-388.88357898	-0.02024934
-388.85024552	-0.01839799
-388.81691207	-0.01600218
-388.78357861	-0.01323547
-388.75024516	-0.01061287
-388.71691170	-0.00763680
-388.68357824	-0.00503145
-388.65024479	-0.00214191
-388.61691133	0.00041930
-388.58357788	0.00278699
-388.55024442	0.00491006
-388.51691096	0.00700906
-388.48357751	0.00853095
-388.45024405	0.01004062
-388.41691060	0.01144117
-388.38357714	0.01251378
-388.35024368	0.01350432
-388.31691023	0.01447414
-388.28357677	0.01521911
-388.25024332	0.01564434
-388.21690986	0.01600882
-388.18357640	0.01623868
-388.15024295	0.01629371
-388.11690949	0.01594449
-388.08357604	0.01554746
-388.05024258	0.01461475
-388.01690912	0.01348219
-387.98357567	0.01189529
-387.95024221	0.01014716
-387.91690876	0.00823532
-387.88357530	0.00630990
-387.85024184	0.00415232
-387.81690839	0.00195586
-387.78357493	-0.00002132
-387.75024148	-0.00182517
-387.71690802	-0.00320111
-387.68357456	-0.00445828
-387.65024111	-0.00528266
-387.61690765	-0.00579619
-387.58357420	-0.00585802
-387.55024074	-0.00569532
-387.51690728	-0.00522432
-387.48357383	-0.00459578
-387.45024037	-0.00390957
-387.41690692	-0.00306597
-387.38357346	-0.00215640
-387.35024000	-0.00149120
-387.31690655	-0.00082018
-387.28357309	-0.00011878
-387.25023964	0.00040548
-387.21690618	0.00093573
-387.18357272	0.00131768
-387.15023927	0.00163424
-387.11690581	0.00175833
-387.08357236	0.00186559
-387.05023890	0.00193048
-387.01690544	0.00210379
-386.98357199	0.00208522
-386.95023853	0.00179222
-386.91690508	0.00162746
-386.88357162	0.00158101
-386.85023816	0.00117575
-386.81690471	0.00100003
-386.78357125	0.00067760
-386.75023780	0.00048269
-386.71690434	0.00015539
-386.68357088	0.00007822
-386.65023743	0.00006757
-386.61690397	0.00010368
-386.58357052	0.00030171
-386.55023706	0.00075054
-386.51690360	0.00133372
-386.48357015	0.00200019
-386.45023669	0.00276210
-386.41690324	0.00366188
-386.38356978	0.00464492
-386.35023632	0.00563397
-386.31690287	0.00654585
-386.28356941	0.00732768
-386.25023596	0.00833101
-386.21690250	0.00907160
-386.18356904	0.00962436
-386.15023559	0.01024866
-386.11690213	0.01049340
-386.08356868	0.01064824
-386.05023522	0.01079751
-386.01690176	0.01065727
-385.98356831	0.01045583
-385.95023485	0.01000857
-385.91690140	0.00969283
-385.88356794	0.00916063
-385.85023448	0.00851220
-385.81690103	0.00795672
-385.78356757	0.00726359
-385.75023412	0.00652764
-385.71690066	0.00575550
-385.68356720	0.00503292
-385.65023375	0.00437093
-385.61690029	0.00363777
-385.58356684	0.00287865
-385.55023338	0.00221925
-385.51689992	0.00140073
-385.48356647	0.00077533
-385.45023301	-0.00030881
-385.41689956	-0.00143293
-385.38356610	-0.00276796
-385.35023264	-0.00435814
-385.31689919	-0.00628644
-385.28356573	-0.00847056
-385.25023228	-0.01102820
-385.21689882	-0.01384457
-385.18356537	-0.01726173
-385.15023191	-0.02077373
-385.11689845	-0.02455796
-385.08356500	-0.02839920
-385.05023154	-0.03242178
-385.01689809	-0.03615433
-384.98356463	-0.03970115
-384.95023117	-0.04256108
-384.91689772	-0.04490208
-384.88356426	-0.04624180
-384.85023081	-0.04651043
-384.81689735	-0.04574197
-384.78356389	-0.04339582
-384.75023044	-0.03984836
-384.71689698	-0.03457678
-384.68356353	-0.02835724
-384.65023007	-0.02061287
-384.61689661	-0.01198603
-384.58356316	-0.00242483
-384.55022970	0.00789384
-384.51689625	0.01835294
-384.48356279	0.02875652
-384.45022933	0.03870033
-384.41689588	0.04764142
-384.38356242	0.05580736
-384.35022897	0.06224116
-384.31689551	0.06693415
-384.28356205	0.06981155
-384.25022860	0.07047348
-384.21689514	0.06918267
-384.18356169	0.06575921
-384.15022823	0.06037212
-384.11689477	0.05348162
-384.08356132	0.04506428
-384.05022786	0.03579634
-384.01689441	0.02572155
-383.98356095	0.01580063
-383.95022749	0.00595965
-383.91689404	-0.00346464
-383.88356058	-0.01182914
-383.85022713	-0.01874762
-383.81689367	-0.02438986
-383.78356021	-0.02832533
-383.75022676	-0.03062838
-383.71689330	-0.03137486
-383.68355985	-0.03062618
-383.65022639	-0.02865767
-383.61689293	-0.02561445
-383.58355948	-0.02224666
-383.55022602	-0.01812448
-383.51689257	-0.01405270
-383.48355911	-0.01022729
-383.45022565	-0.00688985
-383.41689220	-0.00405740
-383.38355874	-0.00193536
-383.35022529	-0.00063778
-383.31689183	0.00009392
-383.28355837	0.00011437
-383.25022492	-0.00049416
-383.21689146	-0.00109888
-383.18355801	-0.00192578
-383.15022455	-0.00261966
-383.11689109	-0.00321436
-383.08355764	-0.00346247
-383.05022418	-0.00312717
-383.01689073	-0.00239065
-382.98355727	-0.00131285
-382.95022381	-0.00006021
-382.91689036	0.00169652
-382.88355690	0.00331052
-382.85022345	0.00489389
-382.81688999	0.00642329
-382.78355653	0.00755733
-382.75022308	0.00855562
-382.71688962	0.00906166
-382.68355617	0.00944679
-382.65022271	0.00930134
-382.61688925	0.00912991
-382.58355580	0.00883317
-382.55022234	0.00852530
-382.51688889	0.00835147
-382.48355543	0.00821468
-382.45022197	0.00822094
-382.41688852	0.00833836
-382.38355506	0.00841004
-382.35022161	0.00858632
-382.31688815	0.00854922
-382.28355469	0.00847337
-382.25022124	0.00802652
-382.21688778	0.00740991
-382.18355433	0.00640612
-382.15022087	0.00510412
-382.11688741	0.00349806
-382.08355396	0.00168489
-382.05022050	-0.00037586
-382.01688705	-0.00246559
-381.98355359	-0.00449656
-381.95022013	-0.00626156
-381.91688668	-0.00789759
-381.88355322	-0.00936788
-381.85021977	-0.01045091
-381.81688631	-0.01115182
-381.78355285	-0.01139531
-381.75021940	-0.01124555
-381.71688594	-0.01076007
-381.68355249	-0.00987123
-381.65021903	-0.00880935
-381.61688557	-0.00730264
-381.58355212	-0.00566265
-381.55021866	-0.00401965
-381.51688521	-0.00214875
-381.48355175	-0.00031870
-381.45021829	0.00150270
-381.41688484	0.00316363
-381.38355138	0.00461397
-381.35021793	0.00591336
-381.31688447	0.00691627
-381.28355101	0.00767208
-381.25021756	0.00803688
-381.21688410	0.00812499
-381.18355065	0.00789417
-381.15021719	0.00745599
-381.11688373	0.00678502
-381.08355028	0.00572533
-381.05021682	0.00467780
-381.01688337	0.00352922
-380.98354991	0.00228663
-380.95021645	0.00109345
-380.91688300	-0.00034032
-380.88354954	-0.00145555
-380.85021609	-0.00262005
-380.81688263	-0.00362318
-380.78354917	-0.00443255
-380.75021572	-0.00491857
-380.71688226	-0.00519478
-380.68354881	-0.00533488
-380.65021535	-0.00513054
-380.61688189	-0.00459059
-380.58354844	-0.00389545
-380.55021498	-0.00296967
-380.51688153	-0.00181208
-380.48354807	-0.00078949
-380.45021461	0.00025955
-380.41688116	0.00138664
-380.38354770	0.00215300
-380.35021425	0.00278006
-380.31688079	0.00312184
-380.28354733	0.00308314
-380.25021388	0.00277929
-380.21688042	0.00223918
-380.18354697	0.00122997
-380.15021351	0.00020587
-380.11688005	-0.00108637
-380.08354660	-0.00241366
-380.05021314	-0.00362490
-380.01687969	-0.00500456
-379.98354623	-0.00588894
-379.95021277	-0.00658109
-379.91687932	-0.00686675
-379.88354586	-0.00684864
-379.85021241	-0.00641935
-379.81687895	-0.00563796
-379.78354549	-0.00463996
-379.75021204	-0.00320105
-379.71687858	-0.00170221
-379.68354513	-0.00012245
-379.65021167	0.00150255
-379.61687821	0.00321908
-379.58354476	0.00441381
-379.55021130	0.00559383
-379.51687785	0.00660968
-379.48354439	0.00724547
-379.45021093	0.00752961
-379.41687748	0.00758412
-379.38354402	0.00736833
-379.35021057	0.00689434
-379.31687711	0.00647639
-379.28354365	0.00562190
-379.25021020	0.00498290
-379.21687674	0.00418339
-379.18354329	0.00348819
-379.15020983	0.00283009
-379.11687637	0.00229246
-379.08354292	0.00180640
-379.05020946	0.00141174
-379.01687601	0.00106635
-378.98354255	0.00082379
-378.95020909	0.00051710
-378.91687564	0.00031070
-378.88354218	0.00016901
-378.85020873	-0.00018086
-378.81687527	-0.00033224
-378.78354181	-0.00071969
-378.75020836	-0.00091478
-378.71687490	-0.00138566
-378.68354145	-0.00175719
-378.65020799	-0.00218841
-378.61687453	-0.00262703
-378.58354108	-0.00319963
-378.55020762	-0.00351886
-378.51687417	-0.00408632
-378.48354071	-0.00448270
-378.45020725	-0.00479699
-378.41687380	-0.00492293
-378.38354034	-0.00533431
-378.35020689	-0.00535839
-378.31687343	-0.00521873
-378.28353997	-0.00482042
-378.25020652	-0.00428870
-378.21687306	-0.00343384
-378.18353961	-0.00221926
-378.15020615	-0.00082482
-378.11687269	0.00104910
-378.08353924	0.00314493
-378.05020578	0.00572361
-378.01687233	0.00830471
-377.98353887	0.01130065
-377.95020541	0.01456534
-377.91687196	0.01791026
-377.88353850	0.02127438
-377.85020505	0.02462606
-377.81687159	0.02791559
-377.78353813	0.03093632
-377.75020468	0.03385026
-377.71687122	0.03639932
-377.68353777	0.03881720
-377.65020431	0.04088886
-377.61687085	0.04243953
-377.58353740	0.04359700
-377.55020394	0.04457458
-377.51687049	0.04503756
-377.48353703	0.04520114
-377.45020357	0.04480883
-377.41687012	0.04425419
-377.38353666	0.04323869
-377.35020321	0.04167059
-377.31686975	0.03975364
-377.28353629	0.03737636
-377.25020284	0.03422522
-377.21686938	0.03069330
-377.18353593	0.02626692
-377.15020247	0.02114016
-377.11686901	0.01528012
-377.08353556	0.00843099
-377.05020210	0.00064609
-377.01686865	-0.00812318
-376.98353519	-0.01810851
-376.95020173	-0.02902349
-376.91686828	-0.04097802
-376.88353482	-0.05396472
-376.85020137	-0.06785040
-376.81686791	-0.08244450
-376.78353445	-0.09767987
-376.75020100	-0.11329440
-376.71686754	-0.12922933
-376.68353409	-0.14495161
-376.65020063	-0.16018024
-376.61686717	-0.17428968
-376.58353372	-0.18720163
-376.55020026	-0.19829380
-376.51686681	-0.20697328
-376.48353335	-0.21275318
-376.45019989	-0.21525824
-376.41686644	-0.21383501
-376.38353298	-0.20833837
-376.35019953	-0.19833667
-376.31686607	-0.18355340
-376.28353261	-0.16403339
-376.25019916	-0.13982056
-376.21686570	-0.11088904
-376.18353225	-0.07804892
-376.15019879	-0.04109621
-376.11686533	-0.00132524
-376.08353188	0.04081247
-376.05019842	0.08447014
-376.01686497	0.12860718
-375.98353151	0.17232429
-375.95019805	0.21436788
-375.91686460	0.25375150
-375.88353114	0.28948647
-375.85019769	0.32073150
-375.81686423	0.34607684
-375.78353077	0.36505807
-375.75019732	0.37699690
-375.71686386	0.38103955
-375.68353041	0.37721269
-375.65019695	0.36529027
-375.61686349	0.34507610
-375.58353004	0.31719731
-375.55019658	0.28213093
-375.51686313	0.24051231
-375.48352967	0.19334576
-375.45019621	0.14197553
-375.41686276	0.08747091
-375.38352930	0.03140551
-375.35019585	-0.02468349
-375.31686239	-0.07897193
-375.28352893	-0.12975166
-375.25019548	-0.17597047
-375.21686202	-0.21599343
-375.18352857	-0.24859308
-375.15019511	-0.27283405
-375.11686165	-0.28824759
-375.08352820	-0.29452746
-375.05019474	-0.29150731
-375.01686129	-0.27989426
-374.98352783	-0.26035641
-374.95019437	-0.23400919
-374.91686092	-0.20196557
-374.88352746	-0.16608249
-374.85019401	-0.12775830
-374.81686055	-0.08849801
-374.78352709	-0.05022332
-374.75019364	-0.01418311
-374.71686018	0.01814629
-374.68352673	0.04573570
-374.65019327	0.06815640
-374.61685981	0.08444875
-374.58352636	0.09485495
-374.55019290	0.09922995
-374.51685945	0.09825249
-374.48352599	0.09249296
-374.45019253	0.08291542
-374.41685908	0.07048335
-374.38352562	0.05607566
-374.35019217	0.04099266
-374.31685871	0.02635817
-374.28352525	0.01270029
-374.25019180	0.00129463
-374.21685834	-0.00792665
-374.18352489	-0.01423661
-374.15019143	-0.01757526
-374.11685797	-0.01832664
-374.08352452	-0.01645415
-374.05019106	-0.01266800
-374.01685761	-0.00743552
-373.98352415	-0.00156612
-373.95019070	0.00467583
-373.91685724	0.01030280
-373.88352378	0.01489377
-373.85019033	0.01824989
-373.81685687	0.01975704
-373.78352342	0.01966766
-373.75018996	0.01792381
-373.71685650	0.01459853
-373.68352305	0.01021722
-373.65018959	0.00513380
-373.61685614	-0.00043861
-373.58352268	-0.00547109
-373.55018922	-0.01016280
-373.51685577	-0.01392458
-373.48352231	-0.01624811
-373.45018886	-0.01724576
-373.41685540	-0.01707551
-373.38352194	-0.01560070
-373.35018849	-0.01313882
-373.31685503	-0.00971721
-373.28352158	-0.00619557
-373.25018812	-0.00260292
-373.21685466	0.00069970
-373.18352121	0.00332863
-373.15018775	0.00515298
-373.11685430	0.00589482
-373.08352084	0.00550628
-373.05018738	0.00435632
-373.01685393	0.00227729
-372.98352047	-0.00026446
-372.95018702	-0.00317708
-372.91685356	-0.00600150
-372.88352010	-0.00843365
-372.85018665	-0.01019724
-372.81685319	-0.01128421
-372.78351974	-0.01130135
-372.75018628	-0.01050612
-372.71685282	-0.00879960
-372.68351937	-0.00623912
-372.65018591	-0.00332433
-372.61685246	-0.00017505
-372.58351900	0.00302837
-372.55018554	0.00582560
-372.51685209	0.00819200
-372.48351863	0.00976480
-372.45018518	0.01029074
-372.41685172	0.01001606
-372.38351826	0.00909108
-372.35018481	0.00718898
-372.31685135	0.00487730
-372.28351790	0.00211912
-372.25018444	-0.00082365
-372.21685098	-0.00345955
-372.18351753	-0.00592473
-372.15018407	-0.00789060
-372.11685062	-0.00927152
-372.08351716	-0.01003067
-372.05018370	-0.01030327
-372.01685025	-0.00992774
-371.98351679	-0.00893365
-371.95018334	-0.00786937
-371.91684988	-0.00659617
-371.88351642	-0.00500063
-371.85018297	-0.00371316
-371.81684951	-0.00244819
-371.78351606	-0.00145157
-371.75018260	-0.00055480
-371.71684914	0.00007144
-371.68351569	0.00056772
-371.65018223	0.00101959
-371.61684878	0.00130385
-371.58351532	0.00161874
-371.55018186	0.00190979
-371.51684841	0.00244378
-371.48351495	0.00270651
-371.45018150	0.00308712
-371.41684804	0.00366872
-371.38351458	0.00398581
-371.35018113	0.00399964
-371.31684767	0.00400179
-371.28351422	0.00380788
-371.25018076	0.00341980
-371.21684730	0.00273666
-371.18351385	0.00188145
-371.15018039	0.00089897
-371.11684694	-0.00009621
-371.08351348	-0.00131344
-371.05018002	-0.00231974
-371.01684657	-0.00319760
-370.98351311	-0.00396079
-370.95017966	-0.00457593
-370.91684620	-0.00496627
-370.88351274	-0.00521516
-370.85017929	-0.00523994
-370.81684583	-0.00509251
-370.78351238	-0.00479935
-370.75017892	-0.00454693
-370.71684546	-0.00417815
-370.68351201	-0.00369385
-370.65017855	-0.00326731
-370.61684510	-0.00279172
-370.58351164	-0.00249090
-370.55017818	-0.00180398
-370.51684473	-0.00125492
-370.48351127	-0.00031908
-370.45017782	0.00067382
-370.41684436	0.00168444
-370.38351090	0.00289438
-370.35017745	0.00444499
-370.31684399	0.00598126
-370.28351054	0.00750708
-370.25017708	0.00908421
-370.21684362	0.01056421
-370.18351017	0.01210057
-370.15017671	0.01302849
-370.11684326	0.01400626
-370.08350980	0.01447950
-370.05017634	0.01446971
-370.01684289	0.01429342
-369.98350943	0.01341412
-369.95017598	0.01238456
-369.91684252	0.01069749
-369.88350906	0.00888035
-369.85017561	0.00665990
-369.81684215	0.00418511
-369.78350870	0.00177401
-369.75017524	-0.00071740
-369.71684178	-0.00296917
-369.68350833	-0.00516157
-369.65017487	-0.00708772
-369.61684142	-0.00856972
-369.58350796	-0.00982849
-369.55017450	-0.01046258
-369.51684105	-0.01087007
-369.48350759	-0.01081048
-369.45017414	-0.01024938
-369.41684068	-0.00932381
-369.38350722	-0.00838628
-369.35017377	-0.00711733
-369.31684031	-0.00540528
-369.28350686	-0.00390820
-369.25017340	-0.00241428
-369.21683994	-0.00073826
-369.18350649	0.00083545
-369.15017303	0.00212621
-369.11683958	0.00336773
-369.08350612	0.00438293
-369.05017266	0.00517531
-369.01683921	0.00580369
-368.98350575	0.00607265
-368.95017230	0.00633118
-368.91683884	0.00616652
-368.88350538	0.00604653
-368.85017193	0.00568685
-368.81683847	0.00510583
-368.78350502	0.00453578
-368.75017156	0.00388196
-368.71683810	0.00314301
-368.68350465	0.00259003
-368.65017119	0.00191673
-368.61683774	0.00122300
-368.58350428	0.00077126
-368.55017082	0.00018997
-368.51683737	-0.00015830
-368.48350391	-0.00074446
-368.45017046	-0.00129917
-368.41683700	-0.00181028
-368.38350354	-0.00229909
-368.35017009	-0.00294292
-368.31683663	-0.00384409
-368.28350318	-0.00491429
-368.25016972	-0.00600673
-368.21683626	-0.00730703
-368.18350281	-0.00863096
-368.15016935	-0.01004350
-368.11683590	-0.01152577
-368.08350244	-0.01282029
-368.05016898	-0.01405732
-368.01683553	-0.01516440
-367.98350207	-0.01590022
-367.95016862	-0.01637511
-367.91683516	-0.01647288
-367.88350170	-0.01633163
-367.85016825	-0.01564037
-367.81683479	-0.01445197
-367.78350134	-0.01297815
-367.75016788	-0.01111321
-367.71683442	-0.00901476
-367.68350097	-0.00647626
-367.65016751	-0.00385551
-367.61683406	-0.00094456
-367.58350060	0.00192030
-367.55016714	0.00491784
-367.51683369	0.00788309
-367.48350023	0.01082387
-367.45016678	0.01337004
-367.41683332	0.01567457
-367.38349986	0.01799049
-367.35016641	0.02000966
-367.31683295	0.02140071
-367.28349950	0.02243064
-367.25016604	0.02313061
-367.21683258	0.02320627
-367.18349913	0.02286741
-367.15016567	0.02204696
-367.11683222	0.02091480
-367.08349876	0.01923129
-367.05016530	0.01717937
-367.01683185	0.01476385
-366.98349839	0.01219681
-366.95016494	0.00945048
-366.91683148	0.00658364
-366.88349802	0.00373538
-366.85016457	0.00116904
-366.81683111	-0.00129281
-366.78349766	-0.00382797
-366.75016420	-0.00583122
-366.71683074	-0.00734317
-366.68349729	-0.00856984
-366.65016383	-0.00948485
-366.61683038	-0.00973664
-366.58349692	-0.00988993
-366.55016346	-0.00975783
-366.51683001	-0.00919172
-366.48349655	-0.00842627
-366.45016310	-0.00749567
-366.41682964	-0.00637169
-366.38349618	-0.00519298
-366.35016273	-0.00397069
-366.31682927	-0.00284064
-366.28349582	-0.00170020
-366.25016236	-0.00056838
-366.21682890	0.00025937
-366.18349545	0.00085154
-366.15016199	0.00155980
-366.11682854	0.00177362
-366.08349508	0.00192852
-366.05016162	0.00196924
-366.01682817	0.00187656
-365.98349471	0.00154515
-365.95016126	0.00135994
-365.91682780	0.00120818
-365.88349434	0.00085062
-365.85016089	0.00073360
-365.81682743	0.00065191
-365.78349398	0.00074208
-365.75016052	0.00100843
-365.71682706	0.00134623
-365.68349361	0.00190439
-365.65016015	0.00246205
-365.61682670	0.00302416
-365.58349324	0.00375210
-365.55015978	0.00446826
-365.51682633	0.00479385
-365.48349287	0.00530012
-365.45015942	0.00549331
-365.41682596	0.00551843
-365.38349250	0.00552479
-365.35015905	0.00519192
-365.31682559	0.00456328
-365.28349214	0.00414586
-365.25015868	0.00347108
-365.21682522	0.00283631
-365.18349177	0.00213867
-365.15015831	0.00150545
-365.11682486	0.00098436
-365.08349140	0.00053106
-365.05015794	0.00046660
-365.01682449	0.00036025
-364.98349103	0.00027574
-364.95015758	0.00031373
-364.91682412	0.00047298
-364.88349066	0.00046460
-364.85015721	0.00043181
-364.81682375	0.00039601
-364.78349030	0.00010967
-364.75015684	-0.00024536
-364.71682338	-0.00101955
-364.68348993	-0.00172583
-364.65015647	-0.00255246
-364.61682302	-0.00330757
-364.58348956	-0.00417832
-364.55015610	-0.00489189
-364.51682265	-0.00550208
-364.48348919	-0.00591210
-364.45015574	-0.00588320
-364.41682228	-0.00581822
-364.38348882	-0.00523719
-364.35015537	-0.00455980
-364.31682191	-0.00354224
-364.28348846	-0.00225026
-364.25015500	-0.00100516
-364.21682154	0.00048810
-364.18348809	0.00172849
-364.15015463	0.00299218
-364.11682118	0.00400914
-364.08348772	0.00469684
-364.05015426	0.00507461
-364.01682081	0.00508468
-363.98348735	0.00473827
-363.95015390	0.00416473
-363.91682044	0.00323448
-363.88348698	0.00206897
-363.85015353	0.00075140
-363.81682007	-0.00061242
-363.78348662	-0.00202074
-363.75015316	-0.00334128
-363.71681970	-0.00430520
-363.68348625	-0.00527621
-363.65015279	-0.00597496
-363.61681934	-0.00622088
-363.58348588	-0.00624026
-363.55015242	-0.00602578
-363.51681897	-0.00544458
-363.48348551	-0.00462364
-363.45015206	-0.00379961
-363.41681860	-0.00249163
-363.38348514	-0.00128671
-363.35015169	-0.00012015
-363.31681823	0.00118657
-363.28348478	0.00227159
-363.25015132	0.00308842
-363.21681786	0.00377700
-363.18348441	0.00423921
-363.15015095	0.00445164
-363.11681750	0.00456653
-363.08348404	0.00419914
-363.05015058	0.00372262
-363.01681713	0.00302220
-362.98348367	0.00201791
-362.95015022	0.00103414
-362.91681676	-0.00024301
-362.88348330	-0.00155732
-362.85014985	-0.00292306
-362.81681639	-0.00411680
-362.78348294	-0.00536995
-362.75014948	-0.00649859
-362.71681603	-0.00749665
-362.68348257	-0.00827300
-362.65014911	-0.00909092
-362.61681566	-0.00940235
-362.58348220	-0.00979209
-362.55014875	-0.00998053
-362.51681529	-0.00997018
-362.48348183	-0.00982087
-362.45014838	-0.00972482
-362.41681492	-0.00958566
-362.38348147	-0.00928337
-362.35014801	-0.00899309
-362.31681455	-0.00887178
-362.28348110	-0.00872510
-362.25014764	-0.00862698
-362.21681419	-0.00857857
-362.18348073	-0.00834693
-362.15014727	-0.00816549
-362.11681382	-0.00783931
-362.08348036	-0.00741619
-362.05014691	-0.00663445
-362.01681345	-0.00588042
-361.98347999	-0.00474449
-361.95014654	-0.00339595
-361.91681308	-0.00185987
-361.88347963	-0.00016720
-361.85014617	0.00165632
-361.81681271	0.00350606
-361.78347926	0.00540554
-361.75014580	0.00714371
-361.71681235	0.00885491
-361.68347889	0.01030521
-361.65014543	0.01148434
-361.61681198	0.01235240
-361.58347852	0.01290833
-361.55014507	0.01302478
-361.51681161	0.01280385
-361.48347815	0.01224509
-361.45014470	0.01140910
-361.41681124	0.01036905
-361.38347779	0.00908992
-361.35014433	0.00775802
-361.31681087	0.00627191
-361.28347742	0.00486143
-361.25014396	0.00352972
-361.21681051	0.00231851
-361.18347705	0.00131187
-361.15014359	0.00044624
-361.11681014	-0.00017630
-361.08347668	-0.00063777
-361.05014323	-0.00093316
-361.01680977	-0.00105388
-360.98347631	-0.00103761
-360.95014286	-0.00094496
-360.91680940	-0.00077989
-360.88347595	-0.00059889
-360.85014249	-0.00041229
-360.81680903	-0.00024296
-360.78347558	-0.00011280
-360.75014212	-0.00002252
-360.71680867	0.00003321
-360.68347521	0.00005486
-360.65014175	0.00005321
-360.61680830	0.00003897
-360.58347484	0.00002013
-360.55014139	0.00000532
-360.51680793	0.00000000
