Time (s) 	 Position (mm) 	 Delay (ps) 	 X 	 Y 	 R 	 theta 

6.0813	91.0	607.0883	-4.75722e-06	-3.35278e-07	4.74605e-06	-176.412
7.1372	91.01	607.1550129999999	-4.17235e-06	-4.47037e-08	4.29529e-06	-179.25
8.1604	91.02	607.221726	-4.08667e-06	2.04892e-07	4.06805e-06	177.174
9.1678	91.03	607.2884389999999	-3.59492e-06	-2.23518e-07	3.57629e-06	-176.532
10.1912	91.04	607.355152	-3.80726e-06	-4.91742e-07	3.83335e-06	-172.812
11.2151	91.05	607.4218649999999	-4.02707e-06	-2.83124e-07	4.04197e-06	-176.28
12.2225	91.06	607.488578	-5.26759e-06	-1.11759e-08	5.23034e-06	-179.964
13.2292	91.07	607.5552909999999	-4.56351e-06	1.04309e-07	4.52626e-06	178.35
14.237	91.08	607.622004	-3.91903e-06	1.63914e-07	3.92276e-06	177.432
15.2455	91.09	607.688717	-4.23941e-06	2.30969e-07	4.27294e-06	176.928
16.2687	91.1	607.7554299999999	-3.89668e-06	2.19793e-07	3.86316e-06	177.174
17.2755	91.11	607.822143	-3.73276e-06	5.99775e-07	3.76256e-06	171.132
18.2831	91.12	607.888856	-3.93394e-06	2.943e-07	3.95256e-06	175.65
19.2903	91.13	607.955569	-4.48528e-06	-1.49013e-08	4.45548e-06	-179.568
20.3147	91.14	608.022282	-4.21333e-06	-5.14094e-07	4.24686e-06	-173.376
21.3381	91.15	608.088995	-4.77585e-06	1.26661e-07	4.70507e-06	178.938
22.3619	91.16	608.1557079999999	-4.03079e-06	-7.45064e-09	4.00472e-06	179.856
23.3848	91.17	608.2224209999999	-3.56884e-06	-4.09784e-08	3.55022e-06	-179.676
24.3937	91.18	608.289134	-4.65664e-06	-1.30386e-07	4.63429e-06	-178.68
25.4169	91.19	608.3558469999999	-4.01962e-06	2.19793e-07	4.0755e-06	176.556
26.4242	91.2	608.42256	-3.90041e-06	-4.09784e-08	3.86688e-06	-179.706
27.4323	91.21	608.4892729999999	-4.52998e-06	-2.57047e-07	4.52253e-06	-176.28
28.4395	91.22	608.555986	-3.84453e-06	-1.97441e-07	3.92276e-06	-177.348
29.4623	91.23	608.622699	-4.53743e-06	3.42729e-07	4.48155e-06	175.524
30.4699	91.24	608.689412	-4.489e-06	-1.71364e-07	4.49645e-06	-178.008
31.4783	91.25	608.756125	-4.03824e-06	-3.35278e-08	4.02707e-06	-179.718
32.4858	91.26	608.822838	-4.3847e-06	-2.86849e-07	4.50018e-06	-176.01
33.4939	91.27	608.889551	-4.25804e-06	-5.10368e-07	4.27666e-06	-172.95
34.501	91.28	608.9562639999999	-4.42567e-06	-2.04892e-07	4.40705e-06	-176.916
35.5399	91.29	609.022977	-4.47783e-06	1.49013e-08	4.46293e-06	-179.784
36.5629	91.3	609.0896899999999	-3.85198e-06	-2.27244e-07	3.84453e-06	-176.52
37.5707	91.31	609.156403	-4.7237e-06	2.23519e-08	4.72742e-06	180.0
38.5786	91.32	609.2231159999999	-3.96001e-06	-4.2841e-07	3.90786e-06	-173.208
39.6029	91.33	609.2898289999999	-4.18353e-06	-1.04309e-07	4.15e-06	-178.242
40.6104	91.34	609.356542	-4.49645e-06	0.0	4.51508e-06	-179.958
41.6346	91.35	609.4232549999999	-4.15e-06	1.78815e-07	4.16863e-06	178.044
42.6413	91.36	609.489968	-3.621e-06	-3.12926e-07	3.74021e-06	-175.53
43.6492	91.37	609.556681	-4.64919e-06	-3.72532e-09	4.67527e-06	-179.88
44.6567	91.38	609.623394	-4.52998e-06	-6.55655e-07	4.61939e-06	-171.96
45.6643	91.39	609.690107	-3.94884e-06	-3.6508e-07	3.90041e-06	-174.816
46.6709	91.4	609.75682	-4.18726e-06	-1.49013e-07	4.24313e-06	-178.074
47.7113	91.41	609.8235329999999	-4.24313e-06	1.15484e-07	4.28784e-06	178.716
48.7177	91.42	609.8902459999999	-3.23357e-06	-2.68223e-07	3.2969e-06	-175.134
49.7267	91.43	609.956959	-4.01217e-06	-1.8254e-07	3.99354e-06	-177.222
50.7498	91.44	610.0236719999999	-4.15e-06	2.98025e-08	4.09785e-06	178.878
51.7732	91.45	610.090385	-4.26921e-06	-2.01167e-07	4.23568e-06	-177.606
52.7969	91.46	610.1570979999999	-4.04942e-06	-1.8254e-07	4.0606e-06	-177.408
53.8199	91.47	610.223811	-4.41822e-06	-5.96051e-08	4.39215e-06	-178.998
54.8284	91.48	610.290524	-4.50763e-06	-3.35278e-08	4.62311e-06	-179.676
55.8512	91.49	610.3572369999999	-3.65452e-06	1.26661e-07	3.60237e-06	177.708
56.8591	91.5	610.42395	-4.1649e-06	-2.53322e-07	4.20961e-06	-176.448
57.867	91.51	610.490663	-4.35862e-06	-3.16651e-07	4.39215e-06	-174.912
58.8746	91.52	610.557376	-4.31764e-06	-5.17819e-07	4.36979e-06	-173.238
59.8814	91.53	610.6240889999999	-4.39587e-06	-2.19793e-07	4.42195e-06	-176.946
60.8896	91.54	610.690802	-3.69178e-06	-6.5938e-07	3.74766e-06	-169.734
61.8964	91.55	610.7575149999999	-4.55978e-06	1.11759e-07	4.55978e-06	178.746
62.9048	91.56	610.824228	-5.30857e-06	-3.35278e-08	5.28994e-06	-179.532
63.9124	91.57	610.8909409999999	-4.29156e-06	2.08617e-07	4.28039e-06	177.234
64.9197	91.58	610.9576539999999	-4.51136e-06	-3.50179e-07	4.58586e-06	-176.106
65.9425	91.59	611.024367	-4.29529e-06	6.33304e-08	4.30274e-06	178.848
66.9666	91.6	611.0910799999999	-4.56351e-06	6.33304e-08	4.63802e-06	179.508
67.9903	91.61	611.157793	-4.45175e-06	-1.8254e-07	4.3996e-06	-177.204
69.0133	91.62	611.224506	-4.18353e-06	3.27827e-07	4.31019e-06	175.05
70.0375	91.63	611.291219	-4.05314e-06	-2.86849e-07	3.97864e-06	-175.644
71.0442	91.64	611.357932	-4.14628e-06	-9.6858e-08	4.1351e-06	-178.842
72.0525	91.65	611.4246449999999	-4.21333e-06	-4.47037e-08	4.20961e-06	-179.04
73.0755	91.66	611.491358	-5.17818e-06	-2.60772e-07	5.15956e-06	-177.072
74.0843	91.67	611.5580709999999	-4.16118e-06	-3.83707e-07	4.1053e-06	-174.984
75.091	91.68	611.624784	-4.71625e-06	-2.23518e-07	4.69762e-06	-177.516
76.0984	91.69	611.6914969999999	-4.68644e-06	7.82316e-08	4.71625e-06	178.47
77.1071	91.7	611.75821	-4.4443e-06	2.79399e-07	4.44803e-06	176.562
78.1147	91.71	611.8249229999999	-3.37885e-06	-4.24685e-07	3.45336e-06	-173.382
79.1209	91.72	611.891636	-4.36607e-06	-4.09784e-08	4.35117e-06	-179.382
80.1292	91.73	611.958349	-3.81099e-06	-5.21543e-08	3.79609e-06	-179.244
81.1522	91.74	612.0250619999999	-4.70135e-06	-5.96051e-08	4.70507e-06	-179.19
82.176	91.75	612.091775	-4.32509e-06	-2.23518e-07	4.32509e-06	-176.952
83.1992	91.76	612.158488	-4.62684e-06	-2.12342e-07	4.62311e-06	-177.318
84.223	91.77	612.225201	-3.61727e-06	6.70557e-08	3.66197e-06	179.016
85.2475	91.78	612.291914	-4.66037e-06	-1.34111e-07	4.64547e-06	-178.266
86.2541	91.79	612.358627	-3.93021e-06	-2.3842e-07	3.95256e-06	-176.532
87.3105	91.8	612.4253399999999	-4.65664e-06	-1.7509e-07	4.69017e-06	-177.732
88.3186	91.81	612.4920529999999	-4.79075e-06	-6.70557e-08	4.76468e-06	-178.956
89.3249	91.82	612.5587659999999	-3.55022e-06	-1.71364e-07	3.58747e-06	-177.09
90.3326	91.83	612.6254789999999	-4.40332e-06	-1.04309e-07	4.41077e-06	-179.178
91.3562	91.84	612.692192	-4.1351e-06	-2.86849e-07	4.0755e-06	-175.458
92.3646	91.85	612.7589049999999	-4.02334e-06	-3.6508e-07	3.94511e-06	-174.762
93.3712	91.86	612.825618	-3.14788e-06	2.60772e-07	3.14043e-06	174.84
94.3785	91.87	612.892331	-4.36979e-06	1.56463e-07	4.3996e-06	177.75
95.4018	91.88	612.959044	-3.83335e-06	-1.34111e-07	3.85943e-06	-177.882
96.4256	91.89	613.025757	-4.29156e-06	-2.16068e-07	4.28039e-06	-177.138
97.4489	91.9	613.09247	-3.39003e-06	4.09784e-08	3.32297e-06	178.668
98.4895	91.91	613.159183	-3.92276e-06	-3.24102e-07	3.90413e-06	-174.852
99.5125	91.92	613.2258959999999	-3.24847e-06	2.27244e-07	3.24102e-06	175.998
100.537	91.93	613.292609	-3.96374e-06	-1.04309e-07	3.95256e-06	-178.5
101.5438	91.94	613.3593219999999	-4.23941e-06	-2.98025e-07	4.22451e-06	-175.848
102.5835	91.95	613.426035	-4.39587e-06	-4.09784e-08	4.36234e-06	-179.382
103.5911	91.96	613.4927479999999	-3.99727e-06	-4.02333e-07	4.01217e-06	-174.3
104.5982	91.97	613.5594609999999	-4.09412e-06	-1.37837e-07	4.08295e-06	-177.894
105.606	91.98	613.626174	-4.10157e-06	1.67639e-07	4.09412e-06	177.528
106.6288	91.99	613.6928869999999	-4.1649e-06	1.93716e-07	4.10157e-06	177.09
112.6592	92.0	613.7596	-3.85198e-06	1.15484e-07	3.87061e-06	177.978
113.6824	92.01	613.826313	-3.50924e-06	-9.6858e-08	3.49061e-06	-179.124
114.7059	92.02	613.893026	-4.31764e-06	-1.86265e-07	4.25804e-06	-177.522
115.714	92.03	613.959739	-4.17235e-06	-1.60188e-07	4.15745e-06	-177.558
116.738	92.04	614.026452	-3.94139e-06	9.31327e-08	3.86316e-06	178.608
117.7767	92.05	614.0931649999999	-3.60237e-06	-2.57047e-07	3.69923e-06	-175.56
118.7844	92.06	614.1598779999999	-3.80354e-06	-5.21543e-08	3.78491e-06	-178.788
119.7924	92.07	614.2265909999999	-4.0755e-06	3.72532e-09	4.1202e-06	179.772
120.7999	92.08	614.2933039999999	-4.55978e-06	2.23519e-08	4.58586e-06	179.796
121.8073	92.09	614.360017	-5.14838e-06	2.71948e-07	5.17446e-06	176.874
122.8149	92.1	614.4267299999999	-3.61355e-06	-3.42729e-07	3.56512e-06	-174.168
123.822	92.11	614.493443	-3.52786e-06	-4.47037e-07	3.58374e-06	-172.968
124.83	92.12	614.560156	-4.51508e-06	-7.45063e-08	4.51508e-06	-179.448
125.8372	92.13	614.6268689999999	-4.33999e-06	1.37837e-07	4.36234e-06	178.17
126.8457	92.14	614.693582	-4.48528e-06	-4.09784e-07	4.46665e-06	-174.582
127.8677	92.15	614.760295	-4.93231e-06	-2.60771e-08	4.88761e-06	-179.922
128.8913	92.16	614.827008	-3.76628e-06	-8.56821e-08	3.75138e-06	-178.98
129.9317	92.17	614.893721	-4.27666e-06	-5.14094e-07	4.40705e-06	-173.214
130.9556	92.18	614.960434	-4.23941e-06	-5.73698e-07	4.24686e-06	-172.272
131.9628	92.19	615.0271469999999	-4.82801e-06	-3.53904e-07	4.84291e-06	-176.07
132.9871	92.2	615.09386	-3.93021e-06	-1.67639e-07	3.91531e-06	-177.51
133.9944	92.21	615.1605729999999	-4.15373e-06	-8.56821e-08	4.15373e-06	-179.496
135.0017	92.22	615.2272859999999	-4.02334e-06	-2.86849e-07	3.95629e-06	-176.556
136.0257	92.23	615.293999	-4.18353e-06	3.72531e-08	4.04197e-06	179.274
137.049	92.24	615.3607119999999	-3.20004e-06	2.3842e-07	3.24474e-06	175.5
138.057	92.25	615.427425	-4.70507e-06	1.45287e-07	4.70135e-06	178.218
139.0799	92.26	615.494138	-4.0904e-06	-1.8254e-07	4.05314e-06	-177.546
140.0881	92.27	615.560851	-4.0755e-06	-2.71948e-07	4.09785e-06	-176.184
141.0945	92.28	615.627564	-3.98982e-06	-2.49596e-07	4.01962e-06	-175.458
142.1187	92.29	615.694277	-4.97329e-06	-4.32135e-07	4.96957e-06	-175.386
143.1421	92.3	615.76099	-3.84453e-06	-1.93716e-07	3.8557e-06	-177.186
144.1665	92.31	615.8277029999999	-5.00309e-06	-7.82316e-08	4.96584e-06	-178.842
145.1892	92.32	615.8944159999999	-4.84663e-06	1.34111e-07	4.82801e-06	178.854
146.2126	92.33	615.9611289999999	-4.53743e-06	-2.04892e-07	4.52253e-06	-177.378
147.2373	92.34	616.027842	-3.78118e-06	-2.3842e-07	3.76256e-06	-176.382
148.2601	92.35	616.0945549999999	-4.43685e-06	-2.3842e-07	4.42195e-06	-177.234
149.2835	92.36	616.161268	-4.01217e-06	-2.49596e-07	4.03452e-06	-177.168
150.2913	92.37	616.227981	-4.07922e-06	-1.41562e-07	4.0755e-06	-178.128
151.2981	92.38	616.2946939999999	-4.74977e-06	-3.72531e-07	4.74977e-06	-175.698
152.3068	92.39	616.361407	-4.28411e-06	-4.65663e-07	4.31019e-06	-174.498
153.314	92.4	616.42812	-4.39587e-06	-2.71948e-07	4.36979e-06	-176.628
154.3215	92.41	616.494833	-3.92649e-06	-1.15484e-07	3.91531e-06	-178.83
155.3457	92.42	616.561546	-4.0606e-06	1.11759e-08	4.1053e-06	-179.766
156.3523	92.43	616.628259	-4.84663e-06	-3.5763e-07	4.85408e-06	-175.548