Time (s) 	 Position (mm) 	 Delay (ps) 	 X 	 Y 	 R 	 theta 

1.6896	90.0	600.4169999999999	-8.9861575e-06	2.060565e-06	9.258335000000002e-06	167.07
3.4338	90.01	600.483713	-9.1153775e-06	1.9820975e-06	9.3058325e-06	167.9325
5.1456	90.02	600.5504259999999	-8.920964999999999e-06	1.964405e-06	9.088835000000001e-06	167.3535
6.856	90.03	600.617139	-8.267875e-06	1.4549650000000001e-06	8.41968e-06	170.2515
8.5516	90.04	600.683852	-8.026895e-06	1.6060725e-06	8.263915e-06	168.6645
10.2785	90.05	600.7505649999999	-8.418282499999999e-06	1.8288925e-06	8.613162500000002e-06	167.9685
11.9904	90.06	600.817278	-8.6904625e-06	1.5692875000000001e-06	8.867415e-06	169.6725
13.7009	90.07	600.8839909999999	-8.7461075e-06	1.6850024999999997e-06	8.9007075e-06	169.0005
15.4603	90.08	600.950704	-7.767985e-06	1.7006025e-06	7.94098e-06	167.6805
17.172	90.09	601.017417	-8.215955000000001e-06	1.701765e-06	8.375442499999999e-06	168.1995
18.8829	90.1	601.08413	-8.21735e-06	1.880585e-06	8.4487825e-06	167.067
20.6105	90.11	601.150843	-8.1055925e-06	1.81702e-06	8.3326025e-06	167.211
22.3209	90.12	601.217556	-7.9218875e-06	1.5364575e-06	8.07998e-06	169.14299999999997
24.0318	90.13	601.2842689999999	-8.174974999999999e-06	1.659855e-06	8.35635e-06	168.54000000000002
25.7432	90.14	601.3509819999999	-8.3773025e-06	1.90014e-06	8.520264999999998e-06	167.0205
27.4553	90.15	601.417695	-8.207105e-06	1.3851175e-06	8.3314375e-06	170.49149999999997
29.1672	90.16	601.4844079999999	-8.1395825e-06	1.49059e-06	8.269275e-06	169.431
30.8935	90.17	601.551121	-8.2397e-06	1.908525e-06	8.48557e-06	167.0595
32.6206	90.18	601.617834	-8.115139999999999e-06	1.872665e-06	8.3028e-06	166.9065
34.3321	90.19	601.684547	-8.22154e-06	1.3310974999999999e-06	8.3333e-06	170.865
36.0437	90.2	601.75126	-8.1014e-06	1.29734125e-06	8.2159575e-06	170.628
37.7711	90.21	601.8179729999999	-8.461822499999999e-06	2.2659225e-06	8.804085e-06	165.111
39.482	90.22	601.884686	-8.859730000000001e-06	1.867075e-06	9.0692775e-06	168.138
41.1776	90.23	601.951399	-9.254377499999999e-06	1.4943175e-06	9.3216675e-06	170.808
42.9048	90.24	602.018112	-7.420575e-06	1.89991e-06	7.652729999999999e-06	165.7455
44.6156	90.25	602.0848249999999	-8.4401675e-06	1.9678975e-06	8.6995425e-06	166.92149999999998
46.3267	90.26	602.151538	-8.8469225e-06	1.9820975e-06	9.110724999999999e-06	167.30700000000002
48.0711	90.27	602.2182509999999	-8.93796e-06	2.3183075e-06	9.23971e-06	165.6705
49.781	90.28	602.284964	-8.735397500000001e-06	1.61306e-06	8.888367499999999e-06	169.803
51.4931	90.29	602.351677	-9.06299e-06	1.5364575e-06	9.1842975e-06	170.3295
53.188	90.3	602.4183899999999	-9.0050175e-06	1.7490299999999999e-06	9.131675000000001e-06	168.8625
54.8993	90.31	602.485103	-8.907925e-06	1.71527e-06	9.0737025e-06	169.1505
56.5953	90.32	602.5518159999999	-8.427599999999999e-06	2.2719774999999997e-06	8.771955e-06	164.85750000000002
58.3055	90.33	602.618529	-8.4487825e-06	1.93926e-06	8.720265e-06	167.262
60.0328	90.34	602.685242	-8.5647325e-06	2.1848975e-06	8.8166575e-06	165.645
61.7438	90.35	602.751955	-8.732370000000001e-06	2.1385675e-06	9.032025e-06	166.3905
63.4557	90.36	602.818668	-9.40758e-06	1.7082900000000002e-06	9.4830175e-06	169.7385
65.1837	90.37	602.8853809999999	-8.1386525e-06	1.6093325e-06	8.3333e-06	168.7305
66.9099	90.38	602.9520939999999	-8.577072500000001e-06	1.9436825e-06	8.7365625e-06	167.202
68.6224	90.39	603.0188069999999	-8.9582175e-06	1.3609025000000001e-06	9.0431975e-06	171.4845
70.3169	90.4	603.08552	-8.2143225e-06	1.4891925e-06	8.395e-06	169.6695
72.0118	90.41	603.1522329999999	-8.4811475e-06	1.1848825e-06	8.5970975e-06	172.0815
73.723	90.42	603.218946	-9.01526e-06	1.87616e-06	9.102575e-06	168.35549999999998
75.4343	90.43	603.285659	-8.400355e-06	2.0668524999999997e-06	8.6390075e-06	166.21800000000002
77.1615	90.44	603.352372	-9.05368e-06	2.0680149999999997e-06	9.1761475e-06	167.1975
78.8724	90.45	603.419085	-9.1107225e-06	1.4652099999999998e-06	9.2220125e-06	170.883
80.5999	90.46	603.4857979999999	-7.514887500000001e-06	1.6663775e-06	7.79615e-06	167.622
82.3114	90.47	603.552511	-8.63761e-06	1.8365749999999999e-06	8.8394725e-06	167.97
84.0396	90.48	603.619224	-9.417125e-06	1.974415e-06	9.651120000000001e-06	168.408
85.7497	90.49	603.685937	-8.703735000000002e-06	1.4896575e-06	8.8127e-06	170.409
87.4611	90.5	603.75265	-8.48068e-06	1.9807024999999997e-06	8.704665e-06	166.8945
89.1738	90.51	603.819363	-8.3973275e-06	2.3392625e-06	8.768692499999999e-06	164.6205
90.8838	90.52	603.8860759999999	-7.412210000000001e-06	1.322715e-06	7.617795000000001e-06	170.07
92.595	90.53	603.9527889999999	-9.411075e-06	1.9613775e-06	9.640409999999999e-06	168.19799999999998
94.3066	90.54	604.019502	-7.943075e-06	1.4370395e-06	8.1121125e-06	169.5195
96.0174	90.55	604.0862149999999	-9.170325000000001e-06	1.7935e-06	9.377542500000001e-06	168.9915
97.7289	90.56	604.152928	-7.984985000000001e-06	1.31946e-06	8.1109475e-06	170.709
99.4412	90.57	604.2196409999999	-8.0168825e-06	1.976045e-06	8.22806e-06	165.954
101.1525	90.58	604.286354	-7.486465e-06	1.7001375e-06	7.688349999999999e-06	167.2455
102.8621	90.59	604.353067	-8.8213125e-06	1.6770875e-06	9.004780000000001e-06	169.1655
104.5737	90.6	604.41978	-8.3919725e-06	2.630535e-06	8.852745e-06	162.7695
106.2863	90.61	604.486493	-8.622942500000001e-06	1.90899e-06	8.879755e-06	167.5335
108.012	90.62	604.553206	-8.294182500000001e-06	1.76813e-06	8.477657499999999e-06	167.8395
109.7239	90.63	604.619919	-8.1242175e-06	2.1460175e-06	8.454375e-06	165.381
111.4356	90.64	604.6866319999999	-8.309087499999999e-06	1.94508e-06	8.5123475e-06	166.7445
113.162	90.65	604.753345	-8.99966e-06	2.0791925000000003e-06	9.2473925e-06	167.02949999999998
114.8738	90.66	604.8200579999999	-8.75379e-06	1.53925e-06	8.861125e-06	170.049
116.5691	90.67	604.886771	-8.643430000000001e-06	1.2873275e-06	8.7670625e-06	171.56099999999998
118.2805	90.68	604.953484	-9.00106e-06	1.7960650000000001e-06	9.196637499999999e-06	168.549
120.0077	90.69	605.0201969999999	-9.2988475e-06	1.8936225e-06	9.5042075e-06	168.495
121.7185	90.7	605.08691	-9.046925000000001e-06	1.8354125e-06	9.28651e-06	168.525
123.4306	90.71	605.1536229999999	-9.2604325e-06	1.84007e-06	9.455075e-06	168.6765
125.1409	90.72	605.220336	-9.343087500000001e-06	1.292685e-06	9.443205e-06	172.1625
126.8522	90.73	605.287049	-8.623405e-06	1.8798825e-06	8.7812675e-06	167.637
128.5636	90.74	605.353762	-7.615232499999999e-06	2.0866425e-06	7.8566875e-06	164.7225
130.2752	90.75	605.420475	-8.442497499999999e-06	1.4593875e-06	8.6010575e-06	170.31
131.9865	90.76	605.487188	-8.71258e-06	1.7709175e-06	8.902802499999999e-06	168.5085
133.6815	90.77	605.5539009999999	-8.129802500000002e-06	1.9935075e-06	8.3894125e-06	166.07399999999998
135.4095	90.78	605.6206139999999	-9.265322499999999e-06	1.9020049999999999e-06	9.4283025e-06	168.426
137.1362	90.79	605.687327	-8.2366775e-06	1.7136425e-06	8.391275e-06	168.3105
138.8474	90.8	605.7540399999999	-8.4506475e-06	1.778135e-06	8.589180000000001e-06	168.0975
140.5586	90.81	605.820753	-8.153087499999999e-06	1.49478e-06	8.2818475e-06	169.5105
142.2695	90.82	605.8874659999999	-7.805935e-06	2.3055025e-06	8.1225875e-06	163.476
143.965	90.83	605.954179	-8.21991e-06	1.8722e-06	8.4601925e-06	167.09699999999998
145.6768	90.84	606.020892	-8.62457e-06	2.17605e-06	8.90746e-06	165.69
147.3878	90.85	606.0876049999999	-8.3225875e-06	1.95742e-06	8.525152500000001e-06	166.92749999999998
149.0831	90.86	606.154318	-7.6583075e-06	1.352055e-06	7.802680000000001e-06	169.85999999999999
150.7947	90.87	606.221031	-7.913275e-06	1.5457700000000001e-06	8.07928e-06	169.017
152.5054	90.88	606.287744	-9.351235e-06	1.809335e-06	9.5184075e-06	168.8865
154.2493	90.89	606.3544569999999	-9.324225e-06	1.6673075e-06	9.468580000000001e-06	170.1945
155.961	90.9	606.42117	-9.3593875e-06	1.9518275e-06	9.5356375e-06	168.0825
157.6724	90.91	606.4878829999999	-8.7882525e-06	1.8931575000000001e-06	8.971955e-06	167.655
159.3991	90.92	606.554596	-8.85321e-06	1.38302e-06	9.00292e-06	171.1965
161.0942	90.93	606.621309	-7.9160675e-06	1.400485e-06	8.02154e-06	169.7475
162.8058	90.94	606.6880219999999	-8.529345e-06	1.61632e-06	8.684642500000001e-06	169.314
164.5011	90.95	606.754735	-8.987787500000001e-06	1.92552e-06	9.158685e-06	167.8215
166.2118	90.96	606.8214479999999	-8.42224e-06	1.8267949999999999e-06	8.6418025e-06	167.8275
167.9238	90.97	606.888161	-9.1808025e-06	1.600485e-06	9.310487500000001e-06	170.1735
169.6345	90.98	606.954874	-9.063225e-06	2.1846625e-06	9.348675e-06	166.3515
171.362	90.99	607.021587	-8.9645025e-06	1.91248e-06	9.1652025e-06	167.829
173.0888	91.0	607.0883	-8.8047825e-06	1.506655e-06	8.8904625e-06	170.2815
174.7845	91.01	607.1550129999999	-8.0702025e-06	9.8115675e-07	8.119792500000001e-06	173.1255
176.4963	91.02	607.221726	-8.941685e-06	1.8868675e-06	9.0685775e-06	168.0495
178.1911	91.03	607.2884389999999	-9.023177499999999e-06	2.0773275e-06	9.251585e-06	166.815
179.9023	91.04	607.355152	-8.915375e-06	2.2249425e-06	9.14774e-06	165.942
181.6461	91.05	607.4218649999999	-8.3172325e-06	1.8552025000000002e-06	8.5367925e-06	167.316
183.3726	91.06	607.488578	-8.3260825e-06	2.16627e-06	8.6322525e-06	165.4245
185.0845	91.07	607.5552909999999	-8.313742500000001e-06	2.1865275000000004e-06	8.6061775e-06	165.2985
186.7954	91.08	607.622004	-9.210372499999999e-06	1.28919e-06	9.306995e-06	171.915
188.5224	91.09	607.688717	-8.4723e-06	1.6077e-06	8.6024525e-06	169.01399999999998
190.2503	91.1	607.7554299999999	-8.31537e-06	1.8000275e-06	8.4723e-06	167.9325
191.961	91.11	607.822143	-8.7575175e-06	1.8910600000000002e-06	8.9642725e-06	167.8305
193.6728	91.12	607.888856	-8.457865e-06	1.5883774999999998e-06	8.58336e-06	169.29149999999998
195.3838	91.13	607.955569	-9.1975675e-06	1.8570624999999999e-06	9.4771975e-06	168.663
197.0795	91.14	608.022282	-8.3314375e-06	1.911315e-06	8.5826625e-06	166.947
198.7909	91.15	608.088995	-7.914437500000001e-06	1.804445e-06	8.1551825e-06	167.202
200.5011	91.16	608.1557079999999	-8.15728e-06	1.522255e-06	8.3333e-06	169.413
202.212	91.17	608.2224209999999	-8.47556e-06	1.5548525e-06	8.6033825e-06	169.62150000000003
203.9246	91.18	608.289134	-8.58592e-06	1.865915e-06	8.789185e-06	167.622
205.6352	91.19	608.3558469999999	-9.1177075e-06	2.0370500000000003e-06	9.3894175e-06	167.5785
207.3781	91.2	608.42256	-8.628292500000001e-06	2.1462475e-06	8.931209999999999e-06	166.10250000000002
209.0904	91.21	608.4892729999999	-8.58173e-06	1.8442599999999998e-06	8.8208475e-06	167.9295
210.7846	91.22	608.555986	-8.580567500000002e-06	1.543675e-06	8.747507500000001e-06	169.82999999999998
212.4975	91.23	608.622699	-8.5994225e-06	1.7241225e-06	8.7542575e-06	168.47699999999998
214.2072	91.24	608.689412	-8.38359e-06	1.7068874999999999e-06	8.516535000000001e-06	168.429
215.9195	91.25	608.756125	-8.00245e-06	1.6596225e-06	8.1495975e-06	168.2085
217.6298	91.26	608.822838	-8.7468075e-06	1.728075e-06	8.8974475e-06	168.6945
219.3418	91.27	608.889551	-8.931905e-06	1.9464775e-06	9.14518e-06	167.6295
221.0524	91.28	608.9562639999999	-9.061825e-06	1.604445e-06	9.215727499999999e-06	169.689
222.7645	91.29	609.022977	-8.4469225e-06	1.7832599999999999e-06	8.635047500000001e-06	168.273
224.5071	91.3	609.0896899999999	-8.96753e-06	1.794435e-06	9.13214e-06	168.73200000000003
226.2179	91.31	609.156403	-8.785225e-06	1.993045e-06	8.9612425e-06	167.1045
227.9296	91.32	609.2231159999999	-8.6671775e-06	1.9483375e-06	8.824805e-06	167.36849999999998
229.6575	91.33	609.2898289999999	-8.728645e-06	1.7110824999999999e-06	8.901642500000001e-06	168.888
231.369	91.34	609.356542	-8.9517e-06	1.611895e-06	9.1016425e-06	169.7895
233.0792	91.35	609.4232549999999	-9.1673e-06	2.1360024999999997e-06	9.3998975e-06	166.851
234.8066	91.36	609.489968	-8.426895e-06	1.5886100000000002e-06	8.631089999999999e-06	169.32750000000001
236.5181	91.37	609.556681	-8.03294e-06	1.5669575e-06	8.2350475e-06	168.99450000000002
238.2293	91.38	609.623394	-7.9773025e-06	1.4756875e-06	8.07672e-06	169.4445
239.9244	91.39	609.690107	-7.9642625e-06	2.0291325e-06	8.1870825e-06	165.65550000000002
241.6518	91.4	609.75682	-8.20245e-06	2.2642925e-06	8.482312500000001e-06	164.517
243.3634	91.41	609.8235329999999	-8.4383075e-06	1.93087e-06	8.631325e-06	167.19
245.0742	91.42	609.8902459999999	-8.81363e-06	1.7329675e-06	8.98895e-06	168.8715
246.8022	91.43	609.956959	-8.872769999999999e-06	1.9690625e-06	9.1121175e-06	167.4315
248.5142	91.44	610.0236719999999	-9.25694e-06	2.09386e-06	9.5102575e-06	167.361
250.2246	91.45	610.090385	-9.129347499999999e-06	1.8887300000000002e-06	9.3090925e-06	168.3525
251.9518	91.46	610.1570979999999	-9.03412e-06	2.04613e-06	9.294425e-06	167.24099999999999
253.6466	91.47	610.223811	-8.837145e-06	1.9313425e-06	8.9952375e-06	167.6025
255.358	91.48	610.290524	-8.8143275e-06	1.57371e-06	8.88208e-06	169.7265
257.0537	91.49	610.3572369999999	-8.8180525e-06	2.4684825e-06	9.167065e-06	164.484
258.7971	91.5	610.42395	-9.101407500000001e-06	2.0919975e-06	9.363575e-06	167.106
260.5237	91.51	610.490663	-8.431320000000001e-06	1.7027000000000002e-06	8.611765e-06	168.6465
262.2347	91.52	610.557376	-8.106057499999999e-06	1.754155e-06	8.2604225e-06	167.769
263.9628	91.53	610.6240889999999	-8.3237525e-06	1.236105e-06	8.4294575e-06	171.4455
265.6742	91.54	610.690802	-9.157985e-06	1.511775e-06	9.276730000000001e-06	170.535
267.3851	91.55	610.7575149999999	-8.713975e-06	1.78768e-06	8.8089725e-06	168.16649999999998
269.0955	91.56	610.824228	-8.115137499999999e-06	1.7604424999999997e-06	8.2976775e-06	167.59199999999998
270.8075	91.57	610.8909409999999	-9.0485575e-06	1.7152725e-06	9.2322575e-06	169.329
272.5026	91.58	610.9576539999999	-8.483472499999999e-06	1.6628850000000002e-06	8.648320000000001e-06	168.885
274.1978	91.59	611.024367	-8.586152500000001e-06	1.5611349999999999e-06	8.723055e-06	169.57350000000002
275.9416	91.6	611.0910799999999	-7.6524875e-06	1.4838375e-06	7.776365e-06	168.99450000000002
277.6526	91.61	611.157793	-7.7221175e-06	1.61329e-06	7.866707500000001e-06	168.108
279.364	91.62	611.224506	-8.16706e-06	1.593965e-06	8.2948825e-06	168.8565
281.0747	91.63	611.291219	-8.1647325e-06	1.4884925000000001e-06	8.3139775e-06	169.698
282.7876	91.64	611.357932	-8.9689275e-06	1.6323825e-06	9.12609e-06	169.635
284.5148	91.65	611.4246449999999	-8.8275975e-06	1.737155e-06	8.984760000000001e-06	168.86249999999998
286.2249	91.66	611.491358	-8.534e-06	1.6396025e-06	8.659495e-06	169.23899999999998
287.9206	91.67	611.5580709999999	-7.71093e-06	1.8400699999999998e-06	7.931667500000002e-06	166.653
289.6318	91.68	611.624784	-8.5647325e-06	1.9814025e-06	8.7926775e-06	167.07
291.3592	91.69	611.6914969999999	-8.2220075e-06	1.6482175000000001e-06	8.400355e-06	168.86100000000002
293.086	91.7	611.75821	-7.7365525e-06	1.459625e-06	7.892784999999999e-06	169.2705
294.7969	91.71	611.8249229999999	-9.443905e-06	1.8193475e-06	9.66765e-06	169.101
296.54	91.72	611.891636	-7.9172325e-06	1.8254e-06	8.1419125e-06	167.08499999999998
298.252	91.73	611.958349	-8.608269999999998e-06	1.8535725000000001e-06	8.79896e-06	167.76749999999998
299.9639	91.74	612.0250619999999	-8.574045000000001e-06	1.8391375000000002e-06	8.7840575e-06	168.0795
301.6911	91.75	612.091775	-8.1661275e-06	1.986755e-06	8.374045e-06	166.1955
303.4173	91.76	612.158488	-8.475330000000002e-06	2.3241325e-06	8.7901125e-06	164.6925
305.1131	91.77	612.225201	-8.556587500000001e-06	2.4477649999999998e-06	8.877425e-06	164.0865
306.8398	91.78	612.291914	-8.6317875e-06	2.326225e-06	8.8960525e-06	164.778
308.567	91.79	612.358627	-8.236675e-06	1.4833725e-06	8.351925000000002e-06	169.74
310.278	91.8	612.4253399999999	-9.355892499999999e-06	1.51201e-06	9.456010000000001e-06	170.7735
311.9902	91.81	612.4920529999999	-8.360775e-06	1.9658000000000003e-06	8.56753e-06	166.83599999999998
313.7164	91.82	612.5587659999999	-8.415255e-06	1.3222525e-06	8.534932499999999e-06	171.06300000000002
315.4284	91.83	612.6254789999999	-8.6569325e-06	1.734365e-06	8.83505e-06	168.8115
317.1405	91.84	612.692192	-8.7635675e-06	1.6738275e-06	8.9398225e-06	169.239
318.8511	91.85	612.7589049999999	-8.368690000000001e-06	1.7420475e-06	8.550995e-06	168.22799999999998
320.5465	91.86	612.825618	-8.986387499999998e-06	2.222615e-06	9.255539999999999e-06	166.119
322.2566	91.87	612.892331	-8.84017e-06	1.8940925e-06	9.065319999999999e-06	167.9265
323.9685	91.88	612.959044	-8.23295e-06	1.6572974999999998e-06	8.409205000000001e-06	168.8625
325.712	91.89	613.025757	-9.2068825e-06	1.5418125e-06	9.366835e-06	170.5275
327.4237	91.9	613.09247	-8.494885e-06	2.03775e-06	8.73051e-06	166.473
329.1344	91.91	613.159183	-8.1698525e-06	1.6833725e-06	8.3333e-06	168.276
330.8611	91.92	613.2258959999999	-8.47393e-06	1.8370425e-06	8.6529775e-06	167.8575
332.5568	91.93	613.292609	-8.531904999999999e-06	1.8081675000000002e-06	8.683945e-06	168.0135
334.2683	91.94	613.3593219999999	-8.23784e-06	1.8875675e-06	8.476725e-06	167.28449999999998
335.9641	91.95	613.426035	-8.6248025e-06	1.70549e-06	8.776145e-06	168.882
337.6747	91.96	613.4927479999999	-8.3249175e-06	1.5362224999999999e-06	8.509085e-06	169.55100000000002
339.387	91.97	613.5594609999999	-8.380100000000001e-06	1.908755e-06	8.5766075e-06	167.1795
341.0979	91.98	613.626174	-8.61223e-06	1.2226000000000002e-06	8.68534e-06	171.963
342.8411	91.99	613.6928869999999	-8.234577500000001e-06	1.5648625e-06	8.375675e-06	169.28549999999998
344.5679	92.0	613.7596	-9.2271375e-06	1.6873325e-06	9.366135e-06	169.6665
346.2792	92.01	613.826313	-8.8276e-06	1.6831399999999999e-06	8.961945e-06	169.113
348.0069	92.02	613.893026	-8.093484999999999e-06	1.18558e-06	8.2229375e-06	171.73350000000002
349.7021	92.03	613.959739	-8.568925e-06	1.9013075000000002e-06	8.7891825e-06	167.7075
351.413	92.04	614.026452	-8.541679999999998e-06	2.0775625e-06	8.8099025e-06	166.188
353.1409	92.05	614.0931649999999	-8.4560025e-06	1.7685924999999998e-06	8.636215e-06	168.39600000000002
354.8674	92.06	614.1598779999999	-8.42108e-06	1.2775475e-06	8.5100175e-06	171.414
356.5783	92.07	614.2265909999999	-8.369855e-06	1.7730125000000002e-06	8.5116475e-06	167.9925
358.322	92.08	614.2933039999999	-8.0569325e-06	1.38046e-06	8.21316e-06	170.196
360.0497	92.09	614.360017	-8.734935e-06	1.8992125e-06	8.957055e-06	167.85000000000002
361.761	92.1	614.4267299999999	-8.602685e-06	2.1355375000000002e-06	8.84739e-06	165.99
363.4873	92.11	614.493443	-8.099772500000001e-06	1.6780175e-06	8.2676425e-06	168.306
365.183	92.12	614.560156	-8.0739275e-06	1.7015324999999999e-06	8.2553025e-06	167.97899999999998
366.8783	92.13	614.6268689999999	-9.4273725e-06	2.045895e-06	9.6322625e-06	167.97
368.5895	92.14	614.693582	-9.060895000000001e-06	1.8819825e-06	9.245762500000001e-06	168.0885
370.3004	92.15	614.760295	-8.434815e-06	1.68477e-06	8.6133925e-06	168.6765
372.0123	92.16	614.827008	-8.135624999999999e-06	1.7243499999999998e-06	8.310715e-06	168.0315
373.7235	92.17	614.893721	-8.9035025e-06	2.3075974999999996e-06	9.2385475e-06	165.4155
375.4664	92.18	614.960434	-8.722124999999999e-06	1.6910574999999998e-06	8.8723025e-06	168.906
377.1782	92.19	615.0271469999999	-8.771485e-06	1.6354075e-06	8.959615e-06	169.59900000000002
378.8733	92.2	615.09386	-7.829220000000001e-06	1.324815e-06	7.945405e-06	170.30999999999997
380.5685	92.21	615.1605729999999	-8.8899975e-06	1.971155e-06	9.0692775e-06	167.493
382.2792	92.22	615.2272859999999	-8.46904e-06	2.0398425e-06	8.71095e-06	166.3305
383.9911	92.23	615.293999	-8.5097875e-06	1.5546175e-06	8.6574e-06	169.7025
385.7028	92.24	615.3607119999999	-8.9894175e-06	1.43122e-06	9.1659025e-06	170.92950000000002
387.4301	92.25	615.427425	-9.4962875e-06	1.6349424999999998e-06	9.690695000000002e-06	170.1915
389.1406	92.26	615.494138	-9.456484999999999e-06	1.8696375e-06	9.7130525e-06	168.963
390.852	92.27	615.560851	-9.39687e-06	2.30853e-06	9.655312500000001e-06	166.2315
392.5949	92.28	615.627564	-9.5174775e-06	1.7108475000000001e-06	9.654612500000002e-06	169.8435
394.3062	92.29	615.694277	-8.52003e-06	1.72156e-06	8.6804475e-06	168.567
396.0021	92.3	615.76099	-8.7633375e-06	1.7054925e-06	8.9032675e-06	168.873
397.6971	92.31	615.8277029999999	-8.80152e-06	1.5187624999999999e-06	9.0001275e-06	170.2485
399.424	92.32	615.8944159999999	-8.854842500000002e-06	1.6428575e-06	9.00618e-06	169.45499999999998
401.1358	92.33	615.9611289999999	-8.03388e-06	1.980005e-06	8.2762575e-06	166.0335
402.8459	92.34	616.027842	-8.7994275e-06	1.998165e-06	8.97242e-06	167.055
404.5584	92.35	616.0945549999999	-9.229e-06	1.8486875000000002e-06	9.4008275e-06	168.639
406.2697	92.36	616.161268	-9.2455325e-06	1.3467e-06	9.3260875e-06	171.7455
407.9806	92.37	616.227981	-8.765202499999999e-06	1.9187725e-06	8.9437775e-06	167.7045
409.7243	92.38	616.2946939999999	-8.860895e-06	1.8852400000000002e-06	9.0515825e-06	168.078
411.4516	92.39	616.361407	-8.98313e-06	1.7047924999999999e-06	9.1465775e-06	169.3065
413.1472	92.4	616.42812	-8.5842925e-06	1.515735e-06	8.738195e-06	169.866
414.8733	92.41	616.494833	-8.814095e-06	1.76486e-06	8.9663675e-06	168.615
416.5854	92.42	616.561546	-8.2247975e-06	2.08571e-06	8.4958175e-06	165.8895
418.297	92.43	616.628259	-8.5074575e-06	1.7713825e-06	8.651345e-06	168.17849999999999
420.023	92.44	616.6949719999999	-8.4003525e-06	1.6870975000000002e-06	8.5437775e-06	168.669
421.7345	92.45	616.7616849999999	-8.076720000000002e-06	1.6056099999999998e-06	8.225264999999998e-06	168.7785
423.4466	92.46	616.8283979999999	-8.322115e-06	1.99048e-06	8.6629925e-06	166.629
425.1573	92.47	616.8951109999999	-8.49535e-06	1.6759250000000002e-06	8.638075e-06	168.8595
426.8683	92.48	616.961824	-8.214555000000001e-06	2.0400775000000003e-06	8.4979125e-06	166.077
428.5797	92.49	617.0285369999999	-8.3093175e-06	2.1606825e-06	8.564967500000001e-06	165.3255
430.2908	92.5	617.09525	-8.5277125e-06	1.59746e-06	8.7046625e-06	169.4475
432.0345	92.51	617.161963	-8.754725e-06	1.5900075000000001e-06	8.90606e-06	169.599
433.7453	92.52	617.228676	-8.673465e-06	1.8736000000000002e-06	8.865317500000001e-06	167.7225
435.4567	92.53	617.295389	-8.622942500000001e-06	2.1225024999999998e-06	8.83482e-06	166.0725
437.1846	92.54	617.362102	-8.9647375e-06	1.8531100000000002e-06	9.0862725e-06	168.4185
438.8953	92.55	617.428815	-8.446455e-06	1.4393675e-06	8.6085075e-06	170.349
440.5905	92.56	617.4955279999999	-7.9861475e-06	1.8978125e-06	8.201985e-06	166.587
442.2858	92.57	617.5622409999999	-7.812225000000001e-06	1.8810474999999998e-06	8.022705e-06	166.6395
444.0137	92.58	617.6289539999999	-9.177545e-06	1.879185e-06	9.3575225e-06	168.51299999999998
445.7242	92.59	617.695667	-8.276954999999999e-06	1.8065400000000002e-06	8.4285275e-06	167.64000000000001
447.4353	92.6	617.7623799999999	-8.7628725e-06	1.6135225e-06	8.932140000000002e-06	169.596
449.1798	92.61	617.829093	-8.683245000000002e-06	1.628425e-06	8.826435e-06	169.25549999999998
450.89	92.62	617.895806	-8.7151425e-06	1.8114349999999998e-06	8.8597275e-06	168.1275
452.602	92.63	617.9625189999999	-8.1100175e-06	1.30153e-06	8.198724999999998e-06	170.9385
454.3293	92.64	618.029232	-8.219215e-06	1.363695e-06	8.30303e-06	170.8095
456.0243	92.65	618.095945	-8.723290000000001e-06	1.7639300000000002e-06	8.8546075e-06	168.31350000000003
457.7192	92.66	618.162658	-8.4960475e-06	2.1809425e-06	8.744012499999999e-06	165.438
459.4624	92.67	618.229371	-9.46183e-06	2.4440375e-06	9.7705625e-06	165.41850000000002
461.1744	92.68	618.296084	-8.123985000000001e-06	1.9162075e-06	8.3358625e-06	166.70250000000001
462.8861	92.69	618.362797	-9.2390125e-06	2.3995675e-06	9.584765000000001e-06	165.3675
464.5971	92.7	618.4295099999999	-8.058327499999999e-06	1.8344850000000002e-06	8.302800000000001e-06	167.1105
466.3241	92.71	618.4962229999999	-8.01851e-06	1.6894250000000001e-06	8.1903425e-06	167.94
468.036	92.72	618.5629359999999	-7.9125725e-06	1.695945e-06	8.0532075e-06	167.799
469.746	92.73	618.629649	-8.037605e-06	1.834015e-06	8.195e-06	167.2455
471.4734	92.74	618.6963619999999	-7.9081425e-06	1.0710277499999999e-06	7.977525e-06	172.1805
473.1692	92.75	618.763075	-8.231552500000001e-06	1.9245875e-06	8.4762575e-06	166.857
474.864	92.76	618.829788	-9.022477499999999e-06	2.14136e-06	9.247857499999999e-06	166.62900000000002
476.5595	92.77	618.896501	-8.653444999999999e-06	1.832615e-06	8.9076925e-06	168.21
478.303	92.78	618.963214	-8.6832475e-06	2.1611499999999996e-06	8.940289999999999e-06	165.993
480.0147	92.79	619.029927	-8.238770000000001e-06	1.8295925000000001e-06	8.388015000000001e-06	167.69549999999998
481.7246	92.8	619.09664	-8.772185e-06	1.4943149999999998e-06	8.850415e-06	170.292
483.4521	92.81	619.163353	-8.45111e-06	1.38116e-06	8.5200325e-06	170.88750000000002
485.1635	92.82	619.230066	-8.3461075e-06	1.5944325e-06	8.470434999999998e-06	169.14749999999998
486.8598	92.83	619.2967789999999	-8.7114175e-06	1.3241175e-06	8.7961675e-06	171.17700000000002
488.5868	92.84	619.363492	-8.000582500000001e-06	1.8156225e-06	8.209899999999999e-06	167.28750000000002
490.2819	92.85	619.4302049999999	-8.3437775e-06	1.824235e-06	8.5400525e-06	167.709
491.9933	92.86	619.4969179999999	-8.9647375e-06	1.82703e-06	9.11445e-06	168.447
493.7036	92.87	619.563631	-8.0888275e-06	1.6633500000000001e-06	8.211759999999999e-06	168.2835
495.448	92.88	619.6303439999999	-8.5516975e-06	2.22122e-06	8.815027500000001e-06	165.381
497.1587	92.89	619.697057	-9.6236475e-06	1.773945e-06	9.77522e-06	169.593
498.8698	92.9	619.76377	-9.2141e-06	2.3138849999999998e-06	9.464857499999999e-06	165.9225
500.5973	92.91	619.830483	-8.42457e-06	1.8118975e-06	8.62341e-06	167.82150000000001
502.3081	92.92	619.897196	-8.721195e-06	2.22634e-06	9.04902e-06	165.756
504.0045	92.93	619.9639090000001	-8.8269e-06	1.9788425e-06	9.0979175e-06	167.418
505.6983	92.94	620.030622	-8.6257375e-06	1.7911775e-06	8.8138625e-06	168.2715
507.4098	92.95	620.0973349999999	-8.6357475e-06	2.12413e-06	8.86904e-06	166.2135
509.1214	92.96	620.1640479999999	-9.48232e-06	2.0230825e-06	9.6609e-06	167.9085
510.8484	92.97	620.2307609999999	-8.1624025e-06	1.77022e-06	8.371720000000001e-06	167.7945
512.5754	92.98	620.297474	-8.90979e-06	1.8859399999999999e-06	9.108160000000001e-06	168.1485
514.287	92.99	620.3641869999999	-8.026894999999999e-06	1.173475e-06	8.130972499999999e-06	171.627
515.9981	93.0	620.4309	-8.06648e-06	1.89618e-06	8.31095e-06	166.851
517.8064	90.0	600.4169999999999	-8.13446e-06	1.5711500000000002e-06	8.2776525e-06	169.1895
519.5326	90.01	600.483713	-9.222945e-06	1.4896575e-06	9.329115000000001e-06	170.685
521.2287	90.02	600.5504259999999	-8.5253875e-06	1.604675e-06	8.647155e-06	169.13549999999998
522.9555	90.03	600.617139	-7.998952500000001e-06	1.7255124999999999e-06	8.17265e-06	167.87099999999998
524.667	90.04	600.683852	-9.0457625e-06	2.009345e-06	9.2720725e-06	167.49450000000002
526.4098	90.05	600.7505649999999	-8.6720675e-06	2.0850125e-06	8.8990775e-06	166.5915
528.1209	90.06	600.817278	-7.3919375e-06	1.8121275e-06	7.6166325e-06	166.27800000000002
529.8318	90.07	600.8839909999999	-8.2131575e-06	1.9681275e-06	8.5044325e-06	166.725
531.5593	90.08	600.950704	-8.0532025e-06	1.7192274999999998e-06	8.191272499999999e-06	167.99550000000002
533.2711	90.09	601.017417	-8.4047775e-06	1.6861675e-06	8.516772500000001e-06	168.6735
534.9822	90.1	601.08413	-8.3917425e-06	2.1953725e-06	8.6560025e-06	165.2115
536.6943	90.11	601.150843	-8.57265e-06	2.1306499999999997e-06	8.8045475e-06	166.146
538.4047	90.12	601.217556	-8.4504125e-06	1.9401925e-06	8.6669475e-06	167.07150000000001
540.1319	90.13	601.2842689999999	-9.12376e-06	1.8247024999999998e-06	9.2832475e-06	168.534
541.875	90.14	601.3509819999999	-7.9975575e-06	1.758345e-06	8.2306225e-06	167.571
543.6023	90.15	601.417695	-8.74215e-06	1.9115525e-06	8.961245e-06	167.7945
545.3298	90.16	601.4844079999999	-9.015259999999999e-06	1.8216749999999998e-06	9.1647375e-06	168.534
547.0565	90.17	601.551121	-8.0452875e-06	1.1716125e-06	8.1028e-06	171.75
548.7694	90.18	601.617834	-8.201982500000001e-06	1.7366925000000001e-06	8.416652499999999e-06	168.25650000000002
550.4795	90.19	601.684547	-8.595932499999999e-06	1.7730125e-06	8.77521e-06	168.183
552.2062	90.2	601.75126	-8.9523975e-06	1.9828e-06	9.2092075e-06	167.553
553.9193	90.21	601.8179729999999	-8.2664775e-06	1.8396025e-06	8.4879e-06	167.598
555.6288	90.22	601.884686	-8.2241025e-06	1.5935025e-06	8.406875e-06	169.37400000000002
557.3725	90.23	601.951399	-8.9121175e-06	1.5199249999999999e-06	9.046927499999998e-06	170.33550000000002
559.0834	90.24	602.018112	-8.35635e-06	1.8570625e-06	8.5426175e-06	167.51549999999997
560.7961	90.25	602.0848249999999	-8.7868525e-06	2.0398399999999998e-06	9.01107e-06	167.085
562.5222	90.26	602.151538	-8.630625e-06	2.1653399999999997e-06	8.917705e-06	166.0725
564.2337	90.27	602.2182509999999	-9.105135e-06	2.5385674999999996e-06	9.463225e-06	164.58749999999998
565.9287	90.28	602.284964	-8.1346975e-06	1.31294e-06	8.19104e-06	170.8635
567.6403	90.29	602.351677	-7.87019e-06	1.915275e-06	8.148897499999999e-06	166.45499999999998
569.351	90.3	602.4183899999999	-9.23482e-06	2.121335e-06	9.4911675e-06	167.166
571.0791	90.31	602.485103	-8.702567500000001e-06	1.68477e-06	8.8166575e-06	169.113
572.8067	90.32	602.5518159999999	-8.471365e-06	1.7425124999999999e-06	8.6282975e-06	168.3585
574.5331	90.33	602.618529	-9.5072325e-06	1.85427e-06	9.6618325e-06	168.95999999999998
576.2451	90.34	602.685242	-9.5507725e-06	2.0289e-06	9.738442500000001e-06	167.709
577.9563	90.35	602.751955	-7.9966275e-06	1.6051425000000001e-06	8.161470000000001e-06	168.65550000000002
579.6681	90.36	602.818668	-8.3291075e-06	1.4735925e-06	8.449252499999999e-06	169.986
581.3792	90.37	602.8853809999999	-8.7742775e-06	2.2363525000000004e-06	9.069742500000002e-06	165.5415
583.0743	90.38	602.9520939999999	-9.0085075e-06	2.2724425e-06	9.279525e-06	165.8385
584.8009	90.39	603.0188069999999	-8.5265475e-06	1.704795e-06	8.656935e-06	168.67950000000002
586.512	90.4	603.08552	-8.0462225e-06	1.369515e-06	8.22946e-06	170.25900000000001
588.2233	90.41	603.1522329999999	-9.3368e-06	2.0915325e-06	9.524925e-06	167.238
589.9665	90.42	603.218946	-8.8890675e-06	1.8517125e-06	9.097215000000001e-06	168.5265
591.6937	90.43	603.285659	-8.5821975e-06	1.893855e-06	8.750997500000001e-06	167.4
593.4067	90.44	603.352372	-9.263460000000001e-06	2.1215675e-06	9.4920975e-06	167.0775
595.1328	90.45	603.419085	-8.31514e-06	1.6875649999999998e-06	8.46252e-06	168.435
596.8445	90.46	603.4857979999999	-8.8743975e-06	1.7851225e-06	8.9512325e-06	168.48749999999998
598.5552	90.47	603.552511	-8.709557500000001e-06	1.8391400000000001e-06	8.8804525e-06	167.886
600.2664	90.48	603.619224	-8.811532499999999e-06	1.48314e-06	8.925852499999999e-06	170.1705
601.978	90.49	603.685937	-8.304895e-06	2.0638275e-06	8.550067499999999e-06	166.1565
603.6895	90.5	603.75265	-8.2995325e-06	1.7746425e-06	8.5733475e-06	168.096
605.4164	90.51	603.819363	-8.8245725e-06	1.8731325e-06	9.0308625e-06	168.06149999999997
607.1593	90.52	603.8860759999999	-7.393332500000001e-06	9.231805e-07	7.47553e-06	172.8975
608.8709	90.53	603.9527889999999	-7.725605e-06	1.8014225000000001e-06	7.952855e-06	166.76850000000002
610.598	90.54	604.019502	-8.952862500000001e-06	1.9127149999999997e-06	9.06299e-06	167.751
612.2929	90.55	604.0862149999999	-8.1570475e-06	1.91621e-06	8.3670625e-06	166.788
614.0049	90.56	604.152928	-9.1358675e-06	1.45101e-06	9.277892500000001e-06	170.97
615.716	90.57	604.2196409999999	-8.923989999999999e-06	1.9341349999999997e-06	9.161477499999999e-06	167.79149999999998
617.4431	90.58	604.286354	-7.7833475e-06	1.6137550000000001e-06	8.0138475e-06	168.46050000000002
619.1542	90.59	604.353067	-8.7912775e-06	2.0209825e-06	9.0343525e-06	167.15699999999998
620.8664	90.6	604.41978	-8.822475e-06	2.2992175000000003e-06	9.0487875e-06	165.29399999999998
622.6085	90.61	604.486493	-8.4445925e-06	1.893155e-06	8.601287500000001e-06	167.529
624.3195	90.62	604.553206	-8.524222499999999e-06	1.41236e-06	8.615489999999998e-06	170.54999999999998
626.0156	90.63	604.619919	-8.260657499999999e-06	2.025175e-06	8.4709025e-06	166.0635
627.7266	90.64	604.6866319999999	-8.0774125e-06	1.8670800000000002e-06	8.358445000000001e-06	167.058
629.4384	90.65	604.753345	-9.513054999999999e-06	1.8826775000000001e-06	9.71934e-06	168.76350000000002
631.1491	90.66	604.8200579999999	-8.3295725e-06	2.2018949999999997e-06	8.70094e-06	165.345
632.8605	90.67	604.886771	-7.892782499999999e-06	1.6046774999999998e-06	8.013622499999999e-06	168.5055
634.5884	90.68	604.953484	-7.9637975e-06	1.01118975e-06	8.029225000000001e-06	172.4145
636.2998	90.69	605.0201969999999	-8.872535e-06	2.37093e-06	9.175215000000001e-06	164.895
638.0104	90.7	605.08691	-8.6371425e-06	1.07754925e-06	8.6990775e-06	172.7655
639.7541	90.71	605.1536229999999	-8.9302775e-06	1.8882700000000002e-06	9.1984975e-06	168.192
641.4807	90.72	605.220336	-8.212919999999999e-06	1.58302375e-06	8.531205000000001e-06	169.059
643.192	90.73	605.287049	-8.90001e-06	2.2046875000000002e-06	9.18546e-06	165.97050000000002
644.9198	90.74	605.353762	-9.43715e-06	1.9946725e-06	9.640177500000001e-06	168.0795
646.6311	90.75	605.420475	-8.797794999999999e-06	1.6125925e-06	8.9205e-06	169.46699999999998
648.342	90.76	605.487188	-7.55726e-06	1.8209725e-06	7.816175e-06	166.5825
650.0686	90.77	605.5539009999999	-8.6888325e-06	1.7278424999999998e-06	8.8262025e-06	168.58049999999997
651.7801	90.78	605.6206139999999	-8.8427325e-06	1.65031e-06	8.95263e-06	169.44299999999998
653.491	90.79	605.687327	-8.357047500000001e-06	1.4747575e-06	8.5088525e-06	169.9995
655.2351	90.8	605.7540399999999	-9.050185e-06	1.9511325e-06	9.3156125e-06	167.96699999999998
656.9457	90.81	605.820753	-9.0872025e-06	1.52365e-06	9.1775425e-06	170.6415
658.6412	90.82	605.8874659999999	-7.749825e-06	1.6526425e-06	7.93446e-06	167.97899999999998
660.336	90.83	605.954179	-8.487665e-06	1.53925e-06	8.60478e-06	169.761
662.0475	90.84	606.020892	-8.6897625e-06	1.9355325e-06	8.832025e-06	167.43300000000002
663.7756	90.85	606.0876049999999	-8.68115e-06	1.93437e-06	8.82597e-06	167.265
665.4857	90.86	606.154318	-9.5712625e-06	2.0444975e-06	9.730984999999998e-06	167.66249999999997
667.1975	90.87	606.221031	-8.627830000000001e-06	1.8628875e-06	8.8676475e-06	167.7675
668.9087	90.88	606.287744	-8.21991e-06	1.5804624999999999e-06	8.384755e-06	168.9075
670.6199	90.89	606.3544569999999	-8.5901125e-06	1.7529900000000001e-06	8.7272475e-06	168.4665
672.3644	90.9	606.42117	-8.8653175e-06	1.64123e-06	8.988485000000001e-06	169.3125
674.0911	90.91	606.4878829999999	-8.496745e-06	1.424465e-06	8.561005e-06	170.4375
675.7851	90.92	606.554596	-8.236675e-06	1.6524075e-06	8.48743e-06	168.7095
677.5129	90.93	606.621309	-8.7118825e-06	2.3001475e-06	8.9747475e-06	165.0645
679.2248	90.94	606.6880219999999	-8.354255e-06	1.720625e-06	8.52352e-06	168.291
680.9364	90.95	606.754735	-8.6464575e-06	2.088505e-06	8.908857499999999e-06	166.38750000000002
682.6628	90.96	606.8214479999999	-9.293727499999999e-06	2.1844325000000004e-06	9.5898875e-06	166.752
684.3747	90.97	606.888161	-8.798962499999999e-06	2.0789575e-06	9.0653175e-06	166.773
686.0856	90.98	606.954874	-9.1053675e-06	1.6642800000000002e-06	9.286275000000001e-06	169.75650000000002
687.8126	90.99	607.021587	-8.450180000000001e-06	1.6682375e-06	8.57521e-06	168.8835
689.5248	91.0	607.0883	-8.9049e-06	2.1129525e-06	9.101410000000001e-06	166.46099999999998
691.2354	91.01	607.1550129999999	-8.54145e-06	1.6901275e-06	8.720035e-06	168.7035
692.9472	91.02	607.221726	-7.7584275e-06	1.5979225e-06	7.997085e-06	168.38400000000001
694.6746	91.03	607.2884389999999	-8.244359999999999e-06	2.3085325e-06	8.5761425e-06	164.436
696.3852	91.04	607.355152	-7.4392100000000006e-06	1.5650925000000002e-06	7.667622499999999e-06	168.219
698.0968	91.05	607.4218649999999	-8.30443e-06	1.8205074999999999e-06	8.5593775e-06	167.754
699.824	91.06	607.488578	-8.168687500000001e-06	1.818185e-06	8.363105e-06	167.532
701.5355	91.07	607.5552909999999	-8.9379625e-06	1.8833775e-06	9.1479725e-06	167.96699999999998
703.2468	91.08	607.622004	-9.239015e-06	2.2370525e-06	9.4632275e-06	166.386
704.974	91.09	607.688717	-8.2802175e-06	1.8393725000000003e-06	8.4865025e-06	167.59349999999998
706.7168	91.1	607.7554299999999	-8.719100000000001e-06	2.03309e-06	9.00595e-06	166.9935
708.4285	91.11	607.822143	-8.012459999999999e-06	1.9755825e-06	8.276255e-06	166.10399999999998
710.1555	91.12	607.888856	-8.287665000000001e-06	2.1024775e-06	8.5810325e-06	165.876
711.8666	91.13	607.955569	-8.178235e-06	1.57371e-06	8.282545e-06	169.2105
713.5786	91.14	608.022282	-8.4115325e-06	1.70875e-06	8.52329e-06	168.3675
715.3051	91.15	608.088995	-8.057164999999999e-06	1.30456e-06	8.1549525e-06	170.83499999999998
717.0179	91.16	608.1557079999999	-7.6906725e-06	1.421205e-06	7.91838e-06	169.644
718.7288	91.17	608.2224209999999	-8.573579999999999e-06	1.8645175e-06	8.8147925e-06	167.75549999999998
720.4555	91.18	608.289134	-8.676725000000001e-06	1.8556674999999997e-06	8.8483175e-06	167.859
722.1822	91.19	608.3558469999999	-8.85973e-06	1.908525e-06	9.0716075e-06	167.904
723.8933	91.2	608.42256	-7.625945000000001e-06	1.0996675e-06	7.7139625e-06	171.774
725.605	91.21	608.4892729999999	-8.9663675e-06	1.703165e-06	9.10327e-06	169.41449999999998
727.3318	91.22	608.555986	-8.4031475e-06	1.9315775000000004e-06	8.58732e-06	166.95
729.0432	91.23	608.622699	-8.957285e-06	2.014465e-06	9.188255e-06	167.37149999999997
730.7545	91.24	608.689412	-8.4259675e-06	1.4414625e-06	8.5838275e-06	170.25900000000001
732.4818	91.25	608.756125	-8.63342e-06	1.617715e-06	8.8106025e-06	169.236
734.1929	91.26	608.822838	-8.611765e-06	1.54903e-06	8.7808e-06	169.7355
735.8882	91.27	608.889551	-8.6073425e-06	1.7371575e-06	8.7805675e-06	168.60150000000002
737.6003	91.28	608.9562639999999	-9.0767275e-06	1.810965e-06	9.2699775e-06	168.77550000000002
739.3423	91.29	609.022977	-8.574745000000001e-06	2.1800075e-06	8.857400000000001e-06	165.7425
741.0696	91.3	609.0896899999999	-8.4671775e-06	1.7942e-06	8.6825475e-06	167.883
742.7966	91.31	609.156403	-8.63691e-06	1.4463525e-06	8.70606e-06	170.4855
744.5091	91.32	609.2231159999999	-7.926535e-06	1.8118975000000002e-06	8.1910425e-06	167.0745
746.2207	91.33	609.2898289999999	-8.592675e-06	2.046595e-06	8.84506e-06	166.5315
747.947	91.34	609.356542	-9.2662525e-06	2.0444999999999997e-06	9.5077e-06	167.5995
749.658	91.35	609.4232549999999	-8.9775425e-06	1.858e-06	9.1216625e-06	168.1245
751.3534	91.36	609.489968	-7.9121025e-06	1.5965299999999999e-06	8.134687500000001e-06	168.5745
753.0814	91.37	609.556681	-8.683245e-06	1.7965275e-06	8.839705e-06	168.1935
754.8082	91.38	609.623394	-9.235055e-06	1.99444e-06	9.4590375e-06	167.77800000000002
756.5195	91.39	609.690107	-8.81014e-06	1.6347125e-06	9.0117675e-06	169.467
758.2307	91.4	609.75682	-8.4879e-06	1.3555475e-06	8.6448275e-06	170.9235
759.9582	91.41	609.8235329999999	-8.39244e-06	2.024475e-06	8.64343e-06	166.3425
761.6693	91.42	609.8902459999999	-8.1537875e-06	1.8063099999999998e-06	8.382195e-06	167.59949999999998
763.3804	91.43	609.956959	-8.0296875e-06	1.42982e-06	8.123055e-06	169.7835
765.0921	91.44	610.0236719999999	-8.2261975e-06	1.7385524999999998e-06	8.4268975e-06	168.0975
766.8028	91.45	610.090385	-8.72492e-06	2.1774474999999996e-06	8.9808025e-06	165.981
768.4979	91.46	610.1570979999999	-8.0792825e-06	1.6151524999999999e-06	8.23202e-06	168.75599999999997
770.2581	91.47	610.223811	-8.740055e-06	1.4945475000000002e-06	8.877427500000001e-06	170.3775
771.9691	91.48	610.290524	-8.863455e-06	1.7860499999999998e-06	9.03598e-06	168.54899999999998
773.6796	91.49	610.3572369999999	-9.103735e-06	1.83541e-06	9.317475e-06	168.693
775.4071	91.5	610.42395	-8.8590325e-06	2.0312275000000004e-06	9.062525e-06	166.98149999999998
777.1184	91.51	610.490663	-8.177535e-06	1.7806975e-06	8.3025675e-06	167.553
778.8311	91.52	610.557376	-7.89394e-06	1.6123625e-06	8.0920875e-06	168.5385
780.5575	91.53	610.6240889999999	-7.6264124999999995e-06	1.4819725e-06	7.79848e-06	169.248
782.2687	91.54	610.690802	-8.673229999999999e-06	2.2493925000000003e-06	9.01945e-06	165.558
783.9641	91.55	610.7575149999999	-8.8189825e-06	1.73157e-06	9.046927499999998e-06	168.84
785.691	91.56	610.824228	-8.124917499999999e-06	1.5541525e-06	8.283009999999999e-06	169.11599999999999
787.4339	91.57	610.8909409999999	-8.684177499999999e-06	1.6526375000000001e-06	8.830625e-06	169.27050000000003
789.1459	91.58	610.9576539999999	-8.5791675e-06	1.6966425e-06	8.75356e-06	168.816
790.8732	91.59	611.024367	-9.3002475e-06	1.7506625e-06	9.46346e-06	169.4415
792.5843	91.6	611.0910799999999	-9.0515825e-06	2.4053875e-06	9.3330725e-06	165.2115
794.2948	91.61	611.157793	-9.3279525e-06	2.02564e-06	9.553565e-06	167.712
796.0382	91.62	611.224506	-8.14331e-06	2.2628949999999996e-06	8.503265000000001e-06	164.688
797.7499	91.63	611.291219	-8.466712499999999e-06	1.625865e-06	8.651115e-06	169.0215
799.445	91.64	611.357932	-7.93842e-06	1.1350545e-06	8.0241025e-06	171.72449999999998
801.1719	91.65	611.4246449999999	-8.982897500000002e-06	2.14694e-06	9.2688125e-06	166.503
802.8999	91.66	611.491358	-8.7768425e-06	1.9292475e-06	8.8953525e-06	167.415
804.611	91.67	611.5580709999999	-9.0061775e-06	1.7175975e-06	9.120735000000001e-06	169.1895
806.322	91.68	611.624784	-8.906995000000001e-06	2.5460200000000004e-06	9.27836e-06	164.2155
808.0488	91.69	611.6914969999999	-8.661127500000001e-06	2.0004925e-06	8.890465e-06	167.1615
809.761	91.7	611.75821	-8.3419125e-06	1.4971075000000001e-06	8.482315e-06	169.5
811.472	91.71	611.8249229999999	-8.5333e-06	1.749265e-06	8.761707500000002e-06	168.453
813.2005	91.72	611.891636	-8.6627525e-06	2.09712e-06	8.9565875e-06	166.38299999999998
814.9104	91.73	611.958349	-9.1125825e-06	2.1171425e-06	9.3021075e-06	166.86
816.6372	91.74	612.0250619999999	-8.547505e-06	1.8919925e-06	8.721195e-06	167.7705
818.3808	91.75	612.091775	-8.650414999999999e-06	1.5038575000000001e-06	8.7828975e-06	170.142
820.0923	91.76	612.158488	-9.22737e-06	1.397225e-06	9.340760000000001e-06	171.18300000000002
821.8037	91.77	612.225201	-9.0343525e-06	1.8403025e-06	9.213867500000001e-06	168.255
823.531	91.78	612.291914	-8.38592e-06	2.2202875e-06	8.748435e-06	165.3915
825.242	91.79	612.358627	-7.9458725e-06	1.5795299999999999e-06	8.082775e-06	168.69
826.9529	91.8	612.4253399999999	-9.45019e-06	2.08594e-06	9.68232e-06	167.427
828.6813	91.81	612.4920529999999	-8.282775000000001e-06	1.594665e-06	8.452977499999999e-06	169.125
830.3919	91.82	612.5587659999999	-8.785692499999999e-06	2.05102e-06	8.996635e-06	166.857
832.1035	91.83	612.6254789999999	-8.3759075e-06	1.5571775e-06	8.486034999999999e-06	169.5555
833.8465	91.84	612.692192	-8.6920925e-06	1.5997850000000001e-06	8.8723025e-06	169.4955
835.5732	91.85	612.7589049999999	-8.418285e-06	1.7590425e-06	8.612e-06	168.219
837.2849	91.86	612.825618	-8.3842875e-06	2.023545e-06	8.6336525e-06	166.5435
839.012	91.87	612.892331	-8.37754e-06	2.02657e-06	8.582195e-06	166.4895
840.724	91.88	612.959044	-8.1451725e-06	1.522255e-06	8.2972125e-06	169.3665
842.4342	91.89	613.025757	-8.647155e-06	1.5045575e-06	8.779637499999999e-06	170.139
844.1616	91.9	613.09247	-9.065319999999999e-06	1.861025e-06	9.23412e-06	168.4005
845.8581	91.91	613.159183	-8.803617500000001e-06	2.0463599999999998e-06	9.0397075e-06	166.9365
847.5698	91.92	613.2258959999999	-8.2255e-06	1.324115e-06	8.362869999999999e-06	170.8425
849.3281	91.93	613.292609	-8.337724999999998e-06	2.2004975e-06	8.6131625e-06	165.0915
851.071	91.94	613.3593219999999	-8.392207500000001e-06	1.7404175e-06	8.5554175e-06	168.165
852.7815	91.95	613.426035	-8.370785e-06	1.9061974999999999e-06	8.560545e-06	167.1345
854.4945	91.96	613.4927479999999	-8.3239875e-06	1.4614825e-06	8.4564675e-06	170.23499999999999
856.205	91.97	613.5594609999999	-8.57521e-06	1.46521e-06	8.666480000000001e-06	170.31
857.9161	91.98	613.626174	-8.4497175e-06	1.8580000000000003e-06	8.6317875e-06	167.451
859.6432	91.99	613.6928869999999	-8.576145e-06	1.9273825e-06	8.849255e-06	167.2785
861.3392	92.0	613.7596	-8.274625e-06	2.1485775e-06	8.601055e-06	165.5325
863.0331	92.01	613.826313	-8.6955825e-06	2.020985e-06	8.93377e-06	166.917
864.7461	92.02	613.893026	-8.639472499999999e-06	2.57908e-06	9.022945e-06	163.656
866.4879	92.03	613.959739	-8.685802500000001e-06	1.4312175000000001e-06	8.7880175e-06	170.64300000000003
868.1998	92.04	614.026452	-8.6965175e-06	2.2563775e-06	8.9496025e-06	165.672
869.9115	92.05	614.0931649999999	-8.6615925e-06	1.4139875e-06	8.8194475e-06	170.7855
871.6381	92.06	614.1598779999999	-8.6641525e-06	1.5406475e-06	8.784757499999998e-06	169.74450000000002
873.3495	92.07	614.2265909999999	-9.0720725e-06	2.2386825e-06	9.33354e-06	166.30349999999999
875.0611	92.08	614.2933039999999	-8.4946525e-06	1.5080524999999999e-06	8.6282975e-06	169.893
876.8195	92.09	614.360017	-8.675560000000001e-06	1.9492675e-06	8.85228e-06	167.145
878.532	92.1	614.4267299999999	-8.9319075e-06	1.970225e-06	9.153095e-06	167.73149999999998
880.2744	92.11	614.493443	-8.4855725e-06	1.7567149999999998e-06	8.6390075e-06	168.198
882.0344	92.12	614.560156	-8.840405000000001e-06	2.00096e-06	9.02318e-06	167.25900000000001
883.7622	92.13	614.6268689999999	-9.137965e-06	1.6649775e-06	9.265085e-06	169.7295
885.4885	92.14	614.693582	-8.0345775e-06	1.4526349999999998e-06	8.1344625e-06	169.63649999999998
887.2007	92.15	614.760295	-9.2432025e-06	1.7234200000000002e-06	9.43622e-06	169.584
888.9112	92.16	614.827008	-8.695117499999999e-06	1.4668400000000001e-06	8.864155e-06	170.3775
890.6383	92.17	614.893721	-9.013165e-06	1.941585e-06	9.248322499999999e-06	167.80349999999999
892.3505	92.18	614.960434	-8.8986125e-06	1.5867475e-06	9.0276e-06	169.923
894.061	92.19	615.0271469999999	-9.3572875e-06	1.6354100000000001e-06	9.436217499999999e-06	170.1165
895.8199	92.2	615.09386	-8.7165375e-06	1.7455375e-06	8.8587975e-06	168.5385
897.532	92.21	615.1605729999999	-8.5293425e-06	1.6712649999999999e-06	8.6804525e-06	168.8505
899.2428	92.22	615.2272859999999	-8.138885e-06	2.060795e-06	8.4294575e-06	165.72150000000002
900.971	92.23	615.293999	-8.639937500000001e-06	1.8572975e-06	8.877890000000001e-06	167.877
902.6817	92.24	615.3607119999999	-8.669972499999998e-06	1.574175e-06	8.8126975e-06	169.98149999999998
904.3928	92.25	615.427425	-7.6266425e-06	1.74973e-06	7.78916e-06	166.935
906.1211	92.26	615.494138	-7.987545e-06	1.5415775000000001e-06	8.11677e-06	168.909
907.8316	92.27	615.560851	-9.1132825e-06	1.9755825e-06	9.3074625e-06	167.727
909.5438	92.28	615.627564	-9.347509999999999e-06	1.8908300000000002e-06	9.550305e-06	168.6675
911.2855	92.29	615.694277	-8.525152500000001e-06	1.604445e-06	8.7300425e-06	169.4055
913.0128	92.3	615.76099	-8.044122500000001e-06	1.468705e-06	8.24529e-06	169.6365
914.7235	92.31	615.8277029999999	-8.666015e-06	1.5969925e-06	8.848555e-06	169.53
916.4518	92.32	615.8944159999999	-8.0525075e-06	1.9283175e-06	8.2825425e-06	166.5615
918.1624	92.33	615.9611289999999	-8.2869675e-06	1.73273e-06	8.4252675e-06	168.1455
919.8751	92.34	616.027842	-8.4045475e-06	2.032625e-06	8.595000000000002e-06	166.344
921.6008	92.35	616.0945549999999	-9.250884999999999e-06	1.6433274999999998e-06	9.375915e-06	169.992
923.3131	92.36	616.161268	-8.54145e-06	1.9075925e-06	8.758915000000001e-06	167.45100000000002
925.0077	92.37	616.227981	-9.37382e-06	1.8717375e-06	9.60688e-06	168.726
926.7188	92.38	616.2946939999999	-7.715352499999999e-06	1.8787174999999999e-06	7.967755e-06	166.39049999999997
928.4636	92.39	616.361407	-8.611535e-06	1.65683e-06	8.783127500000001e-06	169.173
930.1737	92.4	616.42812	-8.8716025e-06	1.66079e-06	8.9835975e-06	169.4625
931.8851	92.41	616.494833	-8.904435000000001e-06	1.95928e-06	9.0760325e-06	167.544
933.6124	92.42	616.561546	-8.402447500000001e-06	2.0007275e-06	8.675095e-06	166.6005
935.3238	92.43	616.628259	-8.511415e-06	2.0675475e-06	8.753560000000001e-06	166.53
937.0359	92.44	616.6949719999999	-8.6753275e-06	1.83704e-06	8.873932499999999e-06	168.168
938.7625	92.45	616.7616849999999	-8.6879025e-06	1.5886125e-06	8.8769625e-06	169.7235
940.4733	92.46	616.8283979999999	-8.022004999999999e-06	1.7536875e-06	8.2185125e-06	167.577
942.1842	92.47	616.8951109999999	-8.770089999999999e-06	1.6160850000000003e-06	8.911419999999999e-06	169.44150000000002
943.9286	92.48	616.961824	-8.624105e-06	1.809105e-06	8.7614725e-06	168.1755
945.656	92.49	617.0285369999999	-8.874865e-06	1.7462375e-06	8.99547e-06	168.9225
947.3671	92.5	617.09525	-9.129117500000002e-06	1.5450725e-06	9.2287675e-06	170.33849999999998
949.0948	92.51	617.161963	-9.0450625e-06	1.52272e-06	9.1551875e-06	170.562
950.8053	92.52	617.228676	-8.897915e-06	1.5553125000000002e-06	9.0837125e-06	170.16299999999998
952.5166	92.53	617.295389	-8.73982e-06	1.9141125e-06	8.978240000000001e-06	167.655
954.2434	92.54	617.362102	-8.5526275e-06	2.255675e-06	8.86066e-06	165.3555
955.9546	92.55	617.428815	-8.31304e-06	1.6766199999999999e-06	8.459725e-06	168.414
957.65	92.56	617.4955279999999	-8.839940000000001e-06	1.5080524999999999e-06	8.906995e-06	170.2515
959.3776	92.57	617.5622409999999	-9.024575e-06	1.82494e-06	9.2003625e-06	168.6405
961.1041	92.58	617.6289539999999	-9.3638075e-06	2.19444e-06	9.597802500000002e-06	166.94400000000002
962.816	92.59	617.695667	-8.8809175e-06	2.0931624999999996e-06	9.161942499999999e-06	166.81799999999998
964.5281	92.6	617.7623799999999	-8.58336e-06	2.0475275e-06	8.861125e-06	166.5405
966.2384	92.61	617.829093	-8.491625e-06	2.0582375e-06	8.726085e-06	166.4055
967.9493	92.62	617.895806	-8.2327175e-06	1.9800025e-06	8.4601925e-06	166.635
969.7089	92.63	617.9625189999999	-8.605714999999999e-06	1.7846525e-06	8.7752125e-06	168.255
971.421	92.64	618.029232	-8.9819625e-06	1.8037499999999999e-06	9.139827499999999e-06	168.55349999999999
973.1319	92.65	618.095945	-8.77987e-06	2.5513749999999998e-06	9.1444825e-06	163.9095
974.8588	92.66	618.162658	-9.313515e-06	2.2170275000000003e-06	9.5989675e-06	166.5615
976.5858	92.67	618.229371	-8.9537925e-06	1.9997974999999997e-06	9.1293475e-06	167.133
978.2973	92.68	618.296084	-8.5472725e-06	1.9485725e-06	8.8026875e-06	167.0925
980.0088	92.69	618.362797	-8.926785e-06	2.4230825e-06	9.2632275e-06	164.94
981.7198	92.7	618.4295099999999	-8.627364999999999e-06	1.5809274999999998e-06	8.766830000000001e-06	169.659
983.4312	92.71	618.4962229999999	-8.276022500000002e-06	1.9085225e-06	8.471835e-06	166.90949999999998
985.1424	92.72	618.5629359999999	-8.727014999999999e-06	1.9665e-06	8.8886e-06	167.1585
986.8705	92.73	618.629649	-8.86625e-06	1.7206275000000001e-06	8.9808025e-06	169.00799999999998
988.5655	92.74	618.6963619999999	-8.855774999999999e-06	1.75206e-06	9.05461e-06	168.8025
990.2767	92.75	618.763075	-8.9533275e-06	2.0996825e-06	9.196402499999999e-06	166.7865
992.0195	92.76	618.829788	-7.976602500000001e-06	1.8244724999999998e-06	8.1929025e-06	167.10000000000002
993.7477	92.77	618.896501	-9.048319999999999e-06	1.9476375e-06	9.2224775e-06	167.937
995.4591	92.78	618.963214	-8.660195e-06	1.592105e-06	8.777075e-06	169.473
997.1866	92.79	619.029927	-9.126555e-06	1.7921074999999998e-06	9.24716e-06	168.8565
998.8967	92.8	619.09664	-9.555195e-06	1.8319200000000001e-06	9.75123e-06	169.2285
1000.6082	92.81	619.163353	-9.1246925e-06	1.8605599999999998e-06	9.33098e-06	168.585
1002.3198	92.82	619.230066	-8.64366e-06	1.5094475e-06	8.7961675e-06	170.229
1004.0465	92.83	619.2967789999999	-8.896050000000001e-06	1.765795e-06	9.092562499999999e-06	168.72299999999998
1005.7586	92.84	619.363492	-8.5964e-06	1.9034025e-06	8.855305e-06	167.52
1007.5009	92.85	619.4302049999999	-8.67789e-06	1.97954e-06	8.88371e-06	167.21699999999998
1009.2284	92.86	619.4969179999999	-8.92073e-06	1.9143425e-06	9.1293475e-06	167.9835
1010.9399	92.87	619.563631	-9.132375e-06	1.8100325e-06	9.3025725e-06	168.708
1012.6673	92.88	619.6303439999999	-9.59105e-06	1.7229525e-06	9.734007499999999e-06	169.7295
1014.378	92.89	619.697057	-8.677425000000001e-06	1.6130575e-06	8.8310925e-06	169.4385
1016.0899	92.9	619.76377	-9.492564999999999e-06	2.3641775000000003e-06	9.8248125e-06	166.19400000000002
1017.7854	92.91	619.830483	-9.32632e-06	1.6142225e-06	9.500945e-06	170.256
1019.4964	92.92	619.897196	-9.164969999999999e-06	1.2826725e-06	9.1808025e-06	171.8775
1021.2391	92.93	619.9639090000001	-8.9775425e-06	1.6903575e-06	9.1295825e-06	169.4085
1022.9669	92.94	620.030622	-8.866015e-06	2.17698e-06	9.127485e-06	166.2015
1024.6942	92.95	620.0973349999999	-1.00546175e-05	2.3066674999999997e-06	1.0307249999999999e-05	167.0355
1026.4052	92.96	620.1640479999999	-9.6471625e-06	2.0403100000000005e-06	9.9358875e-06	168.144
1028.1161	92.97	620.2307609999999	-9.45601e-06	1.7976924999999999e-06	9.630630000000001e-06	169.3245
1029.8433	92.98	620.297474	-9.2213175e-06	1.6794125e-06	9.3626425e-06	169.7655
1031.5558	92.99	620.3641869999999	-8.88045e-06	1.9895525e-06	9.1021075e-06	167.4135
1033.266	93.0	620.4309	-8.77824e-06	1.9734849999999996e-06	8.9854575e-06	167.352
1035.0893	90.0	600.4169999999999	-8.9700925e-06	1.6901300000000001e-06	9.076259999999999e-06	169.0245
1036.8332	90.01	600.483713	-9.1037375e-06	2.00329e-06	9.285110000000001e-06	167.547
1038.576	90.02	600.5504259999999	-9.2001275e-06	1.7464675e-06	9.3589175e-06	169.20749999999998
1040.2877	90.03	600.617139	-8.4615875e-06	1.8384399999999999e-06	8.685807500000001e-06	167.769
1041.9978	90.04	600.683852	-9.06532e-06	1.8570674999999998e-06	9.2797575e-06	168.402
1043.7096	90.05	600.7505649999999	-9.048089999999998e-06	1.8177175e-06	9.2499575e-06	168.687
1045.4208	90.06	600.817278	-8.280679999999999e-06	2.0128325e-06	8.5642675e-06	166.32750000000001
1047.1328	90.07	600.8839909999999	-9.299779999999999e-06	1.8410049999999997e-06	9.447162499999999e-06	168.8475
1048.8275	90.08	600.950704	-8.6734675e-06	2.0819875e-06	8.93377e-06	166.482
1050.5228	90.09	601.017417	-8.661592500000001e-06	1.7075850000000002e-06	8.7973325e-06	168.90300000000002
1052.2821	90.1	601.08413	-9.506999999999999e-06	2.022385e-06	9.7370375e-06	167.95499999999998
1054.0103	90.11	601.150843	-9.2832475e-06	1.7830250000000002e-06	9.456475e-06	169.10250000000002
1055.7211	90.12	601.217556	-9.08674e-06	2.09363e-06	9.318175e-06	166.9455
1057.4486	90.13	601.2842689999999	-8.824570000000001e-06	1.2142225e-06	8.88697e-06	172.149
1059.1593	90.14	601.3509819999999	-8.86625e-06	1.73343e-06	9.022245e-06	168.8745
1060.8706	90.15	601.417695	-8.758215000000001e-06	1.902935e-06	8.92632e-06	167.8005
1062.5978	90.16	601.4844079999999	-9.257405000000001e-06	1.6260975e-06	9.3815025e-06	169.902
1064.3094	90.17	601.551121	-9.576847500000001e-06	1.7546199999999998e-06	9.7391275e-06	169.575
1066.0211	90.18	601.617834	-9.1326075e-06	1.70363e-06	9.2625275e-06	169.314
1067.7794	90.19	601.684547	-9.1368e-06	1.9222625e-06	9.355425e-06	168.14100000000002
1069.5067	90.2	601.75126	-8.8522775e-06	1.67825e-06	9.044595e-06	169.23899999999998
1071.2196	90.21	601.8179729999999	-8.5454075e-06	1.6496124999999999e-06	8.6711375e-06	168.97050000000002
1072.9453	90.22	601.884686	-8.54657e-06	1.89921e-06	8.69442e-06	167.334
1074.6735	90.23	601.951399	-8.935400000000001e-06	1.71527e-06	9.0681125e-06	169.1685
1076.3843	90.24	602.018112	-9.39454e-06	1.7650974999999999e-06	9.5656725e-06	169.3665
1078.0955	90.25	602.0848249999999	-9.035515e-06	1.7541525e-06	9.17894e-06	169.1175
1079.8069	90.26	602.151538	-9.5856975e-06	1.9078250000000002e-06	9.784755e-06	168.80700000000002
1081.5354	90.27	602.2182509999999	-9.5205025e-06	1.5380875e-06	9.645535e-06	170.766
1083.2774	90.28	602.284964	-8.9372625e-06	1.88338e-06	9.1700925e-06	168.33
1084.989	90.29	602.351677	-8.806642500000001e-06	1.5874475e-06	8.9561225e-06	169.707
1086.7011	90.3	602.4183899999999	-8.613625e-06	1.5234175e-06	8.701405e-06	169.815
1088.4111	90.31	602.485103	-8.734e-06	1.8135274999999999e-06	8.9067625e-06	168.111
1090.1394	90.32	602.5518159999999	-8.1949975e-06	1.7474e-06	8.362635000000001e-06	167.9445
1091.8499	90.33	602.618529	-9.7964075e-06	2.1129525e-06	1.00115425e-05	167.70749999999998
1093.5769	90.34	602.685242	-9.11072e-06	1.7606700000000002e-06	9.282317499999999e-06	169.0575
1095.2876	90.35	602.751955	-8.9933725e-06	1.6973424999999998e-06	9.164735e-06	169.2645
1096.9828	90.36	602.818668	-9.1766125e-06	2.1064325e-06	9.393612499999998e-06	167.139
1098.7268	90.37	602.8853809999999	-9.6513525e-06	1.9227275e-06	9.868575e-06	168.672
1100.4711	90.38	602.9520939999999	-9.0350525e-06	1.8715e-06	9.2264375e-06	168.3315
1102.181	90.39	603.0188069999999	-8.6958175e-06	1.52435e-06	8.849717499999999e-06	169.9065
1103.893	90.4	603.08552	-9.484415e-06	1.8824475000000001e-06	9.657175e-06	168.7185
1105.604	90.41	603.1522329999999	-9.859497500000001e-06	1.2910524999999999e-06	9.9577425e-06	172.52549999999997
1107.3147	90.42	603.218946	-8.637377500000001e-06	1.67662e-06	8.81875e-06	168.897
1109.0418	90.43	603.285659	-9.286972499999999e-06	1.6586950000000002e-06	9.5011825e-06	169.84799999999998
1110.7531	90.44	603.352372	-8.528415e-06	1.7215575000000002e-06	8.699077500000001e-06	168.4605
1112.4974	90.45	603.419085	-8.9617125e-06	2.20329e-06	9.23296e-06	166.23
1114.2246	90.46	603.4857979999999	-9.1938425e-06	1.8123625e-06	9.334705e-06	168.6525
1115.9355	90.47	603.552511	-9.165205e-06	1.9639375e-06	9.3510025e-06	167.817
1117.6464	90.48	603.619224	-1.00010725e-05	1.77441e-06	1.0161474999999999e-05	169.8855
1119.3744	90.49	603.685937	-9.956827500000001e-06	2.2046875e-06	1.0199675000000002e-05	167.38049999999998
1121.0848	90.5	603.75265	-9.010369999999999e-06	2.015395e-06	9.2522825e-06	167.427
1122.7961	90.51	603.819363	-8.916075e-06	1.5443725e-06	9.023645000000001e-06	170.04
1124.5087	90.52	603.8860759999999	-9.181272500000001e-06	1.7117825e-06	9.2993125e-06	169.5705
1126.2184	90.53	603.9527889999999	-9.096284999999999e-06	2.0619625e-06	9.28907e-06	167.289
1127.9467	90.54	604.019502	-8.249249999999999e-06	2.126225e-06	8.572185e-06	165.65699999999998
1129.6897	90.55	604.0862149999999	-9.3952425e-06	1.934835e-06	9.585462499999999e-06	168.321
1131.401	90.56	604.152928	-8.534465e-06	2.0687125e-06	8.7714875e-06	166.26149999999998
1133.1122	90.57	604.2196409999999	-9.30048e-06	1.5627650000000002e-06	9.3905825e-06	170.478
1134.823	90.58	604.286354	-8.7663625e-06	1.654735e-06	8.9593825e-06	169.3905
1136.535	90.59	604.353067	-9.34355e-06	1.884075e-06	9.515379999999999e-06	168.54149999999998
1138.261	90.6	604.41978	-9.0161925e-06	1.8321525e-06	9.1868575e-06	168.2535
1139.9739	90.61	604.486493	-8.02642e-06	1.8740625000000001e-06	8.184287500000001e-06	166.779
1141.6683	90.62	604.553206	-9.10979e-06	1.8705725000000001e-06	9.259732500000001e-06	168.144
1143.3794	90.63	604.619919	-8.489995e-06	2.2789625e-06	8.7887175e-06	164.83350000000002
1145.1227	90.64	604.6866319999999	-8.6760275e-06	2.0850125e-06	8.956352500000001e-06	166.6845
1146.8496	90.65	604.753345	-8.31584e-06	1.6873350000000003e-06	8.48627e-06	168.3375
1148.5777	90.66	604.8200579999999	-8.46252e-06	1.7553175e-06	8.667645000000001e-06	168.3225
1150.3042	90.67	604.886771	-8.9253875e-06	1.9478725e-06	9.1060625e-06	167.5785
1152.0167	90.68	604.953484	-7.9600725e-06	1.676855e-06	8.1570475e-06	168.4215
1153.7279	90.69	605.0201969999999	-8.077649999999999e-06	1.4551974999999999e-06	8.219445000000001e-06	169.854
1155.4552	90.7	605.08691	-9.326787500000001e-06	2.082685e-06	9.508395e-06	167.6295
1157.1662	90.71	605.1536229999999	-8.420145e-06	1.73157e-06	8.612695e-06	168.351
1158.8767	90.72	605.220336	-8.475792499999999e-06	2.1990975e-06	8.823407500000001e-06	165.39600000000002
1160.6208	90.73	605.287049	-8.3044275e-06	1.736925e-06	8.505362499999999e-06	168.339
1162.3475	90.74	605.353762	-8.448085e-06	1.8386725e-06	8.5696225e-06	167.451
1164.0584	90.75	605.420475	-8.28976e-06	1.6894274999999999e-06	8.4192125e-06	168.29999999999998
1165.7858	90.76	605.487188	-8.882314999999999e-06	2.4477649999999998e-06	9.2110725e-06	164.739
1167.4973	90.77	605.5539009999999	-8.277185e-06	1.8887325e-06	8.511414999999999e-06	167.30399999999997
1169.2087	90.78	605.6206139999999	-9.649725e-06	1.8370425e-06	9.7712625e-06	169.122
1170.936	90.79	605.687327	-9.291865e-06	1.893855e-06	9.50723e-06	168.3735
1172.6315	90.8	605.7540399999999	-8.4785875e-06	1.5171325e-06	8.6432e-06	169.827
1174.3583	90.81	605.820753	-8.5482025e-06	1.745305e-06	8.6899975e-06	168.5025
1176.071	90.82	605.8874659999999	-8.35542e-06	1.749965e-06	8.542152500000001e-06	168.0645
1177.8125	90.83	605.954179	-8.360307499999999e-06	1.8077075e-06	8.525152500000001e-06	167.982
1179.5246	90.84	606.020892	-8.848555e-06	1.786285e-06	9.0217775e-06	168.48749999999998
1181.2351	90.85	606.0876049999999	-8.008967499999998e-06	1.5916375e-06	8.166825e-06	168.8655
1182.9791	90.86	606.154318	-8.3342325e-06	1.6233025e-06	8.480915e-06	168.831
1184.6899	90.87	606.221031	-8.1279425e-06	2.0989825e-06	8.4646175e-06	165.62099999999998
1186.4008	90.88	606.287744	-8.30932e-06	1.481275e-06	8.426897499999999e-06	169.9995
1188.1121	90.89	606.3544569999999	-8.406875e-06	2.05521e-06	8.589879999999999e-06	166.137
1189.824	90.9	606.42117	-8.327945000000002e-06	1.476855e-06	8.4392375e-06	169.92
1191.5507	90.91	606.4878829999999	-8.1807975e-06	1.90806e-06	8.3973275e-06	166.839
1193.2957	90.92	606.554596	-8.7291125e-06	1.6235375e-06	8.840637499999999e-06	169.5135
1195.006	90.93	606.621309	-9.085575e-06	1.7639349999999999e-06	9.254145e-06	168.9255
1196.7176	90.94	606.6880219999999	-9.2865075e-06	1.7692875000000001e-06	9.4990825e-06	169.2615
1198.4438	90.95	606.754735	-8.2729975e-06	1.5276099999999998e-06	8.36869e-06	169.6035
1200.1551	90.96	606.8214479999999	-7.3462999999999994e-06	9.709105e-07	7.433855e-06	172.33499999999998
1201.867	90.97	606.888161	-8.5654325e-06	1.990015e-06	8.7521625e-06	166.8765
1203.5936	90.98	606.954874	-9.2227125e-06	1.7606725000000001e-06	9.410145e-06	169.0905
1205.2897	90.99	607.021587	-8.773582499999999e-06	1.7413499999999999e-06	8.9351675e-06	168.89249999999998
1207.0171	91.0	607.0883	-8.883945e-06	1.7483325000000002e-06	9.04972e-06	168.8265
1208.7595	91.01	607.1550129999999	-8.7447125e-06	2.006085e-06	8.9735825e-06	167.0055
1210.4869	91.02	607.221726	-7.9391075e-06	1.9122475e-06	8.2099e-06	166.64100000000002
1212.198	91.03	607.2884389999999	-8.446222499999999e-06	1.9122525000000004e-06	8.6897625e-06	167.2635
1213.926	91.04	607.355152	-8.4541425e-06	1.285235e-06	8.552860000000001e-06	171.3585
1215.6366	91.05	607.4218649999999	-9.189650000000001e-06	1.8891975e-06	9.3398275e-06	168.3915
1217.3487	91.06	607.488578	-8.93144e-06	1.82796e-06	9.0825475e-06	168.486
1219.0759	91.07	607.5552909999999	-9.047855e-06	1.7334300000000002e-06	9.1971025e-06	169.137
1220.7705	91.08	607.622004	-9.1530975e-06	1.40188e-06	9.255075e-06	171.336
1222.4976	91.09	607.688717	-8.924457500000001e-06	1.9516025e-06	9.1351675e-06	167.6805
1224.2253	91.1	607.7554299999999	-8.6727675e-06	1.7182975e-06	8.8613575e-06	168.6405
1225.9527	91.11	607.822143	-9.01945e-06	1.575105e-06	9.149369999999999e-06	170.016
1227.6794	91.12	607.888856	-8.3561175e-06	1.8414650000000002e-06	8.5451775e-06	167.4645
1229.3905	91.13	607.955569	-8.553557500000001e-06	1.9390225e-06	8.733535e-06	167.07750000000001
1231.102	91.14	608.022282	-8.52934e-06	1.7474e-06	8.677422500000001e-06	168.39000000000001
1232.8135	91.15	608.088995	-9.295125e-06	2.01027e-06	9.5184075e-06	167.8425
1234.5248	91.16	608.1557079999999	-8.0243325e-06	1.6405325e-06	8.2154875e-06	168.234
1236.2516	91.17	608.2224209999999	-9.33191e-06	1.7315725e-06	9.478127499999998e-06	169.60950000000003
1237.9637	91.18	608.289134	-8.63831e-06	1.4985025e-06	8.7826625e-06	170.097
1239.674	91.19	608.3558469999999	-8.521425e-06	1.6940825e-06	8.6869675e-06	168.684
1241.4179	91.2	608.42256	-8.4022175e-06	1.8358775e-06	8.6215425e-06	167.5125
1243.1453	91.21	608.4892729999999	-9.4413425e-06	1.9942099999999997e-06	9.6192225e-06	168.102
1244.8558	91.22	608.555986	-8.6441275e-06	1.550425e-06	8.718635e-06	169.8915
1246.5843	91.23	608.622699	-8.92376e-06	1.6952475e-06	9.144017499999999e-06	169.326
1248.2953	91.24	608.689412	-8.6883675e-06	1.751365e-06	8.9028075e-06	168.3915
1250.0057	91.25	608.756125	-8.44203e-06	1.5616025000000002e-06	8.5423825e-06	169.548
1251.7177	91.26	608.822838	-8.814094999999999e-06	1.9252925000000003e-06	9.005017499999999e-06	167.69850000000002
1253.428	91.27	608.889551	-8.20175e-06	1.4244649999999998e-06	8.3167725e-06	170.08049999999997
1255.1396	91.28	608.9562639999999	-8.8720675e-06	1.824935e-06	9.051115e-06	168.3825
1256.8672	91.29	609.022977	-8.784527499999999e-06	1.463115e-06	8.852744999999999e-06	170.4
1258.5941	91.3	609.0896899999999	-8.4322525e-06	1.50968e-06	8.575910000000001e-06	169.668
1260.3058	91.31	609.156403	-8.5957e-06	1.769055e-06	8.761474999999999e-06	168.3945
1262.0167	91.32	609.2231159999999	-8.78243e-06	2.1178399999999997e-06	9.0322575e-06	166.305
1263.7444	91.33	609.2898289999999	-8.190107499999999e-06	1.72482e-06	8.36962e-06	168.321
1265.455	91.34	609.356542	-8.742149999999999e-06	2.1096899999999996e-06	8.99943e-06	166.5525
1267.1668	91.35	609.4232549999999	-8.423172499999999e-06	1.4870975e-06	8.479515e-06	170.07899999999998
1268.8777	91.36	609.489968	-8.818284999999999e-06	1.78419e-06	8.9484375e-06	168.3105
1270.5898	91.37	609.556681	-8.3579775e-06	1.9802375e-06	8.5761425e-06	166.62
1272.3164	91.38	609.623394	-8.906527499999999e-06	2.0228475e-06	9.199665e-06	167.2215
1274.0604	91.39	609.690107	-8.1884775e-06	1.4563625e-06	8.31863e-06	169.869
1275.7868	91.4	609.75682	-8.3484325e-06	2.08245e-06	8.6862725e-06	166.0755
1277.4981	91.41	609.8235329999999	-8.793375e-06	1.9027025e-06	8.9952375e-06	167.796
1279.2258	91.42	609.8902459999999	-8.12515e-06	1.1916325e-06	8.198725e-06	171.4485
1280.9369	91.43	609.956959	-8.4113e-06	1.4624175e-06	8.561475000000001e-06	170.3205
1282.6636	91.44	610.0236719999999	-8.7572825e-06	1.8770925e-06	8.960777499999999e-06	167.868
1284.3922	91.45	610.090385	-8.8143275e-06	2.071505e-06	9.076027500000001e-06	166.8375
1286.1026	91.46	610.1570979999999	-8.139352499999999e-06	2.3383325e-06	8.525852500000001e-06	163.95
1287.8137	91.47	610.223811	-8.1759075e-06	2.0200525e-06	8.4937175e-06	166.248
1289.5569	91.48	610.290524	-8.669737499999999e-06	2.4815224999999998e-06	8.9887175e-06	164.1345
1291.2845	91.49	610.3572369999999	-8.586389999999999e-06	1.6705675e-06	8.735165000000002e-06	168.8865
1292.9964	91.5	610.42395	-8.504199999999999e-06	1.6002524999999998e-06	8.667645000000001e-06	169.35750000000002
1294.7248	91.51	610.490663	-9.2492575e-06	1.5653274999999999e-06	9.36567e-06	170.346
1296.434	91.52	610.557376	-8.820615e-06	2.2147e-06	9.0946575e-06	165.97050000000002
1298.146	91.53	610.6240889999999	-8.443895e-06	2.1811725e-06	8.7693925e-06	165.525
1299.873	91.54	610.690802	-8.5763775e-06	1.675225e-06	8.748435e-06	168.963
1301.584	91.55	610.7575149999999	-8.7321375e-06	1.6249324999999998e-06	8.934234999999999e-06	169.47150000000002
1303.2954	91.56	610.824228	-8.19104e-06	1.2491449999999998e-06	8.258095e-06	171.2835
1305.0226	91.57	610.8909409999999	-8.744015e-06	1.5371575e-06	8.8753275e-06	169.98299999999998
1306.7498	91.58	610.9576539999999	-8.909320000000001e-06	2.2286674999999998e-06	9.1812675e-06	166.0695
1308.4618	91.59	611.024367	-9.2073475e-06	1.7935024999999998e-06	9.386392500000002e-06	168.97050000000002
1310.1719	91.6	611.0910799999999	-9.15333e-06	2.1765174999999998e-06	9.445295e-06	166.71749999999997
1311.9001	91.61	611.157793	-8.927485000000001e-06	1.69641e-06	9.119570000000001e-06	169.20749999999998
1313.6266	91.62	611.224506	-8.5000075e-06	1.62796e-06	8.7023375e-06	169.05149999999998
1315.3548	91.63	611.291219	-8.4199125e-06	1.530405e-06	8.559147499999999e-06	169.9065
1317.066	91.64	611.357932	-8.888835e-06	1.91388e-06	9.055074999999999e-06	167.6445
1318.7768	91.65	611.4246449999999	-7.67414e-06	1.6654475e-06	7.80151e-06	167.5815
1320.5039	91.66	611.491358	-9.091630000000002e-06	2.1690650000000002e-06	9.372887499999999e-06	166.73399999999998
1322.2308	91.67	611.5580709999999	-8.3845225e-06	1.7297075e-06	8.5884825e-06	168.405
1323.9427	91.68	611.624784	-8.2450575e-06	1.7678874999999998e-06	8.444359999999999e-06	167.778
1325.6534	91.69	611.6914969999999	-8.693257499999999e-06	2.09805e-06	9.049955e-06	166.62449999999998
1327.3655	91.7	611.75821	-8.6268975e-06	1.5518225e-06	8.7512275e-06	169.8375
1329.077	91.71	611.8249229999999	-8.149132499999999e-06	1.7506599999999998e-06	8.40478e-06	168.00150000000002
1330.7875	91.72	611.891636	-8.6103675e-06	1.9828e-06	8.8336525e-06	167.16000000000003
1332.5149	91.73	611.958349	-9.20688e-06	1.669635e-06	9.305832499999999e-06	169.61400000000003
1334.2262	91.74	612.0250619999999	-8.4704375e-06	1.93833e-06	8.6885975e-06	167.1405
1335.9382	91.75	612.091775	-8.171715e-06	1.8384375e-06	8.3509975e-06	167.2005
1337.6807	91.76	612.158488	-8.7724175e-06	2.1420574999999998e-06	9.03738e-06	166.23000000000002
1339.4085	91.77	612.225201	-9.1950075e-06	1.9609150000000004e-06	9.4203875e-06	167.9865
1341.1192	91.78	612.291914	-8.1367925e-06	1.38116e-06	8.2664775e-06	170.5035
1342.846	91.79	612.358627	-8.818287499999999e-06	1.8440249999999999e-06	8.9882525e-06	168.174
1344.5581	91.8	612.4253399999999	-9.252049999999999e-06	1.9220275e-06	9.4802225e-06	168.24
1346.2688	91.81	612.4920529999999	-8.826435e-06	1.6612574999999999e-06	8.9808e-06	169.52700000000002
1347.9971	91.82	612.5587659999999	-8.668575e-06	1.62889e-06	8.8168875e-06	169.4205
1349.7075	91.83	612.6254789999999	-9.425972499999999e-06	1.54414e-06	9.5537975e-06	170.946
1351.4195	91.84	612.692192	-7.9270025e-06	1.2267925e-06	8.0874275e-06	171.264
1353.1628	91.85	612.7589049999999	-8.79547e-06	2.0796575e-06	9.0127e-06	166.6035
1354.8895	91.86	612.825618	-8.7896475e-06	1.8922250000000001e-06	8.955655e-06	167.73000000000002
1356.601	91.87	612.892331	-8.208502500000001e-06	1.97349e-06	8.368225e-06	166.2405
1358.3285	91.88	612.959044	-8.266475000000001e-06	1.63448e-06	8.3943e-06	169.005
1360.0408	91.89	613.025757	-9.571492500000001e-06	2.4307675000000004e-06	9.850434999999999e-06	165.7335
1361.7826	91.9	613.09247	-9.281385e-06	1.749495e-06	9.4299325e-06	169.25549999999998
1363.494	91.91	613.159183	-9.0080425e-06	1.6281925e-06	9.161945000000001e-06	169.8435
1365.2056	91.92	613.2258959999999	-8.65251e-06	1.6943175e-06	8.826435e-06	168.8595
1366.9162	91.93	613.292609	-8.235045000000001e-06	2.058935e-06	8.4569325e-06	165.708
1368.6598	91.94	613.3593219999999	-8.665315e-06	2.0952575e-06	8.852047500000001e-06	166.572
1370.371	91.95	613.426035	-8.984525e-06	1.72575e-06	9.1232925e-06	169.017
1372.0825	91.96	613.4927479999999	-8.933075e-06	1.6051425e-06	9.0595e-06	169.8855
1373.8098	91.97	613.5594609999999	-8.7069925e-06	2.2524174999999998e-06	8.966832500000001e-06	165.456
1375.5205	91.98	613.626174	-8.5544875e-06	1.5576425000000001e-06	8.67789e-06	169.3845
1377.2482	91.99	613.6928869999999	-8.6904625e-06	1.7997875e-06	8.890465e-06	168.3345
1378.9755	92.0	613.7596	-8.742385e-06	1.8803475e-06	8.975445e-06	167.9625
1380.6872	92.01	613.826313	-8.372649999999999e-06	1.6419299999999999e-06	8.4716e-06	168.74699999999999
1382.3984	92.02	613.893026	-8.605477500000001e-06	1.7061925e-06	8.75286e-06	168.6435
1384.1418	92.03	613.959739	-8.3528575e-06	1.7855874999999999e-06	8.5053625e-06	167.73149999999998
1385.8686	92.04	614.026452	-8.979172499999998e-06	1.595595e-06	9.102804999999999e-06	169.91699999999997
1387.5795	92.05	614.0931649999999	-8.7549575e-06	2.1469475e-06	8.9954675e-06	166.0935
1389.3073	92.06	614.1598779999999	-9.3649725e-06	1.869875e-06	9.551235e-06	168.4845
1391.0182	92.07	614.2265909999999	-8.5181675e-06	1.93507e-06	8.7572825e-06	167.1345
1392.7306	92.08	614.2933039999999	-9.031795e-06	2.0915299999999998e-06	9.2764975e-06	167.13299999999998
1394.4578	92.09	614.360017	-8.5922075e-06	1.8493825e-06	8.787087499999998e-06	167.8545
1396.1687	92.1	614.4267299999999	-8.4401675e-06	1.7681225e-06	8.6071075e-06	167.9745
1397.8793	92.11	614.493443	-8.95682e-06	1.86708e-06	9.131675000000001e-06	168.243
1399.6238	92.12	614.560156	-9.6297025e-06	1.6519425e-06	9.8276e-06	170.292
1401.3494	92.13	614.6268689999999	-8.9249225e-06	1.472895e-06	9.0557725e-06	170.688
1403.0615	92.14	614.693582	-8.272062499999999e-06	2.0880375000000003e-06	8.531905e-06	165.7695
1404.7896	92.15	614.760295	-8.151925e-06	1.5923325000000001e-06	8.3312025e-06	168.8685
1406.5005	92.16	614.827008	-8.5177e-06	1.6491475e-06	8.70676e-06	169.1145
1408.211	92.17	614.893721	-9.403625e-06	1.3718475e-06	9.513285e-06	171.5745
1409.9388	92.18	614.960434	-9.253445e-06	1.9723200000000003e-06	9.391514999999999e-06	167.76
1411.6505	92.19	615.0271469999999	-8.632955e-06	1.8328500000000002e-06	8.833185000000001e-06	167.874
1413.361	92.2	615.09386	-8.866014999999999e-06	1.7802300000000001e-06	9.0730025e-06	168.588
1415.1198	92.21	615.1605729999999	-8.388015e-06	2.0670825e-06	8.64925e-06	166.398
1416.8321	92.22	615.2272859999999	-8.6939525e-06	1.4740575e-06	8.7887175e-06	170.2455
1418.5428	92.23	615.293999	-8.509555000000001e-06	1.231215e-06	8.554954999999999e-06	171.59699999999998
1420.2713	92.24	615.3607119999999	-9.073702500000001e-06	1.9634724999999997e-06	9.3458775e-06	167.778
1421.9818	92.25	615.427425	-8.404545e-06	2.2610325e-06	8.6818475e-06	164.7105
1423.7243	92.26	615.494138	-9.3288825e-06	1.9061974999999999e-06	9.4944275e-06	168.6285
1425.4358	92.27	615.560851	-9.772425e-06	2.0032875e-06	9.982194999999999e-06	168.2835
1427.1474	92.28	615.627564	-9.862535e-06	1.4905900000000001e-06	9.939847500000001e-06	171.432
1428.8579	92.29	615.694277	-9.33843e-06	2.10457e-06	9.5784775e-06	167.331
1430.602	92.3	615.76099	-9.506535e-06	1.9467075e-06	9.725395e-06	168.38400000000001
1432.3295	92.31	615.8277029999999	-9.59664e-06	1.9911825e-06	9.779409999999999e-06	168.243
1434.0398	92.32	615.8944159999999	-9.006645e-06	1.7099150000000001e-06	9.16078e-06	169.224
1435.7677	92.33	615.9611289999999	-8.937962499999999e-06	1.846355e-06	9.10071e-06	168.486
1437.4795	92.34	616.027842	-9.7538e-06	1.8333149999999999e-06	9.91632e-06	169.332
1439.1896	92.35	616.0945549999999	-8.9083925e-06	1.4815100000000002e-06	9.039707500000001e-06	170.6145
1440.9171	92.36	616.161268	-8.9556575e-06	2.2212199999999997e-06	9.233655e-06	166.0605
1442.645	92.37	616.227981	-9.1361025e-06	1.8826775000000001e-06	9.334705e-06	168.4695
1444.3564	92.38	616.2946939999999	-9.0280675e-06	1.6340125e-06	9.176147500000002e-06	169.8375
1446.0994	92.39	616.361407	-8.3223575e-06	9.2061725e-07	8.34471e-06	173.436
1447.8269	92.4	616.42812	-9.0243425e-06	1.8910600000000002e-06	9.1835975e-06	168.084
1449.5372	92.41	616.494833	-9.35566e-06	1.530635e-06	9.4508875e-06	170.655
1451.2651	92.42	616.561546	-8.9870875e-06	1.4519375000000001e-06	9.08022e-06	170.61899999999997
1452.9759	92.43	616.628259	-9.07114e-06	1.8922275e-06	9.34518e-06	168.17100000000002
1454.703	92.44	616.6949719999999	-9.334705000000001e-06	2.12343e-06	9.61876e-06	167.1735
1456.4309	92.45	616.7616849999999	-9.0425025e-06	2.29689e-06	9.347740000000001e-06	165.7785
1458.1411	92.46	616.8283979999999	-8.709785e-06	1.7334325e-06	8.898845e-06	168.855
1459.8532	92.47	616.8951109999999	-9.323760000000001e-06	1.7595075e-06	9.497685e-06	169.2795
1461.5963	92.48	616.961824	-9.345880000000002e-06	1.7453075e-06	9.430155e-06	169.413
1463.3071	92.49	617.0285369999999	-9.2695125e-06	1.824005e-06	9.43063e-06	168.75900000000001
1465.0188	92.5	617.09525	-9.811307500000001e-06	1.9380925e-06	1.0035065e-05	168.804
1466.7472	92.51	617.161963	-8.63435e-06	1.691755e-06	8.80059e-06	168.8745
1468.4572	92.52	617.228676	-8.78895e-06	1.9972400000000004e-06	9.06299e-06	167.2935
1470.1684	92.53	617.295389	-8.9384275e-06	1.57627e-06	9.0723025e-06	170.064
1471.912	92.54	617.362102	-9.5221375e-06	1.985595e-06	9.6671775e-06	168.1125
1473.6228	92.55	617.428815	-9.0923275e-06	1.8489174999999997e-06	9.2555425e-06	168.5025
1475.3336	92.56	617.4955279999999	-9.2120025e-06	2.13717e-06	9.3950075e-06	166.926
1477.0774	92.57	617.5622409999999	-9.244132499999999e-06	1.8610275e-06	9.34122e-06	168.6015
1478.8052	92.58	617.6289539999999	-9.63948e-06	2.4119075000000003e-06	9.902580000000001e-06	165.798
1480.5158	92.59	617.695667	-9.696757499999999e-06	1.66521e-06	9.8387825e-06	170.19750000000002
1482.2433	92.6	617.7623799999999	-8.8157225e-06	1.9050300000000002e-06	9.052047499999999e-06	167.853
1483.9546	92.61	617.829093	-8.796165e-06	1.7809275e-06	8.945412500000002e-06	168.58350000000002
1485.6818	92.62	617.895806	-9.3018775e-06	1.5935e-06	9.412702499999999e-06	170.295
1487.3938	92.63	617.9625189999999	-9.402922500000001e-06	1.9504375e-06	9.59082e-06	168.2235
1489.1376	92.64	618.029232	-9.52353e-06	1.6661425e-06	9.62947e-06	170.1855
1490.8478	92.65	618.095945	-9.63948e-06	1.888965e-06	9.7898875e-06	168.7965
1492.5759	92.66	618.162658	-8.9652025e-06	1.6009525e-06	9.153095e-06	169.9185
1494.2858	92.67	618.229371	-8.62038e-06	1.6561324999999999e-06	8.804314999999999e-06	169.158
1495.9973	92.68	618.296084	-8.11537e-06	1.8433325e-06	8.3423825e-06	167.082
1497.7245	92.69	618.362797	-9.2127e-06	2.2615000000000003e-06	9.4764975e-06	166.3155
1499.4357	92.7	618.4295099999999	-9.252515e-06	2.1557925e-06	9.44716e-06	166.7745
1501.1791	92.71	618.4962229999999	-9.184295e-06	1.867545e-06	9.3563575e-06	168.64499999999998
1502.8911	92.72	618.5629359999999	-9.3484425e-06	2.1478775e-06	9.5891875e-06	167.2125
1504.6021	92.73	618.629649	-9.9288875e-06	1.7271475e-06	1.0049960000000001e-05	170.106
1506.3289	92.74	618.6963619999999	-9.1582175e-06	1.6037450000000002e-06	9.252515000000001e-06	169.869
1508.0569	92.75	618.763075	-9.0134e-06	1.9811699999999998e-06	9.25624e-06	167.67900000000003
1509.7674	92.76	618.829788	-8.971255e-06	2.1245925e-06	9.221315e-06	166.64249999999998
1511.4796	92.77	618.896501	-8.61223e-06	2.1881575e-06	8.86066e-06	165.80700000000002
1513.1903	92.78	618.963214	-9.4401775e-06	2.267785e-06	9.707e-06	166.58999999999997
1514.901	92.79	619.029927	-1.01859425e-05	1.7227225e-06	1.02802175e-05	170.3085
1516.6137	92.8	619.09664	-9.607115e-06	1.880815e-06	9.8048e-06	168.8775
1518.3394	92.81	619.163353	-9.6767325e-06	2.25335e-06	9.9519425e-06	166.82999999999998
1520.0518	92.82	619.230066	-9.023645e-06	1.8258649999999998e-06	9.2287675e-06	168.54149999999998
1521.7622	92.83	619.2967789999999	-9.534475e-06	1.976745e-06	9.7219025e-06	168.1725
1523.506	92.84	619.363492	-9.30304e-06	2.01656e-06	9.4725425e-06	167.745
1525.2175	92.85	619.4302049999999	-9.1503025e-06	2.125525e-06	9.43645e-06	166.977
1526.9287	92.86	619.4969179999999	-9.400830000000002e-06	1.7909424999999999e-06	9.5212e-06	169.32750000000001
1528.6715	92.87	619.563631	-9.0303975e-06	1.8270325e-06	9.12399e-06	168.4275
1530.3838	92.88	619.6303439999999	-9.2036225e-06	2.0349525e-06	9.5137525e-06	167.5785
1532.1259	92.89	619.697057	-9.2683475e-06	2.1874575000000002e-06	9.5319125e-06	166.674
1533.8374	92.9	619.76377	-9.0439025e-06	1.82959e-06	9.260664999999999e-06	168.651
1535.5485	92.91	619.830483	-9.136335e-06	2.201425e-06	9.33191e-06	166.4295
1537.2765	92.92	619.897196	-8.8690425e-06	1.8545025e-06	9.032955e-06	168.1635
1539.0028	92.93	619.9639090000001	-9.6315625e-06	2.0675525e-06	9.8383275e-06	167.844
1540.7141	92.94	620.030622	-8.94192e-06	1.70875e-06	9.062292499999999e-06	169.0575
1542.4263	92.95	620.0973349999999	-9.1712575e-06	2.13414e-06	9.39128e-06	166.92000000000002
1544.153	92.96	620.1640479999999	-8.8669475e-06	1.7073524999999998e-06	9.0203825e-06	169.137
1545.8646	92.97	620.2307609999999	-8.127004999999999e-06	1.9793075e-06	8.456e-06	166.4535
1547.5764	92.98	620.297474	-8.4567e-06	1.6724299999999998e-06	8.62853e-06	168.72
1549.3027	92.99	620.3641869999999	-8.52492e-06	1.867545e-06	8.7591475e-06	167.7405
1551.014	93.0	620.4309	-9.1947725e-06	1.6875649999999998e-06	9.326787500000001e-06	169.677