# Menlo Systems GmbH ScanControl
# Program Version 1.7.0+git.a90605a3
# Start: -665.00000000 ps, Average over 5000 waveforms. Timestamp: 2024-04-09T10:48:41
# Window type: Tukey, parameters: alpha = 0.1
# User time axis shift: 0 ps
# Time axis offset: 0 ps
# Time [ps]	THz Signal [a.u.]
-665.01620027	0.00000000
-664.98286716	0.00000109
-664.94953404	0.00000444
-664.91620093	0.00000929
-664.88286782	0.00001363
-664.84953471	0.00001471
-664.81620159	0.00000973
-664.78286848	-0.00000326
-664.74953537	-0.00002636
-664.71620225	-0.00005848
-664.68286914	-0.00009982
-664.64953603	-0.00014795
-664.61620292	-0.00019716
-664.58286980	-0.00024220
-664.54953669	-0.00027782
-664.51620358	-0.00029191
-664.48287046	-0.00027983
-664.44953735	-0.00023707
-664.41620424	-0.00016211
-664.38287113	-0.00006001
-664.34953801	0.00005896
-664.31620490	0.00018396
-664.28287179	0.00029843
-664.24953867	0.00039247
-664.21620556	0.00047087
-664.18287245	0.00050936
-664.14953934	0.00048938
-664.11620622	0.00043440
-664.08287311	0.00030837
-664.04954000	0.00015021
-664.01620688	-0.00005458
-663.98287377	-0.00029863
-663.94954066	-0.00054506
-663.91620755	-0.00078707
-663.88287443	-0.00102102
-663.84954132	-0.00120538
-663.81620821	-0.00137258
-663.78287509	-0.00151655
-663.74954198	-0.00160862
-663.71620887	-0.00164296
-663.68287576	-0.00161741
-663.64954264	-0.00151719
-663.61620953	-0.00134297
-663.58287642	-0.00106972
-663.54954331	-0.00078104
-663.51621019	-0.00042926
-663.48287708	-0.00007351
-663.44954397	0.00030418
-663.41621085	0.00071762
-663.38287774	0.00112911
-663.34954463	0.00152962
-663.31621152	0.00197708
-663.28287840	0.00236843
-663.24954529	0.00271316
-663.21621218	0.00292548
-663.18287906	0.00304749
-663.14954595	0.00299267
-663.11621284	0.00281433
-663.08287973	0.00247645
-663.04954661	0.00205192
-663.01621350	0.00160476
-662.98288039	0.00109997
-662.94954727	0.00051316
-662.91621416	0.00000400
-662.88288105	-0.00044549
-662.84954794	-0.00081989
-662.81621482	-0.00106526
-662.78288171	-0.00110483
-662.74954860	-0.00102821
-662.71621548	-0.00088281
-662.68288237	-0.00081913
-662.64954926	-0.00087785
-662.61621615	-0.00096980
-662.58288303	-0.00132375
-662.54954992	-0.00187039
-662.51621681	-0.00252193
-662.48288369	-0.00335958
-662.44955058	-0.00427612
-662.41621747	-0.00527604
-662.38288436	-0.00633780
-662.34955124	-0.00726872
-662.31621813	-0.00801055
-662.28288502	-0.00853847
-662.24955190	-0.00893985
-662.21621879	-0.00893447
-662.18288568	-0.00861787
-662.14955257	-0.00802327
-662.11621945	-0.00718798
-662.08288634	-0.00602701
-662.04955323	-0.00472501
-662.01622011	-0.00341675
-661.98288700	-0.00202578
-661.94955389	-0.00066845
-661.91622078	0.00052722
-661.88288766	0.00161868
-661.84955455	0.00237953
-661.81622144	0.00299638
-661.78288832	0.00329718
-661.74955521	0.00331558
-661.71622210	0.00319720
-661.68288899	0.00303281
-661.64955587	0.00281272
-661.61622276	0.00255949
-661.58288965	0.00235153
-661.54955653	0.00213614
-661.51622342	0.00185933
-661.48289031	0.00146459
-661.44955720	0.00106522
-661.41622408	0.00069048
-661.38289097	0.00033863
-661.34955786	0.00015072
-661.31622474	-0.00000452
-661.28289163	-0.00014388
-661.24955852	-0.00017580
-661.21622541	-0.00041895
-661.18289229	-0.00050727
-661.14955918	-0.00073799
-661.11622607	-0.00114909
-661.08289295	-0.00147835
-661.04955984	-0.00186842
-661.01622673	-0.00225303
-660.98289362	-0.00269061
-660.94956050	-0.00306846
-660.91622739	-0.00334991
-660.88289428	-0.00340715
-660.84956116	-0.00340322
-660.81622805	-0.00331437
-660.78289494	-0.00308835
-660.74956183	-0.00266199
-660.71622871	-0.00228095
-660.68289560	-0.00184971
-660.64956249	-0.00138964
-660.61622937	-0.00097829
-660.58289626	-0.00050909
-660.54956315	-0.00024235
-660.51623004	-0.00001623
-660.48289692	0.00008063
-660.44956381	0.00004923
-660.41623070	-0.00007119
-660.38289758	-0.00024262
-660.34956447	-0.00052399
-660.31623136	-0.00088003
-660.28289825	-0.00139483
-660.24956513	-0.00186176
-660.21623202	-0.00240649
-660.18289891	-0.00286790
-660.14956579	-0.00339798
-660.11623268	-0.00376831
-660.08289957	-0.00398840
-660.04956646	-0.00420707
-660.01623334	-0.00433809
-659.98290023	-0.00441953
-659.94956712	-0.00450738
-659.91623400	-0.00453355
-659.88290089	-0.00438491
-659.84956778	-0.00409836
-659.81623467	-0.00359993
-659.78290155	-0.00309707
-659.74956844	-0.00250734
-659.71623533	-0.00190230
-659.68290221	-0.00152346
-659.64956910	-0.00113762
-659.61623599	-0.00096004
-659.58290288	-0.00081221
-659.54956976	-0.00074781
-659.51623665	-0.00067928
-659.48290354	-0.00068686
-659.44957042	-0.00091691
-659.41623731	-0.00111814
-659.38290420	-0.00149677
-659.34957109	-0.00181117
-659.31623797	-0.00215711
-659.28290486	-0.00241715
-659.24957175	-0.00274686
-659.21623863	-0.00304099
-659.18290552	-0.00317028
-659.14957241	-0.00328844
-659.11623930	-0.00331576
-659.08290618	-0.00325825
-659.04957307	-0.00297134
-659.01623996	-0.00257268
-658.98290684	-0.00206951
-658.94957373	-0.00156386
-658.91624062	-0.00104953
-658.88290751	-0.00042778
-658.84957439	0.00011008
-658.81624128	0.00058828
-658.78290817	0.00097790
-658.74957505	0.00124182
-658.71624194	0.00128094
-658.68290883	0.00125312
-658.64957572	0.00101362
-658.61624260	0.00071490
-658.58290949	0.00036992
-658.54957638	-0.00001885
-658.51624326	-0.00044861
-658.48291015	-0.00104079
-658.44957704	-0.00159438
-658.41624393	-0.00219543
-658.38291081	-0.00285936
-658.34957770	-0.00346902
-658.31624459	-0.00420345
-658.28291147	-0.00488462
-658.24957836	-0.00554086
-658.21624525	-0.00615969
-658.18291214	-0.00674118
-658.14957902	-0.00748389
-658.11624591	-0.00820787
-658.08291280	-0.00894471
-658.04957968	-0.00980916
-658.01624657	-0.01083881
-657.98291346	-0.01208316
-657.94958035	-0.01349729
-657.91624723	-0.01521729
-657.88291412	-0.01710184
-657.84958101	-0.01891722
-657.81624789	-0.02055809
-657.78291478	-0.02177398
-657.74958167	-0.02235254
-657.71624856	-0.02201627
-657.68291544	-0.02070938
-657.64958233	-0.01841647
-657.61624922	-0.01520794
-657.58291610	-0.01129295
-657.54958299	-0.00696292
-657.51624988	-0.00242952
-657.48291677	0.00190898
-657.44958365	0.00584467
-657.41625054	0.00913536
-657.38291743	0.01163673
-657.34958431	0.01334663
-657.31625120	0.01417354
-657.28291809	0.01426231
-657.24958498	0.01379951
-657.21625186	0.01281349
-657.18291875	0.01151973
-657.14958564	0.01000856
-657.11625252	0.00845833
-657.08291941	0.00694729
-657.04958630	0.00548858
-657.01625319	0.00412696
-656.98292007	0.00297509
-656.94958696	0.00200611
-656.91625385	0.00122594
-656.88292073	0.00071818
-656.84958762	0.00052911
-656.81625451	0.00068064
-656.78292140	0.00108780
-656.74958828	0.00169144
-656.71625517	0.00257149
-656.68292206	0.00348987
-656.64958894	0.00453810
-656.61625583	0.00564155
-656.58292272	0.00663882
-656.54958961	0.00764442
-656.51625649	0.00858896
-656.48292338	0.00958518
-656.44959027	0.01041580
-656.41625715	0.01121168
-656.38292404	0.01204316
-656.34959093	0.01296362
-656.31625782	0.01402051
-656.28292470	0.01534805
-656.24959159	0.01708942
-656.21625848	0.01946392
-656.18292536	0.02224605
-656.14959225	0.02555692
-656.11625914	0.02945741
-656.08292603	0.03379457
-656.04959291	0.03838285
-656.01625980	0.04325552
-655.98292669	0.04817442
-655.94959357	0.05305216
-655.91626046	0.05788170
-655.88292735	0.06261240
-655.84959424	0.06721879
-655.81626112	0.07172075
-655.78292801	0.07629701
-655.74959490	0.08104262
-655.71626178	0.08626417
-655.68292867	0.09193179
-655.64959556	0.09831451
-655.61626245	0.10560121
-655.58292933	0.11377711
-655.54959622	0.12311647
-655.51626311	0.13349292
-655.48293000	0.14474180
-655.44959688	0.15707147
-655.41626377	0.17020304
-655.38293066	0.18424075
-655.34959754	0.19926719
-655.31626443	0.21534940
-655.28293132	0.23274618
-655.24959821	0.25161534
-655.21626509	0.27196346
-655.18293198	0.29385489
-655.14959887	0.31729590
-655.11626575	0.34229518
-655.08293264	0.36874704
-655.04959953	0.39661876
-655.01626642	0.42560351
-654.98293330	0.45521340
-654.94960019	0.48457298
-654.91626708	0.51222154
-654.88293396	0.53589356
-654.84960085	0.55262312
-654.81626774	0.55796031
-654.78293463	0.54600413
-654.74960151	0.50946665
-654.71626840	0.43919792
-654.68293529	0.32517763
-654.64960217	0.15693668
-654.61626906	-0.07526643
-654.58293595	-0.37871062
-654.54960284	-0.75662255
-654.51626972	-1.20676909
-654.48293661	-1.71963666
-654.44960350	-2.27800670
-654.41627038	-2.85429165
-654.38293727	-3.41089071
-654.34960416	-3.90102882
-654.31627105	-4.27483958
-654.28293793	-4.48676137
-654.24960482	-4.50548522
-654.21627171	-4.31994643
-654.18293859	-3.94106445
-654.14960548	-3.39915380
-654.11627237	-2.73753957
-654.08293926	-2.00502059
-654.04960614	-1.24834057
-654.01627303	-0.50796139
-653.98293992	0.18447498
-653.94960680	0.80481790
-653.91627369	1.33725612
-653.88294058	1.77079754
-653.84960747	2.10028200
-653.81627435	2.32633163
-653.78294124	2.45447436
-653.74960813	2.49374258
-653.71627501	2.45508557
-653.68294190	2.34985234
-653.64960879	2.18915890
-653.61627568	1.98454458
-653.58294256	1.74819429
-653.54960945	1.49351537
-653.51627634	1.23456741
-653.48294322	0.98517613
-653.44961011	0.75750266
-653.41627700	0.56128926
-653.38294389	0.40193686
-653.34961077	0.28054785
-653.31627766	0.19425652
-653.28294455	0.13668570
-653.24961143	0.09938885
-653.21627832	0.07355387
-653.18294521	0.05080009
-653.14961210	0.02416335
-653.11627898	-0.01196257
-653.08294587	-0.06116456
-653.04961276	-0.12529131
-653.01627964	-0.20335973
-652.98294653	-0.29132691
-652.94961342	-0.38176148
-652.91628031	-0.46437328
-652.88294719	-0.52688008
-652.84961408	-0.55765724
-652.81628097	-0.54729047
-652.78294785	-0.49048218
-652.74961474	-0.38803378
-652.71628163	-0.24636704
-652.68294852	-0.07657846
-652.64961540	0.10715308
-652.61628229	0.28998817
-652.58294918	0.45739612
-652.54961606	0.59621540
-652.51628295	0.69428931
-652.48294984	0.74179777
-652.44961673	0.73230144
-652.41628361	0.66437440
-652.38295050	0.54291717
-652.34961739	0.37930347
-652.31628427	0.18929414
-652.28295116	-0.00807732
-652.24961805	-0.19361644
-652.21628494	-0.35101312
-652.18295182	-0.46852128
-652.14961871	-0.54022428
-652.11628560	-0.56685760
-652.08295248	-0.55375652
-652.04961937	-0.50888559
-652.01628626	-0.44086199
-651.98295315	-0.35717393
-651.94962003	-0.26434804
-651.91628692	-0.16798114
-651.88295381	-0.07294069
-651.84962069	0.01628536
-651.81628758	0.09549121
-651.78295447	0.16157231
-651.74962136	0.21240819
-651.71628824	0.24748348
-651.68295513	0.26724680
-651.64962202	0.27269978
-651.61628890	0.26459209
-651.58295579	0.24357071
-651.54962268	0.21076678
-651.51628957	0.16879420
-651.48295645	0.12139845
-651.44962334	0.07279675
-651.41629023	0.02598078
-651.38295711	-0.01751074
-651.34962400	-0.05803492
-651.31629089	-0.09675845
-651.28295778	-0.13546648
-651.24962466	-0.17557333
-651.21629155	-0.21724537
-651.18295844	-0.25876076
-651.14962532	-0.29639982
-651.11629221	-0.32492562
-651.08295910	-0.33925062
-651.04962599	-0.33580982
-651.01629287	-0.31283597
-650.98295976	-0.27018951
-650.94962665	-0.20898459
-650.91629353	-0.13082297
-650.88296042	-0.03879222
-650.84962731	0.06311862
-650.81629420	0.16970156
-650.78296108	0.27449936
-650.74962797	0.36945920
-650.71629486	0.44558593
-650.68296174	0.49353318
-650.64962863	0.50586310
-650.61629552	0.47881672
-650.58296241	0.41347994
-650.54962929	0.31560270
-650.51629618	0.19447825
-650.48296307	0.06129463
-650.44962995	-0.07214130
-650.41629684	-0.19408774
-650.38296373	-0.29388154
-650.34963062	-0.36243089
-650.31629750	-0.39359878
-650.28296439	-0.38532737
-650.24963128	-0.34025517
-650.21629816	-0.26637350
-650.18296505	-0.17507800
-650.14963194	-0.07932719
-650.11629883	0.00879601
-650.08296571	0.08000380
-650.04963260	0.12857874
-650.01629949	0.15211479
-649.98296637	0.15110818
-649.94963326	0.12829864
-649.91630015	0.08843435
-649.88296704	0.03716289
-649.84963392	-0.01989284
-649.81630081	-0.07819026
-649.78296770	-0.13426412
-649.74963458	-0.18605103
-649.71630147	-0.23147981
-649.68296836	-0.26832717
-649.64963525	-0.29435115
-649.61630213	-0.30740939
-649.58296902	-0.30600006
-649.54963591	-0.28916616
-649.51630279	-0.25701099
-649.48296968	-0.21028398
-649.44963657	-0.15072840
-649.41630346	-0.08227154
-649.38297034	-0.01014116
-649.34963723	0.05853582
-649.31630412	0.11641418
-649.28297100	0.15751520
-649.24963789	0.17854127
-649.21630478	0.18038406
-649.18297167	0.16818156
-649.14963855	0.14975381
-649.11630544	0.13301444
-649.08297233	0.12347377
-649.04963921	0.12222547
-649.01630610	0.12623683
-648.98297299	0.13047224
-648.94963988	0.13072874
-648.91630676	0.12506841
-648.88297365	0.11398733
-648.84964054	0.09956126
-648.81630742	0.08422089
-648.78297431	0.07017054
-648.74964120	0.05934353
-648.71630809	0.05230853
-648.68297497	0.04878163
-648.64964186	0.04724263
-648.61630875	0.04500624
-648.58297563	0.03855904
-648.54964252	0.02481270
-648.51630941	0.00153147
-648.48297630	-0.03158577
-648.44964318	-0.07208988
-648.41631007	-0.11594135
-648.38297696	-0.15856759
-648.34964384	-0.19587243
-648.31631073	-0.22490155
-648.28297762	-0.24320814
-648.24964451	-0.24926544
-648.21631139	-0.24176464
-648.18297828	-0.22050457
-648.14964517	-0.18646594
-648.11631205	-0.14218027
-648.08297894	-0.09124892
-648.04964583	-0.03730643
-648.01631272	0.01596729
-647.98297960	0.06515966
-647.94964649	0.10778056
-647.91631338	0.14138025
-647.88298026	0.16400725
-647.84964715	0.17393789
-647.81631404	0.17010596
-647.78298093	0.15214836
-647.74964781	0.12095188
-647.71631470	0.08008212
-647.68298159	0.03483433
-647.64964847	-0.00799162
-647.61631536	-0.04146185
-647.58298225	-0.06095303
-647.54964914	-0.06510795
-647.51631602	-0.05651090
-647.48298291	-0.04037926
-647.44964980	-0.02253180
-647.41631668	-0.00680754
-647.38298357	0.00584009
-647.34965046	0.01711588
-647.31631735	0.02964264
-647.28298423	0.04565159
-647.24965112	0.06568454
-647.21631801	0.08834122
-647.18298490	0.11155699
-647.14965178	0.13262954
-647.11631867	0.14993033
-647.08298556	0.16241263
-647.04965244	0.16925708
-647.01631933	0.17011235
-646.98298622	0.16425611
-646.94965311	0.15155899
-646.91631999	0.13238742
-646.88298688	0.10763885
-646.84965377	0.07915289
-646.81632065	0.04921390
-646.78298754	0.02018238
-646.74965443	-0.00609585
-646.71632132	-0.02792013
-646.68298820	-0.04342143
-646.64965509	-0.05042879
-646.61632198	-0.04712821
-646.58298886	-0.03242240
-646.54965575	-0.00718243
-646.51632264	0.02591508
-646.48298953	0.06297811
-646.44965641	0.10024310
-646.41632330	0.13465029
-646.38299019	0.16431419
-646.34965707	0.18786265
-646.31632396	0.20470941
-646.28299085	0.21446997
-646.24965774	0.21737643
-646.21632462	0.21418079
-646.18299151	0.20574949
-646.14965840	0.19315517
-646.11632528	0.17737085
-646.08299217	0.15857093
-646.04965906	0.13562220
-646.01632595	0.10558810
-645.98299283	0.06448911
-645.94965972	0.00771063
-645.91632661	-0.06834579
-645.88299349	-0.16574982
-645.84966038	-0.28512514
-645.81632727	-0.42503921
-645.78299416	-0.58140832
-645.74966104	-0.74715518
-645.71632793	-0.91234496
-645.68299482	-1.06476273
-645.64966170	-1.19166893
-645.61632859	-1.28082572
-645.58299548	-1.32216201
-645.54966237	-1.30865038
-645.51632925	-1.23810097
-645.48299614	-1.11394145
-645.44966303	-0.94448796
-645.41632991	-0.74153408
-645.38299680	-0.51770968
-645.34966369	-0.28495684
-645.31633058	-0.05277269
-645.28299746	0.17149281
-645.24966435	0.38233016
-645.21633124	0.57525132
-645.18299812	0.74550894
-645.14966501	0.88721315
-645.11633190	0.99380908
-645.08299879	1.05926450
-645.04966567	1.07979561
-645.01633256	1.05472295
-644.98299945	0.98670307
-644.94966633	0.88121580
-644.91633322	0.74617668
-644.88300011	0.59135020
-644.84966700	0.42774152
-644.81633388	0.26701356
-644.78300077	0.12014756
-644.74966766	-0.00386799
-644.71633454	-0.09893551
-644.68300143	-0.16291655
-644.64966832	-0.19753469
-644.61633521	-0.20823846
-644.58300209	-0.20224698
-644.54966898	-0.18760833
-644.51633587	-0.17066132
-644.48300275	-0.15540644
-644.44966964	-0.14299261
-644.41633653	-0.13219107
-644.38300342	-0.12086468
-644.34967030	-0.10741857
-644.31633719	-0.09154055
-644.28300408	-0.07441170
-644.24967096	-0.05803058
-644.21633785	-0.04424208
-644.18300474	-0.03401336
-644.14967163	-0.02713814
-644.11633851	-0.02160659
-644.08300540	-0.01436219
-644.04967229	-0.00196717
-644.01633917	0.01815367
-643.98300606	0.04696243
-643.94967295	0.08254254
-643.91633984	0.12128498
-643.88300672	0.15832206
-643.84967361	0.18864830
-643.81634050	0.20822677
-643.78300738	0.21404992
-643.74967427	0.20527295
-643.71634116	0.18297148
-643.68300805	0.14987543
-643.64967493	0.10943334
-643.61634182	0.06571096
-643.58300871	0.02299487
-643.54967559	-0.01472611
-643.51634248	-0.04438506
-643.48300937	-0.06384738
-643.44967626	-0.07282487
-643.41634314	-0.07235588
-643.38301003	-0.06406574
-643.34967692	-0.04962366
-643.31634380	-0.03070681
-643.28301069	-0.00856959
-643.24967758	0.01508828
-643.21634447	0.03843821
-643.18301135	0.05897102
-643.14967824	0.07442286
-643.11634513	0.08322405
-643.08301201	0.08500718
-643.04967890	0.08043139
-643.01634579	0.07086668
-642.98301268	0.05736091
-642.94967956	0.03948900
-642.91634645	0.01623800
-642.88301334	-0.01410484
-642.84968022	-0.05203497
-642.81634711	-0.09616734
-642.78301400	-0.14271348
-642.74968089	-0.18693409
-642.71634777	-0.22428893
-642.68301466	-0.25168786
-642.64968155	-0.26767110
-642.61634843	-0.27199263
-642.58301532	-0.26481028
-642.54968221	-0.24645420
-642.51634910	-0.21706756
-642.48301598	-0.17655450
-642.44968287	-0.12528732
-642.41634976	-0.06428542
-642.38301664	0.00440861
-642.34968353	0.07733016
-642.31635042	0.15020821
-642.28301731	0.21838484
-642.24968419	0.27753594
-642.21635108	0.32382064
-642.18301797	0.35386147
-642.14968485	0.36451375
-642.11635174	0.35346472
-642.08301863	0.31996715
-642.04968552	0.26545490
-642.01635240	0.19362951
-641.98301929	0.10994037
-641.94968618	0.02070690
-641.91635306	-0.06741695
-641.88301995	-0.14776453
-641.84968684	-0.21422569
-641.81635373	-0.26174182
-641.78302061	-0.28703395
-641.74968750	-0.28855921
-641.71635439	-0.26647023
-641.68302127	-0.22249347
-641.64968816	-0.15993697
-641.61635505	-0.08378061
-641.58302194	-0.00086991
-641.54968882	0.08117599
-641.51635571	0.15468318
-641.48302260	0.21310208
-641.44968948	0.25203401
-641.41635637	0.26875095
-641.38302326	0.26269413
-641.34969015	0.23525972
-641.31635703	0.18897849
-641.28302392	0.12818591
-641.24969081	0.05809121
-641.21635769	-0.01496825
-641.18302458	-0.08476138
-641.14969147	-0.14595144
-641.11635836	-0.19457205
-641.08302524	-0.22894227
-641.04969213	-0.24865700
-641.01635902	-0.25453386
-640.98302590	-0.24799044
-640.94969279	-0.23110251
-640.91635968	-0.20638487
-640.88302657	-0.17739649
-640.84969345	-0.14761549
-640.81636034	-0.11973492
-640.78302723	-0.09477236
-640.74969411	-0.07136972
-640.71636100	-0.04687044
-640.68302789	-0.01851299
-640.64969478	0.01470476
-640.61636166	0.05199906
-640.58302855	0.09030895
-640.54969544	0.12569665
-640.51636232	0.15407428
-640.48302921	0.17219179
-640.44969610	0.17862030
-640.41636299	0.17366831
-640.38302987	0.15867829
-640.34969676	0.13541286
-640.31636365	0.10483725
-640.28303053	0.06794415
-640.24969742	0.02623936
-640.21636431	-0.01773315
-640.18303120	-0.06031389
-640.14969808	-0.09718876
-640.11636497	-0.12447799
-640.08303186	-0.13901116
-640.04969874	-0.13864597
-640.01636563	-0.12245796
-639.98303252	-0.09082441
-639.94969941	-0.04593196
-639.91636629	0.00902714
-639.88303318	0.06925637
-639.84970007	0.12925288
-639.81636695	0.18222445
-639.78303384	0.22131387
-639.74970073	0.24061684
-639.71636762	0.23699688
-639.68303450	0.21077783
-639.64970139	0.16629661
-639.61636828	0.11065174
-639.58303516	0.05235260
-639.54970205	-0.00081427
-639.51636894	-0.04310576
-639.48303583	-0.07167321
-639.44970271	-0.08697516
-639.41636960	-0.09239434
-639.38303649	-0.09294288
-639.34970337	-0.09489723
-639.31637026	-0.10335218
-639.28303715	-0.12090903
-639.24970404	-0.14706393
-639.21637092	-0.17797345
-639.18303781	-0.20780896
-639.14970470	-0.23073754
-639.11637158	-0.24168903
-639.08303847	-0.23796401
-639.04970536	-0.21924169
-639.01637225	-0.18705597
-638.98303913	-0.14497257
-638.94970602	-0.09607351
-638.91637291	-0.04299260
-638.88303980	0.01258708
-638.84970668	0.06960783
-638.81637357	0.12605081
-638.78304046	0.17822432
-638.74970734	0.22150338
-638.71637423	0.25116157
-638.68304112	0.26356830
-638.64970801	0.25703914
-638.61637489	0.23206345
-638.58304178	0.19103006
-638.54970867	0.13813953
-638.51637555	0.07816402
-638.48304244	0.01656276
-638.44970933	-0.04194178
-638.41637622	-0.09287709
-638.38304310	-0.13274710
-638.34970999	-0.15862278
-638.31637688	-0.16824604
-638.28304376	-0.16010662
-638.24971065	-0.13337432
-638.21637754	-0.08885627
-638.18304443	-0.02914458
-638.14971131	0.04070692
-638.11637820	0.11391449
-638.08304509	0.18258168
-638.04971197	0.23902822
-638.01637886	0.27737403
-637.98304575	0.29418385
-637.94971264	0.28957347
-637.91637952	0.26647848
-637.88304641	0.22948334
-637.84971330	0.18372972
-637.81638018	0.13350872
-637.78304707	0.08189556
-637.74971396	0.03090020
-637.71638085	-0.01827863
-637.68304773	-0.06542267
-637.64971462	-0.11054623
-637.61638151	-0.15397128
-637.58304839	-0.19481903
-637.54971528	-0.23093751
-637.51638217	-0.25873461
-637.48304906	-0.27378835
-637.44971594	-0.27204443
-637.41638283	-0.25102044
-637.38304972	-0.21088567
-637.34971660	-0.15479379
-637.31638349	-0.08889672
-637.28305038	-0.02075173
-637.24971727	0.04157768
-637.21638415	0.09123578
-637.18305104	0.12249362
-637.14971793	0.13183269
-637.11638481	0.11752975
-637.08305170	0.07997654
-637.04971859	0.02198654
-637.01638548	-0.05126258
-636.98305236	-0.13264936
-636.94971925	-0.21374429
-636.91638614	-0.28552958
-636.88305302	-0.34008063
-636.84971991	-0.37214126
-636.81638680	-0.37904931
-636.78305369	-0.36177824
-636.74972057	-0.32397681
-636.71638746	-0.27077875
-636.68305435	-0.20802741
-636.64972123	-0.14128248
-636.61638812	-0.07489619
-636.58305501	-0.01168324
-636.54972190	0.04693363
-636.51638878	0.10069062
-636.48305567	0.14937175
-636.44972256	0.19310786
-636.41638944	0.23105379
-636.38305633	0.26224346
-636.34972322	0.28596541
-636.31639011	0.30200564
-636.28305699	0.31014917
-636.24972388	0.31036541
-636.21639077	0.30239192
-636.18305765	0.28598855
-636.14972454	0.26113194
-636.11639143	0.22844957
-636.08305832	0.18910681
-636.04972520	0.14567381
-636.01639209	0.10095704
-635.98305898	0.05779342
-635.94972586	0.01815221
-635.91639275	-0.01767029
-635.88305964	-0.05005115
-635.84972653	-0.07981512
-635.81639341	-0.10720020
-635.78306030	-0.13140016
-635.74972719	-0.15105416
-635.71639407	-0.16433015
-635.68306096	-0.16981563
-635.64972785	-0.16663924
-635.61639474	-0.15531152
-635.58306162	-0.13710228
-635.54972851	-0.11412267
-635.51639540	-0.08873860
-635.48306228	-0.06325493
-635.44972917	-0.03896190
-635.41639606	-0.01674779
-635.38306295	0.00356806
-635.34972983	0.02268765
-635.31639672	0.04147002
-635.28306361	0.06006012
-635.24973049	0.07803463
-635.21639738	0.09426874
-635.18306427	0.10715149
-635.14973116	0.11450095
-635.11639804	0.11438064
-635.08306493	0.10553004
-635.04973182	0.08779204
-635.01639870	0.06234329
-634.98306559	0.03142077
-634.94973248	-0.00185228
-634.91639937	-0.03392402
-634.88306625	-0.06129042
-634.84973314	-0.08060848
-634.81640003	-0.08952160
-634.78306691	-0.08730487
-634.74973380	-0.07450855
-634.71640069	-0.05294801
-634.68306758	-0.02459831
-634.64973446	0.00845116
-634.61640135	0.04396911
-634.58306824	0.07953740
-634.54973512	0.11251495
-634.51640201	0.14060370
-634.48306890	0.16134720
-634.44973579	0.17305852
-634.41640267	0.17488125
-634.38306956	0.16698763
-634.34973645	0.15044647
-634.31640333	0.12676232
-634.28307022	0.09758897
-634.24973711	0.06437835
-634.21640400	0.02839165
-634.18307088	-0.00942533
-634.14973777	-0.04758053
-634.11640466	-0.08392920
-634.08307154	-0.11614394
-634.04973843	-0.14196182
-634.01640532	-0.16025028
-633.98307221	-0.17122406
-633.94973909	-0.17603541
-633.91640598	-0.17628965
-633.88307287	-0.17243605
-633.84973975	-0.16398244
-633.81640664	-0.14956919
-633.78307353	-0.12794983
-633.74974042	-0.09859933
-633.71640730	-0.06253222
-633.68307419	-0.02271766
-633.64974108	0.01689875
-633.61640796	0.05190036
-633.58307485	0.07834085
-633.54974174	0.09394305
-633.51640863	0.09802597
-633.48307551	0.09137838
-633.44974240	0.07562770
-633.41640929	0.05300191
-633.38307617	0.02603074
-633.34974306	-0.00237558
-633.31640995	-0.02895265
-633.28307684	-0.05049186
-633.24974372	-0.06427534
-633.21641061	-0.06865434
-633.18307750	-0.06317404
-633.14974438	-0.04811679
-633.11641127	-0.02489277
-633.08307816	0.00483446
-633.04974505	0.03891857
-633.01641193	0.07491956
-632.98307882	0.11023836
-632.94974571	0.14231976
-632.91641259	0.16838077
-632.88307948	0.18573741
-632.84974637	0.19160451
-632.81641326	0.18436840
-632.78308014	0.16353218
-632.74974703	0.13068043
-632.71641392	0.08926163
-632.68308080	0.04383321
-632.64974769	-0.00095309
-632.61641458	-0.04110090
-632.58308147	-0.07407650
-632.54974835	-0.09841695
-632.51641524	-0.11373026
-632.48308213	-0.12078276
-632.44974901	-0.12070101
-632.41641590	-0.11526709
-632.38308279	-0.10640287
-632.34974968	-0.09566997
-632.31641656	-0.08479062
-632.28308345	-0.07494457
-632.24975034	-0.06725223
-632.21641722	-0.06239941
-632.18308411	-0.06070592
-632.14975100	-0.06209395
-632.11641789	-0.06543130
-632.08308477	-0.06932034
-632.04975166	-0.07161683
-632.01641855	-0.07009496
-631.98308543	-0.06271353
-631.94975232	-0.04855364
-631.91641921	-0.02798144
-631.88308610	-0.00256398
-631.84975298	0.02473107
-631.81641987	0.05055548
-631.78308676	0.07163626
-631.74975364	0.08565118
-631.71642053	0.09120265
-631.68308742	0.08820215
-631.64975431	0.07724167
-631.61642119	0.05948400
-631.58308808	0.03662388
-631.54975497	0.01097843
-631.51642185	-0.01499790
-631.48308874	-0.03887932
-631.44975563	-0.05834505
-631.41642252	-0.07166941
-631.38308940	-0.07762684
-631.34975629	-0.07531344
-631.31642318	-0.06432085
-631.28309006	-0.04502970
-631.24975695	-0.01848015
-631.21642384	0.01362252
-631.18309073	0.04879722
-631.14975761	0.08415750
-631.11642450	0.11629675
-631.08309139	0.14195873
-631.04975827	0.15807036
-631.01642516	0.16279771
-630.98309205	0.15536704
-630.94975894	0.13649191
-630.91642582	0.10821370
-630.88309271	0.07345415
-630.84975960	0.03541015
-630.81642648	-0.00252558
-630.78309337	-0.03703854
-630.74976026	-0.06567272
-630.71642715	-0.08664586
-630.68309403	-0.09940387
-630.64976092	-0.10452454
-630.61642781	-0.10345109
-630.58309470	-0.09844076
-630.54976158	-0.09143299
-630.51642847	-0.08396459
-630.48309536	-0.07630304
-630.44976224	-0.06800641
-630.41642913	-0.05787649
-630.38309602	-0.04500733
-630.34976291	-0.02931999
-630.31642979	-0.01188445
-630.28309668	0.00559316
-630.24976357	0.02122144
-630.21643045	0.03357619
-630.18309734	0.04219595
-630.14976423	0.04740348
-630.11643112	0.04945859
-630.08309800	0.04856735
-630.04976489	0.04440410
-630.01643178	0.03666296
-629.98309866	0.02507926
-629.94976555	0.00983267
-629.91643244	-0.00842876
-629.88309933	-0.02880905
-629.84976621	-0.04944649
-629.81643310	-0.06860180
-629.78309999	-0.08457216
-629.74976687	-0.09611441
-629.71643376	-0.10264023
-629.68310065	-0.10416841
-629.64976754	-0.10062981
-629.61643442	-0.09148593
-629.58310131	-0.07576470
-629.54976820	-0.05202310
-629.51643508	-0.01925376
-629.48310197	0.02228133
-629.44976886	0.07073628
-629.41643575	0.12220700
-629.38310263	0.17124042
-629.34976952	0.21209140
-629.31643641	0.23938249
-629.28310329	0.24927993
-629.24977018	0.24034353
-629.21643707	0.21323494
-629.18310396	0.17090865
-629.14977084	0.11777954
-629.11643773	0.05933648
-629.08310462	0.00145671
-629.04977150	-0.04994591
-629.01643839	-0.09012569
-628.98310528	-0.11558269
-628.94977217	-0.12507110
-628.91643905	-0.11954337
-628.88310594	-0.10206676
-628.84977283	-0.07685616
-628.81643971	-0.04829364
-628.78310660	-0.02018149
-628.74977349	0.00444420
-628.71644038	0.02352216
-628.68310726	0.03554349
-628.64977415	0.03971387
-628.61644104	0.03575852
-628.58310792	0.02422127
-628.54977481	0.00657225
-628.51644170	-0.01518259
-628.48310859	-0.03876441
-628.44977547	-0.06198839
-628.41644236	-0.08351972
-628.38310925	-0.10303079
-628.34977613	-0.12057738
-628.31644302	-0.13669186
-628.28310991	-0.15120710
-628.24977680	-0.16354321
-628.21644368	-0.17245444
-628.18311057	-0.17633573
-628.14977746	-0.17369303
-628.11644434	-0.16335295
-628.08311123	-0.14497621
-628.04977812	-0.11922133
-628.01644501	-0.08723766
-627.98311189	-0.05106070
-627.94977878	-0.01272510
-627.91644567	0.02552320
-627.88311255	0.06166403
-627.84977944	0.09417469
-627.81644633	0.12187487
-627.78311322	0.14435440
-627.74978010	0.16145933
-627.71644699	0.17342892
-627.68311388	0.18071909
-627.64978076	0.18391331
-627.61644765	0.18408902
-627.58311454	0.18193414
-627.54978143	0.17735929
-627.51644831	0.16952425
-627.48311520	0.15719371
-627.44978209	0.13895545
-627.41644897	0.11450059
-627.38311586	0.08428330
-627.34978275	0.04974175
-627.31644964	0.01309041
-627.28311652	-0.02280972
-627.24978341	-0.05527868
-627.21645030	-0.08228265
-627.18311718	-0.10250100
-627.14978407	-0.11528498
-627.11645096	-0.12049143
-627.08311785	-0.11806422
-627.04978473	-0.10806195
-627.01645162	-0.09123736
-626.98311851	-0.06907433
-626.94978539	-0.04396748
-626.91645228	-0.01855236
-626.88311917	0.00449167
-626.84978606	0.02307759
-626.81645294	0.03597934
-626.78311983	0.04275728
-626.74978672	0.04391287
-626.71645360	0.04068958
-626.68312049	0.03439131
-626.64978738	0.02633772
-626.61645427	0.01732230
-626.58312115	0.00778692
-626.54978804	-0.00210461
-626.51645493	-0.01240338
-626.48312181	-0.02339701
-626.44978870	-0.03505040
-626.41645559	-0.04692572
-626.38312248	-0.05844081
-626.34978936	-0.06839645
-626.31645625	-0.07535817
-626.28312314	-0.07807158
-626.24979002	-0.07529263
-626.21645691	-0.06608603
-626.18312380	-0.05050683
-626.14979069	-0.02878967
-626.11645757	-0.00193913
-626.08312446	0.02841987
-626.04979135	0.05969293
-626.01645823	0.08892128
-625.98312512	0.11301136
-625.94979201	0.12966880
-625.91645890	0.13752912
-625.88312578	0.13657422
-625.84979267	0.12785336
-625.81645956	0.11283749
-625.78312644	0.09322204
-625.74979333	0.07077880
-625.71646022	0.04715452
-625.68312711	0.02395944
-625.64979399	0.00250894
-625.61646088	-0.01610292
-625.58312777	-0.03139455
-625.54979465	-0.04332569
-625.51646154	-0.05207094
-625.48312843	-0.05835803
-625.44979532	-0.06272294
-625.41646220	-0.06520079
-625.38312909	-0.06540699
-625.34979598	-0.06256457
-625.31646286	-0.05605737
-625.28312975	-0.04557920
-625.24979664	-0.03172194
-625.21646353	-0.01562325
-625.18313041	0.00104265
-625.14979730	0.01631577
-625.11646419	0.02856795
-625.08313107	0.03716666
-625.04979796	0.04190571
-625.01646485	0.04343740
-624.98313174	0.04224821
-624.94979862	0.03860665
-624.91646551	0.03222435
-624.88313240	0.02279304
-624.84979928	0.00985079
-624.81646617	-0.00622683
-624.78313306	-0.02482042
-624.74979995	-0.04467615
-624.71646683	-0.06426536
-624.68313372	-0.08194119
-624.64980061	-0.09619342
-624.61646749	-0.10573444
-624.58313438	-0.10963673
-624.54980127	-0.10704147
-624.51646816	-0.09769782
-624.48313504	-0.08204607
-624.44980193	-0.06131614
-624.41646882	-0.03755216
-624.38313570	-0.01317549
-624.34980259	0.00923856
-624.31646948	0.02776503
-624.28313637	0.04104274
-624.24980325	0.04878751
-624.21647014	0.05166374
-624.18313703	0.05107246
-624.14980391	0.04840085
-624.11647080	0.04496875
-624.08313769	0.04170530
-624.04980458	0.03929273
-624.01647146	0.03825531
-623.98313835	0.03901860
-623.94980524	0.04206246
-623.91647212	0.04686606
-623.88313901	0.05289845
-623.84980590	0.05873754
-623.81647279	0.06263267
-623.78313967	0.06312445
-623.74980656	0.05914837
-623.71647345	0.05043738
-623.68314033	0.03749054
-623.64980722	0.02115295
-623.61647411	0.00262519
-623.58314100	-0.01669636
-623.54980788	-0.03547144
-623.51647477	-0.05238859
-623.48314166	-0.06662383
-623.44980854	-0.07705314
-623.41647543	-0.08307478
-623.38314232	-0.08471273
-623.34980921	-0.08230103
-623.31647609	-0.07660324
-623.28314298	-0.06842331
-623.24980987	-0.05859233
-623.21647675	-0.04796255
-623.18314364	-0.03711499
-623.14981053	-0.02704637
-623.11647742	-0.01866158
-623.08314430	-0.01275201
-623.04981119	-0.00982546
-623.01647808	-0.00986499
-622.98314496	-0.01229378
-622.94981185	-0.01613791
-622.91647874	-0.02061446
-622.88314563	-0.02493094
-622.84981251	-0.02827517
-622.81647940	-0.03011819
-622.78314629	-0.02974144
-622.74981317	-0.02687993
-622.71648006	-0.02152637
-622.68314695	-0.01384970
-622.64981384	-0.00419204
-622.61648072	0.00718998
-622.58314761	0.01962477
-622.54981450	0.03244596
-622.51648138	0.04485780
-622.48314827	0.05595420
-622.44981516	0.06531271
-622.41648205	0.07217901
-622.38314893	0.07616180
-622.34981582	0.07712913
-622.31648271	0.07529219
-622.28314960	0.07159262
-622.24981648	0.06707580
-622.21648337	0.06298138
-622.18315026	0.06015755
-622.14981714	0.05885639
-622.11648403	0.05858136
-622.08315092	0.05847596
-622.04981781	0.05702389
-622.01648469	0.05303246
-621.98315158	0.04561290
-621.94981847	0.03457568
-621.91648535	0.02051094
-621.88315224	0.00455215
-621.84981913	-0.01192460
-621.81648602	-0.02736088
-621.78315290	-0.04040075
-621.74981979	-0.04979018
-621.71648668	-0.05472738
-621.68315356	-0.05501675
-621.64982045	-0.05110758
-621.61648734	-0.04432424
-621.58315423	-0.03664427
-621.54982111	-0.03005866
-621.51648800	-0.02622739
-621.48315489	-0.02608231
-621.44982177	-0.02992197
-621.41648866	-0.03686188
-621.38315555	-0.04588818
-621.34982244	-0.05511400
-621.31648932	-0.06255283
-621.28315621	-0.06604731
-621.24982310	-0.06405804
-621.21648998	-0.05588577
-621.18315687	-0.04180920
-621.14982376	-0.02297449
-621.11649065	-0.00109279
-621.08315753	0.02140270
-621.04982442	0.04144417
-621.01649131	0.05624273
-620.98315819	0.06286909
-620.94982508	0.05970189
-620.91649197	0.04696505
-620.88315886	0.02617883
-620.84982574	0.00112282
-620.81649263	-0.02383902
-620.78315952	-0.04431921
-620.74982640	-0.05694413
-620.71649329	-0.06013441
-620.68316018	-0.05420599
-620.64982707	-0.04065922
-620.61649395	-0.02213489
-620.58316084	-0.00139172
-620.54982773	0.01920670
-620.51649461	0.03769005
-620.48316150	0.05252853
-620.44982839	0.06275608
-620.41649528	0.06818398
-620.38316216	0.06922310
-620.34982905	0.06688906
-620.31649594	0.06256481
-620.28316282	0.05753197
-620.24982971	0.05259726
-620.21649660	0.04766095
-620.18316349	0.04210941
-620.14983037	0.03495619
-620.11649726	0.02549812
-620.08316415	0.01355676
-620.04983103	-0.00035202
-620.01649792	-0.01494247
-619.98316481	-0.02848109
-619.94983170	-0.03926519
-619.91649858	-0.04600298
-619.88316547	-0.04817963
-619.84983236	-0.04582785
-619.81649924	-0.03962381
-619.78316613	-0.03084647
-619.74983302	-0.02129525
-619.71649991	-0.01294352
-619.68316679	-0.00747668
-619.64983368	-0.00606779
-619.61650057	-0.00877210
-619.58316745	-0.01480616
-619.54983434	-0.02274825
-619.51650123	-0.03092305
-619.48316812	-0.03830409
-619.44983500	-0.04397924
-619.41650189	-0.04783813
-619.38316878	-0.05004762
-619.34983566	-0.05080674
-619.31650255	-0.05034966
-619.28316944	-0.04902129
-619.24983633	-0.04697624
-619.21650321	-0.04441072
-619.18317010	-0.04178263
-619.14983699	-0.03949252
-619.11650387	-0.03780503
-619.08317076	-0.03706224
-619.04983765	-0.03663144
-619.01650454	-0.03554722
-618.98317142	-0.03267062
-618.94983831	-0.02645619
-618.91650520	-0.01550634
-618.88317208	0.00074027
-618.84983897	0.02175037
-618.81650586	0.04572855
-618.78317275	0.07029187
-618.74983963	0.09270680
-618.71650652	0.11085581
-618.68317341	0.12337367
-618.64984029	0.12932520
-618.61650718	0.12853743
-618.58317407	0.12115776
-618.54984096	0.10776180
-618.51650784	0.08920371
-618.48317473	0.06679302
-618.44984162	0.04195578
-618.41650850	0.01605771
-618.38317539	-0.00920836
-618.34984228	-0.03244945
-618.31650917	-0.05250087
-618.28317605	-0.06781025
-618.24984294	-0.07740766
-618.21650983	-0.08061685
-618.18317671	-0.07728182
-618.14984360	-0.06755035
-618.11651049	-0.05285262
-618.08317738	-0.03517375
-618.04984426	-0.01691018
-618.01651115	-0.00082099
-617.98317804	0.01094636
-617.94984492	0.01679434
-617.91651181	0.01626960
-617.88317870	0.00981320
-617.84984559	-0.00126780
-617.81651247	-0.01488066
-617.78317936	-0.02899932
-617.74984625	-0.04173118
-617.71651313	-0.05114726
-617.68318002	-0.05649853
-617.64984691	-0.05755302
-617.61651380	-0.05491387
-617.58318068	-0.04959251
-617.54984757	-0.04288047
-617.51651446	-0.03587226
-617.48318134	-0.02947715
-617.44984823	-0.02386017
-617.41651512	-0.01907029
-617.38318201	-0.01485921
-617.34984889	-0.01074981
-617.31651578	-0.00669000
-617.28318267	-0.00276583
-617.24984955	0.00088178
-617.21651644	0.00424509
-617.18318333	0.00785432
-617.14985022	0.01246128
-617.11651710	0.01860154
-617.08318399	0.02660463
-617.04985088	0.03655551
-617.01651776	0.04822068
-616.98318465	0.06115688
-616.94985154	0.07474587
-616.91651843	0.08805414
-616.88318531	0.09987829
-616.84985220	0.10872502
-616.81651909	0.11288520
-616.78318597	0.11136012
-616.74985286	0.10347530
-616.71651975	0.08931144
-616.68318664	0.06985323
-616.64985352	0.04688941
-616.61652041	0.02263826
-616.58318730	-0.00080141
-616.54985418	-0.02150372
-616.51652107	-0.03820752
-616.48318796	-0.05022356
-616.44985485	-0.05740398
-616.41652173	-0.06001695
-616.38318862	-0.05809051
-616.34985551	-0.05211232
-616.31652239	-0.04249797
-616.28318928	-0.03006712
-616.24985617	-0.01592934
-616.21652306	-0.00121114
-616.18318994	0.01250639
-616.14985683	0.02387761
-616.11652372	0.03173576
-616.08319060	0.03512252
-616.04985749	0.03405711
-616.01652438	0.02916891
-615.98319127	0.02169514
-615.94985815	0.01291075
-615.91652504	0.00462896
-615.88319193	-0.00189974
-615.84985881	-0.00561600
-615.81652570	-0.00613081
-615.78319259	-0.00398781
-615.74985948	-0.00024012
-615.71652636	0.00390477
-615.68319325	0.00729630
-615.64986014	0.00932426
-615.61652702	0.00967554
-615.58319391	0.00849230
-615.54986080	0.00597220
-615.51652769	0.00231718
-615.48319457	-0.00174408
-615.44986146	-0.00568710
-615.41652835	-0.00897535
-615.38319523	-0.01104733
-615.34986212	-0.01155613
-615.31652901	-0.01047133
-615.28319590	-0.00801611
-615.24986278	-0.00498758
-615.21652967	-0.00231867
-615.18319656	-0.00085220
-615.14986344	-0.00096311
-615.11653033	-0.00228820
-615.08319722	-0.00424955
-615.04986411	-0.00591041
-615.01653099	-0.00697169
-614.98319788	-0.00728122
-614.94986477	-0.00687385
-614.91653165	-0.00615026
-614.88319854	-0.00512724
-614.84986543	-0.00379643
-614.81653232	-0.00233056
-614.78319920	-0.00054684
-614.74986609	0.00136089
-614.71653298	0.00278462
-614.68319986	0.00300071
-614.64986675	0.00130883
-614.61653364	-0.00263203
-614.58320053	-0.00892633
-614.54986741	-0.01670924
-614.51653430	-0.02513419
-614.48320119	-0.03280499
-614.44986807	-0.03889089
-614.41653496	-0.04327029
-614.38320185	-0.04618203
-614.34986874	-0.04813386
-614.31653562	-0.04990168
-614.28320251	-0.05199592
-614.24986940	-0.05468924
-614.21653628	-0.05795289
-614.18320317	-0.06159636
-614.14987006	-0.06495272
-614.11653695	-0.06731853
-614.08320383	-0.06769679
-614.04987072	-0.06546301
-614.01653761	-0.06000961
-613.98320450	-0.05121936
-613.94987138	-0.03960654
-613.91653827	-0.02641508
-613.88320516	-0.01291602
-613.84987204	-0.00052516
-613.81653893	0.00991477
-613.78320582	0.01797336
-613.74987271	0.02322967
-613.71653959	0.02535614
-613.68320648	0.02393327
-613.64987337	0.01880888
-613.61654025	0.01024432
-613.58320714	-0.00073121
-613.54987403	-0.01257836
-613.51654092	-0.02358684
-613.48320780	-0.03192766
-613.44987469	-0.03601856
-613.41654158	-0.03504690
-613.38320846	-0.02883921
-613.34987535	-0.01847204
-613.31654224	-0.00535558
-613.28320913	0.00875084
-613.24987601	0.02233434
-613.21654290	0.03443291
-613.18320979	0.04456379
-613.14987667	0.05266173
-613.11654356	0.05883772
-613.08321045	0.06338639
-613.04987734	0.06614514
-613.01654422	0.06728325
-612.98321111	0.06640140
-612.94987800	0.06308929
-612.91654488	0.05729277
-612.88321177	0.04893682
-612.84987866	0.03820937
-612.81654555	0.02562476
-612.78321243	0.01168373
-612.74987932	-0.00300245
-612.71654621	-0.01785750
-612.68321309	-0.03236179
-612.64987998	-0.04584682
-612.61654687	-0.05744745
-612.58321376	-0.06644485
-612.54988064	-0.07206467
-612.51654753	-0.07397599
-612.48321442	-0.07225946
-612.44988130	-0.06732762
-612.41654819	-0.05949036
-612.38321508	-0.04924747
-612.34988197	-0.03736496
-612.31654885	-0.02440660
-612.28321574	-0.01128114
-612.24988263	0.00080584
-612.21654951	0.01091945
-612.18321640	0.01805895
-612.14988329	0.02210801
-612.11655018	0.02349194
-612.08321706	0.02345651
-612.04988395	0.02310962
-612.01655084	0.02320108
-611.98321772	0.02358618
-611.94988461	0.02399489
-611.91655150	0.02378117
-611.88321839	0.02262722
-611.84988527	0.02072992
-611.81655216	0.01854812
-611.78321905	0.01683914
-611.74988593	0.01609450
-611.71655282	0.01645687
-611.68321971	0.01779815
-611.64988660	0.01981803
-611.61655348	0.02199045
-611.58322037	0.02379191
-611.54988726	0.02509435
-611.51655414	0.02572263
-611.48322103	0.02574225
-611.44988792	0.02537885
-611.41655481	0.02448639
-611.38322169	0.02319274
-611.34988858	0.02159511
-611.31655547	0.02005526
-611.28322235	0.01896595
-611.24988924	0.01859402
-611.21655613	0.01909342
-611.18322302	0.01963242
-611.14988990	0.01929427
-611.11655679	0.01684574
-611.08322368	0.01155312
-611.04989056	0.00289410
-611.01655745	-0.00876504
-610.98322434	-0.02266132
-610.94989123	-0.03739994
-610.91655811	-0.05126464
-610.88322500	-0.06254162
-610.84989189	-0.07014642
-610.81655877	-0.07344148
-610.78322566	-0.07251780
-610.74989255	-0.06758611
-610.71655944	-0.05917237
-610.68322632	-0.04740870
-610.64989321	-0.03280287
-610.61656010	-0.01614174
-610.58322698	0.00146955
-610.54989387	0.01868526
-610.51656076	0.03411356
-610.48322765	0.04621102
-610.44989453	0.05379212
-610.41656142	0.05612373
-610.38322831	0.05293708
-610.34989519	0.04446372
-610.31656208	0.03154480
-610.28322897	0.01510676
-610.24989586	-0.00329185
-610.21656274	-0.02184122
-610.18322963	-0.03839167
-610.14989652	-0.05107555
-610.11656340	-0.05853932
-610.08323029	-0.06029626
-610.04989718	-0.05611070
-610.01656407	-0.04681182
-609.98323095	-0.03340172
-609.94989784	-0.01729840
-609.91656473	-0.00024600
-609.88323161	0.01600168
-609.84989850	0.03011603
-609.81656539	0.04126895
-609.78323228	0.04918712
-609.74989916	0.05415388
-609.71656605	0.05683861
-609.68323294	0.05764193
-609.64989982	0.05701858
-609.61656671	0.05513312
-609.58323360	0.05195276
-609.54990049	0.04743287
-609.51656737	0.04166964
-609.48323426	0.03495355
-609.44990115	0.02772939
-609.41656803	0.02021189
-609.38323492	0.01290320
-609.34990181	0.00608373
-609.31656870	-0.00006521
-609.28323558	-0.00558088
-609.24990247	-0.01053986
-609.21656936	-0.01498144
-609.18323624	-0.01903771
-609.14990313	-0.02275324
-609.11657002	-0.02600551
-609.08323691	-0.02863917
-609.04990379	-0.03035082
-609.01657068	-0.03054888
-608.98323757	-0.02901697
-608.94990445	-0.02544296
-608.91657134	-0.01987038
-608.88323823	-0.01270323
-608.84990512	-0.00431961
-608.81657200	0.00480675
-608.78323889	0.01396903
-608.74990578	0.02225967
-608.71657266	0.02837146
-608.68323955	0.03108313
-608.64990644	0.02894262
-608.61657333	0.02088963
-608.58324021	0.00716506
-608.54990710	-0.01114166
-608.51657399	-0.03161498
-608.48324087	-0.05127269
-608.44990776	-0.06708109
-608.41657465	-0.07656764
-608.38324154	-0.07849094
-608.34990842	-0.07265024
-608.31657531	-0.06016994
-608.28324220	-0.04272056
-608.24990908	-0.02249442
-608.21657597	-0.00159026
-608.18324286	0.01825382
-608.14990975	0.03585334
-608.11657663	0.05080854
-608.08324352	0.06291719
-608.04991041	0.07196445
-608.01657729	0.07796460
-607.98324418	0.08067088
-607.94991107	0.08004551
-607.91657796	0.07631203
-607.88324484	0.06993769
-607.84991173	0.06159383
-607.81657862	0.05215799
-607.78324550	0.04243419
-607.74991239	0.03317479
-607.71657928	0.02509883
-607.68324617	0.01837614
-607.64991305	0.01338505
-607.61657994	0.01028007
-607.58324683	0.00929240
-607.54991371	0.01046535
-607.51658060	0.01327255
-607.48324749	0.01690522
-607.44991438	0.02023775
-607.41658126	0.02193832
-607.38324815	0.02068875
-607.34991504	0.01581055
-607.31658192	0.00729670
-607.28324881	-0.00396377
-607.24991570	-0.01667788
-607.21658259	-0.02910630
-607.18324947	-0.03966358
-607.14991636	-0.04706392
-607.11658325	-0.05057401
-607.08325013	-0.04973880
-607.04991702	-0.04494968
-607.01658391	-0.03695024
-606.98325080	-0.02713060
-606.94991768	-0.01698476
-606.91658457	-0.00801849
-606.88325146	-0.00117659
-606.84991834	0.00285914
-606.81658523	0.00429421
-606.78325212	0.00366406
-606.74991901	0.00181708
-606.71658589	-0.00035887
-606.68325278	-0.00189913
-606.64991967	-0.00203517
-606.61658655	-0.00033918
-606.58325344	0.00330320
-606.54992033	0.00820622
-606.51658722	0.01374054
-606.48325410	0.01866507
-606.44992099	0.02209096
-606.41658788	0.02374631
-606.38325476	0.02350424
-606.34992165	0.02162830
-606.31658854	0.01863758
-606.28325543	0.01480062
-606.24992231	0.01033346
-606.21658920	0.00546025
-606.18325609	0.00012325
-606.14992297	-0.00566548
-606.11658986	-0.01173007
-606.08325675	-0.01802254
-606.04992364	-0.02428690
-606.01659052	-0.03024578
-605.98325741	-0.03550653
-605.94992430	-0.03962224
-605.91659118	-0.04191340
-605.88325807	-0.04192731
-605.84992496	-0.03917517
-605.81659185	-0.03356358
-605.78325873	-0.02530115
-605.74992562	-0.01500795
-605.71659251	-0.00403751
-605.68325940	0.00612209
-605.64992628	0.01344039
-605.61659317	0.01644470
-605.58326006	0.01456915
-605.54992694	0.00788358
-605.51659383	-0.00259464
-605.48326072	-0.01529553
-605.44992761	-0.02845758
-605.41659449	-0.04051406
-605.38326138	-0.05051160
-605.34992827	-0.05777173
-605.31659515	-0.06208873
-605.28326204	-0.06364599
-605.24992893	-0.06269366
-605.21659582	-0.05958986
-605.18326270	-0.05470709
-605.14992959	-0.04810870
-605.11659648	-0.04003377
-605.08326336	-0.03052184
-605.04993025	-0.01969155
-605.01659714	-0.00817668
-604.98326403	0.00347112
-604.94993091	0.01442029
-604.91659780	0.02386890
-604.88326469	0.03147934
-604.84993157	0.03682921
-604.81659846	0.04000735
-604.78326535	0.04131496
-604.74993224	0.04117853
-604.71659912	0.04020309
-604.68326601	0.03866318
-604.64993290	0.03648361
-604.61659978	0.03355560
-604.58326667	0.02919730
-604.54993356	0.02319907
-604.51660045	0.01551395
-604.48326733	0.00691037
-604.44993422	-0.00190307
-604.41660111	-0.00983920
-604.38326799	-0.01617337
-604.34993488	-0.02062477
-604.31660177	-0.02327782
-604.28326866	-0.02444233
-604.24993554	-0.02438423
-604.21660243	-0.02344197
-604.18326932	-0.02152349
-604.14993620	-0.01839326
-604.11660309	-0.01394720
-604.08326998	-0.00840706
-604.04993687	-0.00183190
-604.01660375	0.00497896
-603.98327064	0.01166186
-603.94993753	0.01756058
-603.91660441	0.02213199
-603.88327130	0.02454605
-603.84993819	0.02453130
-603.81660508	0.02156018
-603.78327196	0.01539104
-603.74993885	0.00628930
-603.71660574	-0.00522137
-603.68327262	-0.01816405
-603.64993951	-0.03128744
-603.61660640	-0.04319461
-603.58327329	-0.05302638
-603.54994017	-0.06018179
-603.51660706	-0.06457318
-603.48327395	-0.06614817
-603.44994083	-0.06490292
-603.41660772	-0.06081510
-603.38327461	-0.05383550
-603.34994150	-0.04424933
-603.31660838	-0.03255692
-603.28327527	-0.01989768
-603.24994216	-0.00724347
-603.21660904	0.00408729
-603.18327593	0.01331628
-603.14994282	0.01999216
-603.11660971	0.02398598
-603.08327659	0.02558673
-603.04994348	0.02497647
-603.01661037	0.02284852
-602.98327725	0.01961488
-602.94994414	0.01600804
-602.91661103	0.01272460
-602.88327792	0.00994134
-602.84994480	0.00785851
-602.81661169	0.00617097
-602.78327858	0.00457282
-602.74994546	0.00253222
-602.71661235	-0.00028555
-602.68327924	-0.00349695
-602.64994613	-0.00675826
-602.61661301	-0.00913712
-602.58327990	-0.00971835
-602.54994679	-0.00790431
-602.51661367	-0.00332427
-602.48328056	0.00368808
-602.44994745	0.01230395
-602.41661434	0.02164911
-602.38328122	0.03056390
-602.34994811	0.03795528
-602.31661500	0.04280524
-602.28328188	0.04440040
-602.24994877	0.04227113
-602.21661566	0.03678625
-602.18328255	0.02837419
-602.14994943	0.01790214
-602.11661632	0.00648810
-602.08328321	-0.00481551
-602.04995009	-0.01533081
-602.01661698	-0.02432486
-601.98328387	-0.03149540
-601.94995076	-0.03661771
-601.91661764	-0.03968731
-601.88328453	-0.04081183
-601.84995142	-0.04019465
-601.81661830	-0.03811593
-601.78328519	-0.03492571
-601.74995208	-0.03093243
-601.71661897	-0.02631137
-601.68328585	-0.02124604
-601.64995274	-0.01586516
-601.61661963	-0.01025327
-601.58328651	-0.00464104
-601.54995340	0.00095813
-601.51662029	0.00619836
-601.48328718	0.01087061
-601.44995406	0.01470137
-601.41662095	0.01741910
-601.38328784	0.01894477
-601.34995472	0.01936050
-601.31662161	0.01887509
-601.28328850	0.01774917
-601.24995539	0.01625526
-601.21662227	0.01458725
-601.18328916	0.01278177
-601.14995605	0.01089832
-601.11662293	0.00889684
-601.08328982	0.00682904
-601.04995671	0.00478671
-601.01662360	0.00285395
-600.98329048	0.00117853
-600.94995737	-0.00020682
-600.91662426	-0.00126116
-600.88329114	-0.00198621
-600.84995803	-0.00241297
-600.81662492	-0.00257820
-600.78329181	-0.00249726
-600.74995869	-0.00221949
-600.71662558	-0.00177019
-600.68329247	-0.00122678
-600.64995935	-0.00065193
-600.61662624	-0.00012878
-600.58329313	0.00030372
-600.54996002	0.00059913
-600.51662690	0.00074953
-600.48329379	0.00076122
-600.44996068	0.00065601
-600.41662756	0.00047928
-600.38329445	0.00026953
-600.34996134	0.00006225
-600.31662823	-0.00011194
-600.28329511	-0.00023818
-600.24996200	-0.00030662
-600.21662889	-0.00031808
-600.18329577	-0.00028405
-600.14996266	-0.00021978
-600.11662955	-0.00014450
-600.08329644	-0.00007638
-600.04996332	-0.00002870
-600.01663021	-0.00000523
-599.98329710	0.00000000
