# Menlo Systems GmbH ScanControl
# Program Version 1.7.0+git.a90605a3
# Start: -624.70000000 ps, Average over 2000 waveforms. Timestamp: 2023-06-15T11:55:53
# Window type: Tukey, parameters: alpha = 0.1
# User time axis shift: 0 ps
# Time axis offset: 0 ps
# Frequency [THz]	THz Signal [a.u.]
0.00000000	-18.77343066
0.00732601	-11.31209143
0.01465201	-13.93428892
0.02197802	-12.42134351
0.02930403	-14.01481918
0.03663004	-13.09891499
0.04395604	-14.13593514
0.05128205	-13.71386565
0.05860806	-13.60825205
0.06593406	-14.22936123
0.07326007	-13.98135422
0.08058608	-14.09694750
0.08791209	-14.10441388
0.09523809	-13.44259889
0.10256410	-12.90067189
0.10989011	-13.76602853
0.11721611	-12.36302328
0.12454212	-11.81074513
0.13186813	-12.43321206
0.13919414	-11.51621729
0.14652014	-11.24520810
0.15384615	-11.96657244
0.16117216	-11.22280539
0.16849816	-10.35791486
0.17582417	-10.01640171
0.18315018	-10.42238554
0.19047619	-9.75605482
0.19780219	-8.31443707
0.20512820	-8.75582168
0.21245421	-8.86561091
0.21978021	-7.75531177
0.22710622	-7.29901788
0.23443223	-7.62947503
0.24175824	-7.35346887
0.24908424	-6.76666451
0.25641025	-7.53530707
0.26373626	-7.31041273
0.27106227	-6.80269396
0.27838827	-6.83728850
0.28571428	-7.32653745
0.29304029	-6.61329091
0.30036629	-6.31078309
0.30769230	-6.39150047
0.31501831	-6.24793526
0.32234432	-5.71156716
0.32967032	-5.21732016
0.33699633	-5.65124705
0.34432234	-5.36143978
0.35164834	-4.77474360
0.35897435	-4.99614050
0.36630036	-4.93794220
0.37362637	-4.64391375
0.38095237	-4.85638269
0.38827838	-4.56117735
0.39560439	-4.48065769
0.40293039	-4.59398930
0.41025640	-4.47769297
0.41758241	-4.36360963
0.42490842	-4.15124209
0.43223442	-4.00388774
0.43956043	-3.82246550
0.44688644	-3.50131198
0.45421244	-3.05026009
0.46153845	-3.04086640
0.46886446	-2.90646809
0.47619047	-2.49638469
0.48351647	-2.51340621
0.49084248	-2.53330764
0.49816849	-2.39595270
0.50549449	-2.71551301
0.51282050	-2.39660661
0.52014651	-2.49832896
0.52747252	-2.65398691
0.53479852	-2.11501231
0.54212453	-2.27640132
0.54945054	-2.05560544
0.55677654	-2.65296387
0.56410255	-1.84620358
0.57142856	-1.13696099
0.57875457	-0.79191075
0.58608057	-1.00044896
0.59340658	-0.63513362
0.60073259	-0.69291925
0.60805859	-0.87112498
0.61538460	-0.59947968
0.62271061	-1.07402759
0.63003662	-0.93999283
0.63736262	-0.98185320
0.64468863	-1.31305977
0.65201464	-0.92904813
0.65934064	-1.03170544
0.66666665	-0.97031485
0.67399266	-0.73233369
0.68131867	-0.77856433
0.68864467	-0.45598509
0.69597068	-0.32452478
0.70329669	-0.23352128
0.71062269	-0.01694260
0.71794870	-0.19208599
0.72527471	-0.08231375
0.73260072	-0.32128604
0.73992672	-0.49309165
0.74725273	-0.88179076
0.75457874	-1.69779132
0.76190474	-0.84645767
0.76923075	-1.09973526
0.77655676	-0.75382960
0.78388277	-0.77938218
0.79120877	-0.66152824
0.79853478	-0.37536119
0.80586079	-0.43941506
0.81318680	-0.18456120
0.82051280	-0.10328510
0.82783881	-0.22749336
0.83516482	-0.01542081
0.84249082	-0.16964063
0.84981683	-0.28005273
0.85714284	-0.16781492
0.86446885	-0.52047526
0.87179485	-0.47184464
0.87912086	-0.61313867
0.88644687	-0.86475800
0.89377287	-0.71591157
0.90109888	-0.88466241
0.90842489	-0.82651964
0.91575090	-0.58802762
0.92307690	-0.63641038
0.93040291	-0.36283058
0.93772892	-0.14370428
0.94505492	-0.32457265
0.95238093	0.00000000
0.95970694	-0.27358284
0.96703295	-0.46224314
0.97435895	-0.51772202
0.98168496	-1.34510629
0.98901097	-1.61147832
0.99633697	-1.78535797
1.00366298	-1.71792099
1.01098899	-1.58622572
1.01831500	-2.01246333
1.02564100	-1.29917507
1.03296701	-1.62733744
1.04029302	-1.17187582
1.04761902	-1.00321767
1.05494503	-1.16521383
1.06227104	-0.73644215
1.06959705	-1.12296801
1.07692305	-1.07621846
1.08424906	-1.41557053
1.09157507	-2.50664909
1.09890107	-5.97985065
1.10622708	-2.67096021
1.11355309	-3.39206217
1.12087910	-2.42953636
1.12820510	-2.34094555
1.13553111	-2.19751196
1.14285712	-2.29767887
1.15018312	-2.70553116
1.15750913	-3.62089555
1.16483514	-6.52260875
1.17216115	-2.08759993
1.17948715	-1.66264152
1.18681316	-1.25550781
1.19413917	-1.49722883
1.20146517	-1.72052111
1.20879118	-3.21506212
1.21611719	-2.46204765
1.22344320	-2.80937604
1.23076920	-4.00165340
1.23809521	-3.11683542
1.24542122	-3.29410923
1.25274722	-3.06663526
1.26007323	-3.22923959
1.26739924	-2.93085406
1.27472525	-2.80506967
1.28205125	-2.75734601
1.28937726	-2.44401278
1.29670327	-2.65927037
1.30402928	-2.50451667
1.31135528	-2.64146471
1.31868129	-3.10396614
1.32600730	-2.99910801
1.33333330	-3.62230231
1.34065931	-3.52080603
1.34798532	-4.05909938
1.35531133	-4.33082063
1.36263733	-4.21329879
1.36996334	-4.86159131
1.37728935	-4.19958205
1.38461535	-4.64357484
1.39194136	-4.15680928
1.39926737	-4.24716747
1.40659338	-5.39294784
1.41391938	-7.05266864
1.42124539	-3.96667273
1.42857140	-3.83261077
1.43589740	-3.64115140
1.44322341	-4.13303740
1.45054942	-4.26735780
1.45787543	-4.76819889
1.46520143	-5.26219564
1.47252744	-5.46556985
1.47985345	-6.05198145
1.48717945	-5.81351612
1.49450546	-5.98026009
1.50183147	-5.73789442
1.50915748	-5.49614524
1.51648348	-5.40452362
1.52380949	-5.14927705
1.53113550	-5.24988820
1.53846150	-5.20887074
1.54578751	-5.49868910
1.55311352	-5.70067534
1.56043953	-6.27391745
1.56776553	-6.52163184
1.57509154	-7.29338705
1.58241755	-7.44956250
1.58974355	-8.09744557
1.59706956	-8.61487249
1.60439557	-10.07292312
1.61172158	-8.48956797
1.61904758	-8.20695878
1.62637359	-8.03741177
1.63369960	-8.10611640
1.64102560	-8.03208963
1.64835161	-8.57132936
1.65567762	-10.03976606
1.66300363	-15.04924311
1.67032963	-18.45440968
1.67765564	-12.28232543
1.68498165	-9.50917856
1.69230765	-9.55312112
1.69963366	-10.15716491
1.70695967	-10.97427636
1.71428568	-15.93808682
1.72161168	-16.48608418
1.72893769	-11.02112107
1.73626370	-10.38774764
1.74358970	-9.90305711
1.75091571	-9.76787165
1.75824172	-9.92794252
1.76556773	-10.42134126
1.77289373	-9.87327398
1.78021974	-10.18051033
1.78754575	-10.45764214
1.79487175	-12.27189757
1.80219776	-12.41725128
1.80952377	-11.59872098
1.81684978	-12.13052025
1.82417578	-12.34270784
1.83150179	-12.57835116
1.83882780	-12.79095892
1.84615381	-12.60349551
1.85347981	-12.95858825
1.86080582	-12.83530483
1.86813183	-16.24096861
1.87545783	-13.53045979
1.88278384	-12.49749357
1.89010985	-12.50586919
1.89743586	-12.67077490
1.90476186	-13.08300105
1.91208787	-13.58288929
1.91941388	-16.25549362
1.92673988	-15.03961622
1.93406589	-14.41199076
1.94139190	-14.59322463
1.94871791	-14.88378159
1.95604391	-14.81309904
1.96336992	-14.98725202
1.97069593	-14.76216537
1.97802193	-14.66340887
1.98534794	-14.53402095
1.99267395	-14.33004276
1.99999996	-14.45226200
2.00732596	-14.34587787
2.01465197	-14.75112254
2.02197798	-14.83099482
2.02930398	-14.98830149
2.03662999	-15.85133060
2.04395600	-17.17104750
2.05128201	-15.98260214
2.05860801	-16.31236161
2.06593402	-16.36042632
2.07326003	-17.35074136
2.08058603	-17.15795529
2.08791204	-16.38260679
2.09523805	-16.37739720
2.10256406	-16.23031734
2.10989006	-16.28981633
2.11721607	-16.28919338
2.12454208	-16.42608791
2.13186808	-16.62781071
2.13919409	-16.92519705
2.14652010	-17.50103173
2.15384611	-18.15895576
2.16117211	-20.85932882
2.16849812	-23.47265520
2.17582413	-19.12668253
2.18315013	-19.53861374
2.19047614	-19.72601636
2.19780215	-24.19132128
2.20512816	-20.45271756
2.21245416	-19.59749164
2.21978017	-21.64526497
2.22710618	-22.49740787
2.23443218	-19.22067399
2.24175819	-19.41202310
2.24908420	-19.62563786
2.25641021	-20.16495432
2.26373621	-24.53217809
2.27106222	-22.90252680
2.27838823	-20.52489582
2.28571423	-20.49982756
2.29304024	-20.85814336
2.30036625	-20.99571385
2.30769226	-21.36779993
2.31501826	-21.63613693
2.32234427	-21.90411602
2.32967028	-22.01483523
2.33699629	-22.08799942
2.34432229	-23.45026499
2.35164830	-22.89132541
2.35897431	-22.15994726
2.36630031	-23.70465397
2.37362632	-23.00527719
2.38095233	-22.69758312
2.38827834	-24.84698466
2.39560434	-28.05367629
2.40293035	-23.72826102
2.41025636	-23.75392089
2.41758236	-23.61073516
2.42490837	-24.09086961
2.43223438	-24.25319896
2.43956039	-24.27950045
2.44688639	-24.61749354
2.45421240	-24.67505518
2.46153841	-27.39487914
2.46886441	-27.86437402
2.47619042	-24.60537806
2.48351643	-24.48535393
2.49084244	-24.39727253
2.49816844	-24.56780020
2.50549445	-24.77581050
2.51282046	-25.02245668
2.52014646	-25.38988526
2.52747247	-25.64137314
2.53479848	-25.93869213
2.54212449	-26.15002498
2.54945049	-26.36572047
2.55677650	-26.52690669
2.56410251	-26.62921357
2.57142851	-26.76406794
2.57875452	-26.51231624
2.58608053	-26.55085114
2.59340654	-26.58959262
2.60073254	-26.78923402
2.60805855	-27.12387661
2.61538456	-27.61487736
2.62271056	-28.67721833
2.63003657	-31.56484318
2.63736258	-35.87704684
2.64468859	-35.41132608
2.65201459	-33.42114743
2.65934060	-29.61699480
2.66666661	-29.79102843
2.67399261	-29.11461090
2.68131862	-28.89679533
2.68864463	-30.12557433
2.69597064	-28.84679198
2.70329664	-28.61668845
2.71062265	-28.45779644
2.71794866	-28.57576521
2.72527466	-28.52934174
2.73260067	-28.68767724
2.73992668	-28.92279706
2.74725269	-29.25251679
2.75457869	-29.94461291
2.76190470	-30.94042954
2.76923071	-34.61563116
2.77655671	-36.43294348
2.78388272	-35.77162602
2.79120873	-32.26613840
2.79853474	-31.67126927
2.80586074	-31.25652405
2.81318675	-31.11732862
2.82051276	-30.80868388
2.82783876	-30.65817697
2.83516477	-30.58024967
2.84249078	-30.60188847
2.84981679	-30.68322255
2.85714279	-30.71309343
2.86446880	-30.97086535
2.87179481	-31.24342762
2.87912082	-32.77837323
2.88644682	-34.35806726
2.89377283	-32.66182747
2.90109884	-32.61638972
2.90842484	-32.70070144
2.91575085	-32.88295936
2.92307686	-32.73712702
2.93040287	-32.69101980
2.93772887	-32.58208947
2.94505488	-32.62464101
2.95238089	-32.69248821
2.95970689	-33.27837026
2.96703290	-35.40385155
2.97435891	-36.47264999
2.98168492	-34.36882444
2.98901092	-33.21465895
2.99633693	-33.76105209
3.00366294	-34.91387804
3.01098894	-37.98751080
3.01831495	-38.32893049
3.02564096	-39.32734759
3.03296697	-36.68815240
3.04029297	-35.74271576
3.04761898	-36.88490087
3.05494499	-35.94594183
3.06227099	-35.14009740
3.06959700	-34.63503554
3.07692301	-34.33660593
3.08424902	-33.94994581
3.09157502	-34.08455496
3.09890103	-34.14863171
3.10622704	-34.40064344
3.11355304	-34.61020010
3.12087905	-34.99141401
3.12820506	-36.01539518
3.13553107	-37.73129201
3.14285707	-39.15097877
3.15018308	-37.20552258
3.15750909	-36.51547428
3.16483509	-36.54754174
3.17216110	-39.06432860
3.17948711	-37.13453580
3.18681312	-36.79722130
3.19413912	-35.68181810
3.20146513	-35.17329232
3.20879114	-35.01237197
3.21611714	-35.60195817
3.22344315	-35.22595926
3.23076916	-36.15303761
3.23809517	-37.04266554
3.24542117	-36.31204454
3.25274718	-36.51686434
3.26007319	-36.56843166
3.26739919	-36.59918801
3.27472520	-36.37145687
3.28205121	-36.22746029
3.28937722	-35.95781657
3.29670322	-35.56241626
3.30402923	-35.15554136
3.31135524	-34.84548693
3.31868124	-34.78443426
3.32600725	-34.88244079
3.33333326	-37.31412420
3.34065927	-38.17540932
3.34798527	-36.48335918
3.35531128	-36.41321184
3.36263729	-36.65474000
3.36996330	-36.95658362
3.37728930	-37.20586115
3.38461531	-37.08092478
3.39194132	-37.05231350
3.39926732	-36.89484265
3.40659333	-36.57162328
3.41391934	-36.08576620
3.42124535	-35.53982541
3.42857135	-35.17120649
3.43589736	-35.04489086
3.44322337	-35.03447378
3.45054937	-35.09138275
3.45787538	-35.50295944
3.46520139	-35.90353412
3.47252740	-36.38779230
3.47985340	-36.73065608
3.48717941	-36.93808326
3.49450542	-37.08326302
3.50183142	-37.46425243
3.50915743	-36.89326700
3.51648344	-36.49562047
3.52380945	-36.10349615
3.53113545	-35.58548128
3.53846146	-36.95991274
3.54578747	-36.18554835
3.55311347	-35.44582032
3.56043948	-35.56352678
3.56776549	-35.69876215
3.57509150	-35.95740942
3.58241750	-36.43660135
3.58974351	-36.98354630
3.59706952	-38.80617924
3.60439552	-41.60444877
3.61172153	-38.82010262
3.61904754	-38.79934119
3.62637355	-37.80512610
3.63369955	-37.98395604
3.64102556	-38.20006433
3.64835157	-41.07448500
3.65567757	-42.23255165
3.66300358	-42.44611521
3.67032959	-40.98140764
3.67765560	-38.18174850
3.68498160	-37.88741056
3.69230761	-38.20306148
3.69963362	-38.35508682
3.70695962	-38.14214168
3.71428563	-38.43081521
3.72161164	-38.69599565
3.72893765	-38.82889616
3.73626365	-38.80566289
3.74358966	-38.69850438
3.75091567	-38.49210135
3.75824167	-38.28837496
3.76556768	-38.18259433
3.77289369	-38.22190885
3.78021970	-38.43572087
3.78754570	-39.10354125
3.79487171	-41.10378713
3.80219772	-43.42629708
3.80952372	-42.88540560
3.81684973	-43.70390692
3.82417574	-40.83477260
3.83150175	-39.58745444
3.83882775	-39.40667692
3.84615376	-39.49270299
3.85347977	-39.74513719
3.86080577	-40.21782833
3.86813178	-39.49839454
3.87545779	-39.47285807
3.88278380	-39.32909731
3.89010980	-39.34799294
3.89743581	-39.39952756
3.90476182	-39.45319200
3.91208783	-39.63904699
3.91941383	-40.01966035
3.92673984	-40.74143257
3.93406585	-41.01113661
3.94139185	-42.00592274
3.94871786	-43.87443391
3.95604387	-45.14628553
3.96336988	-43.92584775
3.97069588	-46.94243931
3.97802189	-47.20736631
3.98534790	-45.53920786
3.99267390	-42.79508183
3.99999991	-42.85684418
4.00732592	-42.72386451
4.01465193	-42.16059300
4.02197793	-42.71771487
4.02930394	-42.99739931
4.03662995	-43.03016878
4.04395595	-43.29173001
4.05128196	-43.53168100
4.05860797	-43.88977771
4.06593398	-44.09547389
4.07325998	-44.63370847
4.08058599	-44.91022176
4.08791200	-45.06279132
4.09523800	-45.20170529
4.10256401	-45.23101048
4.10989002	-45.30340615
4.11721603	-45.42326098
4.12454203	-45.60506762
4.13186804	-45.90142984
4.13919405	-46.37798099
4.14652005	-47.63968277
4.15384606	-49.49997825
4.16117207	-52.49355127
4.16849808	-47.83271219
4.17582408	-47.12849744
4.18315009	-44.87187540
4.19047610	-48.67183180
4.19780210	-47.33269897
4.20512811	-46.30894559
4.21245412	-47.75529811
4.21978013	-50.27413198
4.22710613	-47.45930425
4.23443214	-46.46769226
4.24175815	-47.69392708
4.24908415	-46.62600739
4.25641016	-46.70652165
4.26373617	-47.11751384
4.27106218	-47.64775254
4.27838818	-48.17221091
4.28571419	-48.89376483
4.29304020	-49.60117309
4.30036620	-50.54234370
4.30769221	-51.31450672
4.31501822	-52.17966983
4.32234423	-53.03601183
4.32967023	-53.61938580
4.33699624	-54.25558252
4.34432225	-54.63624764
4.35164825	-54.93444034
4.35897426	-55.18667635
4.36630027	-55.80280467
4.37362628	-56.43730810
4.38095228	-57.29288320
4.38827829	-57.91304699
4.39560430	-58.87341664
4.40293031	-59.83471074
4.41025631	-60.47614786
4.41758232	-61.04070660
4.42490833	-61.09125680
4.43223433	-61.20381637
4.43956034	-60.25417131
4.44688635	-58.59033934
4.45421236	-56.67375336
4.46153836	-54.06133995
4.46886437	-52.91647149
4.47619038	-53.99387888
4.48351638	-57.83638586
4.49084239	-56.27357233
4.49816840	-52.98167574
4.50549441	-51.43899989
4.51282041	-53.16746468
4.52014642	-53.82359059
4.52747243	-53.21148637
4.53479843	-56.12578307
4.54212444	-55.17752126
4.54945045	-55.55669125
4.55677646	-59.06643052
4.56410246	-62.41583586
4.57142847	-63.78589516
4.57875448	-63.47562306
4.58608048	-61.40877985
4.59340649	-57.90590336
4.60073250	-55.85583479
4.60805851	-55.65946842
4.61538451	-57.30643599
4.62271052	-60.29287158
4.63003653	-61.60856562
4.63736253	-62.55601944
4.64468854	-63.18459826
4.65201455	-63.48369552
4.65934056	-63.46027757
4.66666656	-63.15455602
4.67399257	-62.35129440
4.68131858	-61.75155192
4.68864458	-60.11124175
4.69597059	-60.54323747
4.70329660	-59.87436676
4.71062261	-58.42292502
4.71794861	-57.03456134
4.72527462	-56.46938935
4.73260063	-57.95978284
4.73992663	-57.59711290
4.74725264	-61.10786925
4.75457865	-64.27528587
4.76190466	-63.67303096
4.76923066	-63.74267846
4.77655667	-64.50613924
4.78388268	-63.87916217
4.79120868	-63.39677513
4.79853469	-62.71941184
4.80586070	-61.91179593
4.81318671	-62.05385361
4.82051271	-60.99311811
4.82783872	-60.74964479
4.83516473	-60.22471378
4.84249073	-60.07020698
4.84981674	-59.81291270
4.85714275	-60.17439413
4.86446876	-60.56080329
4.87179476	-60.86184388
4.87912077	-61.40731591
4.88644678	-61.99373447
4.89377278	-62.84898424
4.90109879	-62.96920311
4.90842480	-63.27917230
4.91575081	-62.76276584
4.92307681	-62.95094769
4.93040282	-61.81379490
4.93772883	-61.52562120
4.94505484	-61.17157320
4.95238084	-61.08063395
4.95970685	-60.73297704
4.96703286	-61.03833973
4.97435886	-61.49840260
4.98168487	-61.71672045
4.98901088	-62.89592741
4.99633689	-63.12040022
5.00366289	-66.32069120
5.01098890	-64.61763499
5.01831491	-64.76845761
5.02564091	-64.38461836
5.03296692	-64.48341132
5.04029293	-63.89113929
5.04761894	-63.51646891
5.05494494	-63.17549034
5.06227095	-62.93012616
5.06959696	-63.00210055
5.07692296	-63.20131575
5.08424897	-63.81514857
5.09157498	-66.13786934
5.09890099	-72.16048855
5.10622699	-71.62731035
5.11355300	-70.86447898
5.12087901	-72.93251653
5.12820501	-66.77774912
5.13553102	-65.58664076
5.14285703	-65.95990484
5.15018304	-66.67731753
5.15750904	-66.48352468
5.16483505	-67.12922277
5.17216106	-66.43118000
5.17948706	-67.20435654
5.18681307	-67.49308052
5.19413908	-71.19950113
5.20146509	-69.95774721
5.20879109	-68.07935673
5.21611710	-67.11870558
5.22344311	-69.63154126
5.23076911	-72.84409549
5.23809512	-77.58548985
5.24542113	-81.16901926
5.25274714	-86.18322498
5.26007314	-78.76481456
5.26739915	-74.10724474
5.27472516	-68.68619504
5.28205116	-67.42890760
5.28937717	-68.81084561
5.29670318	-74.06916295
5.30402919	-82.80044803
5.31135519	-79.10138159
5.31868120	-70.43907032
5.32600721	-68.98052456
5.33333321	-73.32317590
5.34065922	-88.35226152
5.34798523	-74.45186164
5.35531124	-71.20107349
5.36263724	-69.17961803
5.36996325	-67.82382213
5.37728926	-67.76026940
5.38461526	-66.68855748
5.39194127	-65.94957337
5.39926728	-65.41408693
5.40659329	-64.87592191
5.41391929	-64.52939112
5.42124530	-64.19948675
5.42857131	-64.22014118
5.43589732	-63.88237795
5.44322332	-67.99353959
5.45054933	-67.20784616
5.45787534	-65.06004649
5.46520134	-64.33210406
5.47252735	-64.24262808
5.47985336	-64.56103445
5.48717937	-64.11332036
5.49450537	-64.22288357
5.50183138	-64.65472592
5.50915739	-64.44995527
5.51648339	-64.16975628
5.52380940	-64.22192014
5.53113541	-64.35879356
5.53846142	-64.53087145
5.54578742	-64.95169043
5.55311343	-65.34014103
5.56043944	-65.99856021
5.56776544	-66.70961765
5.57509145	-67.28093272
5.58241746	-68.23958325
5.58974347	-69.02144194
5.59706947	-69.05536084
5.60439548	-70.25592105
5.61172149	-70.18048245
5.61904749	-70.40401795
5.62637350	-70.51601992
5.63369951	-71.21229790
5.64102552	-70.25366532
5.64835152	-68.60746329
5.65567753	-68.86176989
5.66300354	-69.99443011
5.67032954	-69.86219180
5.67765555	-70.65394236
5.68498156	-70.51530101
5.69230757	-70.71128380
5.69963357	-70.55887751
5.70695958	-70.36753669
5.71428559	-69.72328140
5.72161159	-69.78963348
5.72893760	-69.04870992
5.73626361	-69.41935632
5.74358962	-68.49178722
5.75091562	-68.88431099
5.75824163	-68.97604919
5.76556764	-68.68602984
5.77289364	-68.87995729
5.78021965	-69.28816686
5.78754566	-68.76410652
5.79487167	-68.42173817
5.80219767	-67.55512747
5.80952368	-69.66909227
5.81684969	-68.34665797
5.82417569	-67.14070033
5.83150170	-67.26434383
5.83882771	-69.63627455
5.84615372	-67.42786352
5.85347972	-67.02576247
5.86080573	-65.97306178
5.86813174	-66.35395614
5.87545774	-66.44298442
5.88278375	-66.28137828
5.89010976	-66.00387876
5.89743577	-66.28666642
5.90476177	-65.95067477
5.91208778	-66.44266531
5.91941379	-66.70880732
5.92673979	-67.20089651
5.93406580	-66.62244776
5.94139181	-67.06558913
5.94871782	-67.40247185
5.95604382	-67.44450728
5.96336983	-68.30436768
5.97069584	-68.80396353
5.97802185	-68.55712338
5.98534785	-69.32093017
5.99267386	-69.58611242
5.99999987	-70.33757422
6.00732587	-70.22126894
6.01465188	-70.50569689
6.02197789	-70.58403587
6.02930390	-71.20395535
6.03662990	-70.21911826
6.04395591	-68.94834690
6.05128192	-68.63573571
6.05860792	-67.86337340
6.06593393	-68.01873548
6.07325994	-69.45398519
6.08058595	-68.55851890
6.08791195	-68.69109361
6.09523796	-68.55980696
6.10256397	-67.99593545
6.10988997	-68.74647097
6.11721598	-69.73116709
6.12454199	-70.12262120
6.13186800	-70.71330177
6.13919400	-69.79730128
6.14652001	-69.86088424
6.15384602	-69.14324680
6.16117202	-69.41671881
6.16849803	-68.65926953
6.17582404	-68.43507788
6.18315005	-68.20561773
6.19047605	-67.90061039
6.19780206	-67.51063788
6.20512807	-68.07895228
6.21245407	-67.87068369
6.21978008	-68.54383688
6.22710609	-68.70229148
6.23443210	-69.18387427
6.24175810	-70.25730638
6.24908411	-70.77137265
6.25641012	-70.29641440
6.26373612	-69.82167539
6.27106213	-69.45577370
6.27838814	-70.02621645
6.28571415	-70.83262667
6.29304015	-70.67565446
6.30036616	-70.79788945
6.30769217	-70.81488963
6.31501817	-70.19291623
6.32234418	-69.93171764
6.32967019	-70.41851204
6.33699620	-70.33981048
6.34432220	-70.33195616
6.35164821	-70.79270868
6.35897422	-71.07946234
6.36630022	-70.65300251
6.37362623	-70.11035108
6.38095224	-70.82910976
6.38827825	-70.20839958
6.39560425	-70.41257261
6.40293026	-70.65889878
6.41025627	-69.97875360
6.41758227	-70.87771820
6.42490828	-70.51539035
6.43223429	-70.65869947
6.43956030	-70.31525841
6.44688630	-70.61824065
6.45421231	-70.81939102
6.46153832	-70.57945541
6.46886433	-70.88090445
6.47619033	-71.91414448
6.48351634	-71.19935821
6.49084235	-71.95802605
6.49816835	-71.74966904
6.50549436	-71.83913316
6.51282037	-71.63187403
6.52014638	-72.43754566
6.52747238	-71.30321762
6.53479839	-72.26539480
6.54212440	-71.40713369
6.54945040	-72.34044352
6.55677641	-71.83683715
6.56410242	-71.99801142
6.57142843	-72.82721225
6.57875443	-72.43921031
6.58608044	-72.17408241
6.59340645	-72.29306469
6.60073245	-72.38581101
6.60805846	-72.35516751
6.61538447	-72.48684002
6.62271048	-72.89407517
6.63003648	-72.93805965
6.63736249	-72.93546248
6.64468850	-72.81201648
6.65201450	-73.05033646
6.65934051	-72.44921699
6.66666652	-72.43663158
6.67399253	-72.26706831
6.68131853	-72.85681779
6.68864454	-73.14207481
6.69597055	-73.66280424
6.70329655	-73.80645347
6.71062256	-73.05014775
6.71794857	-73.13613341
6.72527458	-74.51753884
6.73260058	-73.93623839
6.73992659	-74.05914807
6.74725260	-74.10446182
6.75457860	-74.14965546
6.76190461	-74.01789850
6.76923062	-73.98697641
6.77655663	-74.50175829
6.78388263	-74.42912179
6.79120864	-75.58656205
6.79853465	-73.92442043
6.80586065	-75.84689761
6.81318666	-74.82568253
6.82051267	-75.80354147
6.82783868	-74.39643409
6.83516468	-75.87414444
6.84249069	-76.03838522
6.84981670	-75.46494232
6.85714270	-75.77138368
6.86446871	-75.38545707
6.87179472	-74.92579573
6.87912073	-75.41766265
6.88644673	-75.45327600
6.89377274	-74.90543320
6.90109875	-74.64898139
6.90842475	-75.14972946
6.91575076	-75.39715785
6.92307677	-75.47437225
6.93040278	-75.43114079
6.93772878	-78.22135951
6.94505479	-75.64670902
6.95238080	-77.04520500
6.95970680	-77.28471575
6.96703281	-76.81544810
6.97435882	-78.19656141
6.98168483	-78.79321436
6.98901083	-78.72951645
6.99633684	-77.89577638
7.00366285	-78.18238800
7.01098886	-77.72985571
7.01831486	-76.80081682
7.02564087	-76.81446009
7.03296688	-78.67452611
7.04029288	-78.84889178
7.04761889	-78.73701975
7.05494490	-79.43450436
7.06227091	-78.14963435
7.06959691	-80.46882550
7.07692292	-78.79052655
7.08424893	-79.91642118
7.09157493	-78.33660798
7.09890094	-78.62044244
7.10622695	-80.65901238
7.11355296	-79.78476188
7.12087896	-79.66593158
7.12820497	-78.37997610
7.13553098	-83.20812735
7.14285698	-79.10468952
7.15018299	-81.63051823
7.15750900	-80.68812290
7.16483501	-84.33982381
7.17216101	-81.88370836
7.17948702	-83.01275001
7.18681303	-83.36460145
7.19413903	-83.25329181
7.20146504	-83.68394066
7.20879105	-82.92155807
7.21611706	-81.31797798
7.22344306	-83.57595581
7.23076907	-82.03198934
7.23809508	-82.31174740
7.24542108	-80.97034164
7.25274709	-83.57188048
7.26007310	-80.98244803
7.26739911	-85.52060842
7.27472511	-81.44664823
7.28205112	-83.81631899
7.28937713	-83.93218149
7.29670313	-84.39374777
7.30402914	-83.20211929
7.31135515	-84.74066917
7.31868116	-85.25236771
7.32600716	-87.47713641
7.33333317	-86.48927330
7.34065918	-85.25669963
7.34798518	-83.87194903
7.35531119	-84.47252637
7.36263720	-85.66754012
7.36996321	-83.56382578
7.37728921	-87.77989542
7.38461522	-86.07558296
7.39194123	-85.57150731
7.39926723	-88.96830400
7.40659324	-87.15514313
7.41391925	-86.44442818
7.42124526	-94.52677266
7.42857126	-91.76428002
7.43589727	-91.37814360
7.44322328	-93.32733379
7.45054928	-87.59428397
7.45787529	-89.12808701
7.46520130	-91.68748859
7.47252731	-89.78670413
7.47985331	-88.17102361
7.48717932	-93.57219364
7.49450533	-90.29228699
7.50183134	-87.66390108
7.50915734	-93.29859612
7.51648335	-88.49231519
7.52380936	-94.98393932
7.53113536	-89.94965961
7.53846137	-88.08948265
7.54578738	-105.55443756
7.55311339	-101.34473882
7.56043939	-94.57149531
7.56776540	-97.15639556
7.57509141	-92.55057088
7.58241741	-100.42424390
7.58974342	-93.58833940
7.59706943	-96.75753905
7.60439544	-92.40066050
7.61172144	-100.39735920
7.61904745	-92.65366926
7.62637346	-97.25922657
7.63369946	-101.04052148
7.64102547	-91.38259954
7.64835148	-93.69635916
7.65567749	-107.89796255
7.66300349	-108.64476218
7.67032950	-93.70515983
7.67765551	-90.32279043
7.68498151	-90.38222287
7.69230752	-101.44911989
7.69963353	-91.40239383
7.70695954	-99.53145693
7.71428554	-97.29265731
7.72161155	-90.77847302
7.72893756	-94.73615562
7.73626356	-97.09778561
7.74358957	-96.71471004
7.75091558	-98.44390499
7.75824159	-97.17798534
7.76556759	-106.17646700
7.77289360	-93.36959756
7.78021961	-92.21946253
7.78754561	-95.61828560
7.79487162	-97.99840485
7.80219763	-87.27516783
7.80952364	-86.72055536
7.81684964	-90.00542312
7.82417565	-98.49266931
7.83150166	-96.04894881
7.83882766	-97.93412647
7.84615367	-97.11638452
7.85347968	-107.45692680
7.86080569	-90.99993845
7.86813169	-102.88970615
7.87545770	-92.24263425
7.88278371	-92.12518435
7.89010971	-90.21137933
7.89743572	-91.27149640
7.90476173	-100.51902208
7.91208774	-97.78561259
7.91941374	-96.52067107
7.92673975	-92.45134979
7.93406576	-93.39126494
7.94139176	-91.11717656
7.94871777	-96.41459472
7.95604378	-88.87029445
7.96336979	-93.61917239
7.97069579	-92.43894999
7.97802180	-91.23288096
7.98534781	-89.89821601
7.99267381	-93.88764234
7.99999982	-91.96956496
8.00732583	-93.71319554
8.01465184	-93.71864136
8.02197784	-90.92019655
8.02930385	-90.02728838
8.03662986	-90.54093898
8.04395587	-90.28048387
8.05128187	-96.58162558
8.05860788	-100.13471239
8.06593389	-91.76601945
8.07325989	-87.25423396
8.08058590	-90.42841179
8.08791191	-89.42034345
8.09523792	-88.38912968
8.10256392	-91.52487918
8.10988993	-88.01821116
8.11721594	-94.84932403
8.12454194	-91.22575585
8.13186795	-92.15855047
8.13919396	-87.57317523
8.14651997	-90.90541026
8.15384597	-87.52263259
8.16117198	-91.72074116
8.16849799	-95.25728974
8.17582399	-96.68238899
8.18315000	-90.37975033
8.19047601	-94.38785519
8.19780202	-92.40322301
8.20512802	-99.79624828
8.21245403	-98.13696070
8.21978004	-102.50436463
8.22710604	-91.30444015
8.23443205	-96.59477946
8.24175806	-87.20921528
8.24908407	-86.72629023
8.25641007	-89.63058599
8.26373608	-94.31026424
8.27106209	-91.44321966
8.27838809	-92.46636295
8.28571410	-93.28647698
8.29304011	-89.10086416
8.30036612	-88.10127191
8.30769212	-91.49753720
8.31501813	-89.61216788
8.32234414	-86.18417177
8.32967014	-94.42340593
8.33699615	-90.13916408
8.34432216	-89.32767081
8.35164817	-90.21275699
8.35897417	-94.52715593
8.36630018	-87.30284147
8.37362619	-87.74718319
8.38095219	-85.91666529
8.38827820	-86.94174886
8.39560421	-85.14758478
8.40293022	-85.36507473
8.41025622	-89.84696008
8.41758223	-91.57947169
8.42490824	-92.33784595
8.43223424	-91.60528016
8.43956025	-91.31279634
8.44688626	-89.50542020
8.45421227	-91.42079051
8.46153827	-92.75579532
8.46886428	-89.78884978
8.47619029	-88.94291824
8.48351629	-86.80190693
8.49084230	-90.69972969
8.49816831	-92.68667542
8.50549432	-87.34942435
8.51282032	-90.74650281
8.52014633	-91.94187402
8.52747234	-88.41248575
8.53479835	-88.83944156
8.54212435	-90.68562304
8.54945036	-88.35343241
8.55677637	-100.52599933
8.56410237	-88.82938356
8.57142838	-88.43869007
8.57875439	-87.16999871
8.58608040	-92.28019598
8.59340640	-89.62735915
8.60073241	-97.14875845
8.60805842	-89.16907653
8.61538442	-92.64514667
8.62271043	-101.07220830
8.63003644	-91.69841048
8.63736245	-91.57810068
8.64468845	-94.91063593
8.65201446	-92.69017861
8.65934047	-92.04450334
8.66666647	-90.54172054
8.67399248	-89.94997629
8.68131849	-88.62220003
8.68864450	-90.08213723
8.69597050	-89.38442076
8.70329651	-90.92546638
8.71062252	-89.88336964
8.71794852	-88.39111090
8.72527453	-85.75467525
8.73260054	-92.52926342
8.73992655	-85.19386319
8.74725255	-88.78943364
8.75457856	-91.82572583
8.76190457	-88.47015159
8.76923057	-91.58340232
8.77655658	-89.82282127
8.78388259	-93.75956571
8.79120860	-90.60601817
8.79853460	-94.94630067
8.80586061	-93.83308045
8.81318662	-99.06344969
8.82051262	-89.35807939
8.82783863	-95.48643609
8.83516464	-89.74016562
8.84249065	-90.48607282
8.84981665	-88.89492091
8.85714266	-90.29968400
8.86446867	-90.32449654
8.87179467	-95.18880736
8.87912068	-90.37460683
8.88644669	-98.93492718
8.89377270	-95.68349273
8.90109870	-96.72521878
8.90842471	-94.75837480
8.91575072	-96.99111042
8.92307672	-93.66640871
8.93040273	-91.14527729
8.93772874	-88.56163020
8.94505475	-91.28159976
8.95238075	-86.05216321
8.95970676	-90.72705139
8.96703277	-92.79726281
8.97435877	-95.51274234
8.98168478	-92.97513235
8.98901079	-96.22141640
8.99633680	-99.05262540
9.00366280	-94.65956541
9.01098881	-95.22755869
9.01831482	-96.83784964
9.02564082	-91.31830176
9.03296683	-89.46711729
9.04029284	-90.10360555
9.04761885	-92.07156679
9.05494485	-98.04641211
9.06227086	-90.86673902
9.06959687	-93.49846427
9.07692288	-96.15346812
9.08424888	-91.40095969
9.09157489	-95.76032813
9.09890090	-93.03764954
9.10622690	-97.56761626
9.11355291	-98.52533734
9.12087892	-95.67835883
9.12820493	-94.21271890
9.13553093	-93.68450801
9.14285694	-92.30191419
9.15018295	-89.87545485
9.15750895	-89.75875361
9.16483496	-96.53259153
9.17216097	-93.74207690
9.17948698	-94.57392025
9.18681298	-97.22656032
9.19413899	-93.08595985
9.20146500	-101.53446567
9.20879100	-94.44475243
9.21611701	-92.68893755
9.22344302	-95.26083202
9.23076903	-105.13433178
9.23809503	-90.72916204
9.24542104	-104.77498346
9.25274705	-89.57217893
9.26007305	-89.35154685
9.26739906	-91.81308027
9.27472507	-99.71593015
9.28205108	-92.50039315
9.28937708	-95.51848155
9.29670309	-96.45502058
9.30402910	-100.38203333
9.31135510	-91.61061368
9.31868111	-93.19353163
9.32600712	-94.68410732
9.33333313	-87.71556766
9.34065913	-87.90279990
9.34798514	-104.80106373
9.35531115	-93.58403922
9.36263715	-104.34229672
9.36996316	-105.32733994
9.37728917	-100.76713442
9.38461518	-96.09960979
9.39194118	-96.46848369
9.39926719	-103.57543841
9.40659320	-91.51337827
9.41391920	-90.97673420
9.42124521	-88.42330427
9.42857122	-100.01376818
9.43589723	-90.37286245
9.44322323	-94.19105758
9.45054924	-101.35558787
9.45787525	-112.79267262
9.46520125	-94.20357806
9.47252726	-92.55791347
9.47985327	-90.16468992
9.48717928	-103.34543271
9.49450528	-94.92558721
9.50183129	-95.89892264
9.50915730	-96.53674838
9.51648330	-91.98805841
9.52380931	-101.59117106
9.53113532	-103.49319111
9.53846133	-92.31475206
9.54578733	-98.76545749
9.55311334	-88.87645892
9.56043935	-95.38930551
9.56776536	-100.39586397
9.57509136	-124.72466663
9.58241737	-104.86950213
9.58974338	-96.38708544
9.59706938	-91.93632447
9.60439539	-99.20207119
9.61172140	-95.45055925
9.61904741	-92.25173058
9.62637341	-94.95024251
9.63369942	-89.61921254
9.64102543	-99.58914984
9.64835143	-90.39812382
9.65567744	-90.83075696
9.66300345	-104.60375863
9.67032946	-95.08238653
9.67765546	-98.36007220
9.68498147	-94.51691781
9.69230748	-99.88557229
9.69963348	-95.74030384
9.70695949	-100.59304388
9.71428550	-94.52292186
9.72161151	-96.74962071
9.72893751	-98.89607324
9.73626352	-95.73983620
9.74358953	-101.62039917
9.75091553	-107.12473549
9.75824154	-99.40362038
9.76556755	-95.55877291
9.77289356	-108.68401232
9.78021956	-96.02727066
9.78754557	-89.64062537
9.79487158	-89.63241005
9.80219758	-96.46539353
9.80952359	-93.02833574
9.81684960	-102.36018314
9.82417561	-103.53201912
9.83150161	-100.48848186
9.83882762	-100.55379676
9.84615363	-112.00240250
9.85347963	-99.95946569
9.86080564	-99.28603200
9.86813165	-93.21497394
9.87545766	-94.80792173
9.88278366	-88.97644135
9.89010967	-110.45829196
9.89743568	-96.27799718
9.90476168	-96.71852834
9.91208769	-97.50630142
9.91941370	-94.03270519
9.92673971	-94.06141140
9.93406571	-101.12411423
9.94139172	-95.74506376
9.94871773	-98.65831170
9.95604373	-94.20052486
9.96336974	-100.69216336
9.97069575	-100.20566745
9.97802176	-102.72100874
9.98534776	-116.13394082
9.99267377	-96.71922437
9.99999978	-95.49897033
10.00732578	-100.20066938
10.01465179	-100.60148458
10.02197780	-99.98605482
10.02930381	-93.75397426
10.03662981	-93.47789579
10.04395582	-101.40598607
10.05128183	-99.51624605
10.05860783	-97.37898029
10.06593384	-97.92867346
10.07325985	-100.44176237
10.08058586	-95.95810334
10.08791186	-92.93910224
10.09523787	-95.26207423
10.10256388	-97.38779817
10.10988989	-98.80801140
10.11721589	-99.43885044
10.12454190	-91.89193068
10.13186791	-93.99045738
10.13919391	-95.06564309
10.14651992	-92.86799588
10.15384593	-100.87852631
10.16117194	-102.00809936
10.16849794	-101.82046984
10.17582395	-101.74564574
10.18314996	-97.40234981
10.19047596	-95.82518125
10.19780197	-92.61254989
10.20512798	-99.52570874
10.21245399	-103.44191992
10.21977999	-97.71498875
10.22710600	-105.12989726
10.23443201	-94.37919074
10.24175801	-98.36178729
10.24908402	-100.45208145
10.25641003	-101.88276801
10.26373604	-98.20093374
10.27106204	-105.31261642
10.27838805	-93.96800971
10.28571406	-94.49485534
10.29304006	-99.76933964
10.30036607	-102.56966136
10.30769208	-103.30049258
10.31501809	-105.11874446
10.32234409	-99.97055501
10.32967010	-100.98134266
10.33699611	-105.85121639
10.34432211	-101.76794443
10.35164812	-92.16564394
10.35897413	-96.71456862
10.36630014	-93.87195714
10.37362614	-99.70537162
10.38095215	-99.86419953
10.38827816	-100.38656883
10.39560416	-100.58500878
10.40293017	-96.39074522
10.41025618	-101.25888658
10.41758219	-94.64933071
10.42490819	-96.16822644
10.43223420	-97.07452981
10.43956021	-100.24106209
10.44688621	-90.60937209
10.45421222	-98.46351548
10.46153823	-96.79137404
10.46886424	-100.61697862
10.47619024	-97.55405117
10.48351625	-94.08272303
10.49084226	-95.31068962
10.49816826	-103.41924122
10.50549427	-101.59540949
10.51282028	-107.18893284
10.52014629	-101.35105924
10.52747229	-97.85970050
10.53479830	-109.20028964
10.54212431	-114.33267574
10.54945031	-101.16860613
10.55677632	-103.02006566
10.56410233	-103.37228954
10.57142834	-103.08625653
10.57875434	-105.64751632
10.58608035	-97.99428643
10.59340636	-103.36130545
10.60073237	-97.59525373
10.60805837	-104.25179965
10.61538438	-99.38777471
10.62271039	-98.67861036
10.63003639	-104.14587978
10.63736240	-103.57617329
10.64468841	-91.25064547
10.65201442	-98.24650587
10.65934042	-92.39469503
10.66666643	-113.67831826
10.67399244	-94.66491245
10.68131844	-106.57463432
10.68864445	-102.88581390
10.69597046	-99.17784047
10.70329647	-100.26507592
10.71062247	-103.51424268
10.71794848	-97.58683673
10.72527449	-102.20955908
10.73260049	-103.62155882
10.73992650	-99.60374220
10.74725251	-103.30144450
10.75457852	-98.69283044
10.76190452	-97.67589304
10.76923053	-93.55285540
10.77655654	-97.83893806
10.78388254	-99.07002239
10.79120855	-98.21639883
10.79853456	-95.26138690
10.80586057	-97.27642126
10.81318657	-95.05433117
10.82051258	-96.09241227
10.82783859	-100.01800004
10.83516459	-93.65892800
10.84249060	-98.21333161
10.84981661	-95.82514779
10.85714262	-103.40960942
10.86446862	-111.85409888
10.87179463	-94.98458530
10.87912064	-97.89801021
10.88644664	-103.24376766
10.89377265	-105.76121290
10.90109866	-104.65524584
10.90842467	-98.83795588
10.91575067	-97.59256103
10.92307668	-96.90451688
10.93040269	-95.71592905
10.93772869	-102.20538591
10.94505470	-97.35774282
10.95238071	-103.66613114
10.95970672	-95.63451272
10.96703272	-98.92872782
10.97435873	-96.83297538
10.98168474	-92.85653690
10.98901074	-118.20828597
10.99633675	-95.47241411
11.00366276	-100.92301463
11.01098877	-97.83662981
11.01831477	-109.34950926
11.02564078	-101.33538552
11.03296679	-95.36051988
11.04029279	-91.96815167
11.04761880	-98.69215707
11.05494481	-103.39397187
11.06227082	-94.53540054
11.06959682	-98.17114460
11.07692283	-116.86736299
11.08424884	-101.46335193
11.09157484	-96.20650487
11.09890085	-98.51145234
11.10622686	-94.55572567
11.11355287	-100.05224454
11.12087887	-94.76514740
11.12820488	-102.92346804
11.13553089	-100.84154616
11.14285690	-106.69939561
11.15018290	-96.06213660
11.15750891	-105.55041353
11.16483492	-95.09972430
11.17216092	-99.54147730
11.17948693	-104.85098126
11.18681294	-97.23650892
11.19413895	-100.12841301
11.20146495	-93.91591017
11.20879096	-106.40671897
11.21611697	-90.25565965
11.22344297	-93.83541847
11.23076898	-102.90540529
11.23809499	-109.99756728
11.24542100	-96.74889725
11.25274700	-103.37806237
11.26007301	-112.18027163
11.26739902	-98.04623665
11.27472502	-100.53739107
11.28205103	-91.09225800
11.28937704	-114.24868654
11.29670305	-91.95607880
11.30402905	-113.21230559
11.31135506	-98.89836543
11.31868107	-98.65052945
11.32600707	-96.33906629
11.33333308	-110.16150826
11.34065909	-108.65444228
11.34798510	-100.91301286
11.35531110	-96.41057802
11.36263711	-97.12950614
11.36996312	-95.89393111
11.37728912	-99.87507924
11.38461513	-98.83859615
11.39194114	-93.31853688
11.39926715	-95.66869551
11.40659315	-97.77492873
11.41391916	-102.22095974
11.42124517	-97.06430960
11.42857117	-102.65424454
11.43589718	-101.99074353
11.44322319	-95.86592650
11.45054920	-101.46828678
11.45787520	-111.67316717
11.46520121	-103.37511375
11.47252722	-97.60692558
11.47985322	-97.02159915
11.48717923	-97.58863101
11.49450524	-107.90026588
11.50183125	-98.39158404
11.50915725	-110.91913254
11.51648326	-98.88438348
11.52380927	-113.03635239
11.53113527	-107.93857811
11.53846128	-96.27033922
11.54578729	-101.01988138
11.55311330	-93.27064336
11.56043930	-103.24448413
11.56776531	-94.01266814
11.57509132	-91.34236295
11.58241732	-94.27858506
11.58974333	-98.15326481
11.59706934	-100.43030673
11.60439535	-113.08418171
11.61172135	-93.66223529
11.61904736	-98.94039092
11.62637337	-92.67014050
11.63369938	-108.19991259
11.64102538	-96.47281720
11.64835139	-90.98801251
11.65567740	-93.79456582
11.66300340	-96.51462271
11.67032941	-104.32472700
11.67765542	-105.72205241
11.68498143	-103.82455283
11.69230743	-93.53812396
11.69963344	-100.05786508
11.70695945	-97.49446219
11.71428545	-96.24931862
11.72161146	-104.75016924
11.72893747	-94.31542424
11.73626348	-101.04950957
11.74358948	-103.79697373
11.75091549	-104.30547247
11.75824150	-97.68506446
11.76556750	-99.65709675
11.77289351	-98.96404367
11.78021952	-97.92879196
11.78754553	-123.06199502
11.79487153	-102.92174356
11.80219754	-92.63851406
11.80952355	-96.78368427
11.81684955	-97.30944339
11.82417556	-97.40169013
11.83150157	-99.15379061
11.83882758	-100.15397533
11.84615358	-96.42298304
11.85347959	-90.96875820
11.86080560	-95.59905605
11.86813160	-103.97641398
11.87545761	-100.25788058
11.88278362	-96.45869878
11.89010963	-93.20647143
11.89743563	-96.64022946
11.90476164	-95.75548743
11.91208765	-101.44035103
11.91941365	-98.59274978
11.92673966	-96.70606297
11.93406567	-95.11020600
11.94139168	-98.20395288
11.94871768	-96.99781501
11.95604369	-93.94271412
11.96336970	-92.73665898
11.97069570	-115.02261718
11.97802171	-95.40569369
11.98534772	-97.29752570
11.99267373	-122.49530950
11.99999973	-103.71081244
12.00732574	-101.35883391
12.01465175	-98.79939347
12.02197775	-101.68561441
12.02930376	-100.76134432
12.03662977	-94.42739161
12.04395578	-95.00566167
12.05128178	-102.66907639
12.05860779	-103.06509284
12.06593380	-107.44748674
12.07325980	-108.41348690
12.08058581	-99.22826669
12.08791182	-98.30990918
12.09523783	-93.98597286
12.10256383	-94.39454296
12.10988984	-92.89810307
12.11721585	-99.26393716
12.12454185	-98.82737052
12.13186786	-106.27419758
12.13919387	-97.64769888
12.14651988	-98.26056970
12.15384588	-98.66720068
12.16117189	-111.98985779
12.16849790	-93.06674262
12.17582391	-94.66254419
12.18314991	-106.40728336
12.19047592	-112.52947193
12.19780193	-98.12419390
12.20512793	-99.66481527
12.21245394	-106.22599356
12.21977995	-99.59059356
12.22710596	-98.47504641
12.23443196	-100.81920769
12.24175797	-105.32321048
12.24908398	-97.03559383
12.25640998	-90.52343109
12.26373599	-90.66455443
12.27106200	-100.08204505
12.27838801	-97.37825554
12.28571401	-97.06176904
12.29304002	-99.76057540
12.30036603	-95.37498912
12.30769203	-95.89188551
12.31501804	-96.51981020
12.32234405	-95.04793019
12.32967006	-98.42205843
12.33699606	-102.10464589
12.34432207	-116.51716566
12.35164808	-109.71929799
12.35897408	-99.85237317
12.36630009	-101.02688071
12.37362610	-98.18616865
12.38095211	-99.12873222
12.38827811	-99.71379827
12.39560412	-103.21533109
12.40293013	-96.56585045
12.41025613	-94.15601919
12.41758214	-99.05144728
12.42490815	-107.69998185
12.43223416	-101.43013837
12.43956016	-106.26981943
12.44688617	-110.64654260
12.45421218	-101.40646572
12.46153818	-105.23392857
12.46886419	-107.24982127
12.47619020	-107.57506022
12.48351621	-99.22564113
12.49084221	-105.90838519
12.49816822	-105.78226634
12.50549423	-95.22089196
12.51282023	-94.68124609
12.52014624	-110.83825559
12.52747225	-102.12383208
12.53479826	-111.95380081
12.54212426	-108.08563751
12.54945027	-105.20789115
12.55677628	-99.87278087
12.56410228	-107.86925416
12.57142829	-104.62542333
12.57875430	-97.89368560
12.58608031	-95.38139995
12.59340631	-104.58036591
12.60073232	-97.30516437
12.60805833	-101.72704312
12.61538433	-95.38978178
12.62271034	-99.93646034
12.63003635	-93.43044658
12.63736236	-102.03431071
12.64468836	-103.17327287
12.65201437	-126.06255704
12.65934038	-105.72760316
12.66666639	-122.03241325
12.67399239	-118.58630425
12.68131840	-111.28988181
12.68864441	-107.13487512
12.69597041	-98.61345370
12.70329642	-101.71219270
12.71062243	-92.86752579
12.71794844	-95.95040904
12.72527444	-101.66017682
12.73260045	-96.75049319
12.73992646	-100.48583808
12.74725246	-100.77734190
12.75457847	-101.18021433
12.76190448	-112.36675559
12.76923049	-100.05301681
12.77655649	-101.46575925
12.78388250	-102.86695151
12.79120851	-102.32395599
12.79853451	-95.56062405
12.80586052	-100.26555724
12.81318653	-101.02749303
12.82051254	-96.38976796
12.82783854	-102.95483500
12.83516455	-102.71442299
12.84249056	-106.13573147
12.84981656	-96.72413815
12.85714257	-105.97596812
12.86446858	-97.54940137
12.87179459	-104.89141511
12.87912059	-94.36894834
12.88644660	-103.91667430
12.89377261	-99.52970372
12.90109861	-100.46605213
12.90842462	-98.83429601
12.91575063	-101.03190308
12.92307664	-97.34617668
12.93040264	-97.22004467
12.93772865	-98.58841702
12.94505466	-97.32037232
12.95238066	-91.71571435
12.95970667	-96.38721592
12.96703268	-104.97278954
12.97435869	-103.57967335
12.98168469	-95.80771899
12.98901070	-95.84994378
12.99633671	-104.79440001
13.00366271	-100.07479144
13.01098872	-105.41096785
13.01831473	-93.82179727
13.02564074	-93.28208058
13.03296674	-99.03789602
13.04029275	-92.30201016
13.04761876	-126.00099854
13.05494476	-97.60788077
13.06227077	-100.90407509
13.06959678	-107.23776296
13.07692279	-95.90423460
13.08424879	-102.99174873
13.09157480	-102.07667446
13.09890081	-124.64749621
13.10622681	-100.40795991
13.11355282	-108.24501864
13.12087883	-100.89498637
13.12820484	-100.26902964
13.13553084	-94.93317827
13.14285685	-97.56808400
13.15018286	-101.58815284
13.15750886	-103.00264495
13.16483487	-100.36717135
13.17216088	-103.02409504
13.17948689	-96.05785196
13.18681289	-96.57424533
13.19413890	-101.35140941
13.20146491	-97.91213916
13.20879092	-101.28589460
13.21611692	-103.37822278
13.22344293	-109.72703713
13.23076894	-94.70451159
13.23809494	-95.97726376
13.24542095	-97.72765983
13.25274696	-100.18057185
13.26007297	-120.84037645
13.26739897	-106.59094083
13.27472498	-104.22345481
13.28205099	-100.36435067
13.28937699	-97.62377834
13.29670300	-98.62149252
13.30402901	-94.88308732
13.31135502	-106.77691340
13.31868102	-93.43857874
13.32600703	-101.22196381
13.33333304	-103.64996241
13.34065904	-116.37312823
13.34798505	-100.60719183
13.35531106	-98.79920490
13.36263707	-94.89731812
13.36996307	-97.02349242
13.37728908	-99.53605569
13.38461509	-98.61699296
13.39194109	-99.18260264
13.39926710	-95.81652433
13.40659311	-100.86263354
13.41391912	-97.08363244
13.42124512	-101.99801270
13.42857113	-99.72352301
13.43589714	-107.31122099
13.44322314	-95.71184054
13.45054915	-103.84088162
13.45787516	-104.72021412
13.46520117	-108.65655764
13.47252717	-103.75901753
13.47985318	-100.48937368
13.48717919	-103.04836451
13.49450519	-108.25324105
13.50183120	-112.58529444
13.50915721	-101.34596463
13.51648322	-102.32115705
13.52380922	-97.70851579
13.53113523	-96.64421422
13.53846124	-97.49288344
13.54578724	-93.91303046
13.55311325	-96.83495051
13.56043926	-97.55791011
13.56776527	-98.26788897
13.57509127	-95.45591391
13.58241728	-104.04773429
13.58974329	-99.71810500
13.59706929	-99.68218123
13.60439530	-101.36358080
13.61172131	-95.10122020
13.61904732	-106.62802344
13.62637332	-97.42965065
13.63369933	-102.43800813
13.64102534	-100.38146308
13.64835134	-99.90344398
13.65567735	-93.37704723
13.66300336	-105.59442796
13.67032937	-97.96875135
13.67765537	-105.61921501
13.68498138	-102.31062089
13.69230739	-96.85529774
13.69963340	-104.44281896
13.70695940	-93.25295328
13.71428541	-94.20316858
13.72161142	-105.25297793
13.72893742	-98.50554636
13.73626343	-102.01087479
13.74358944	-117.44019176
13.75091545	-101.68441021
13.75824145	-100.39548529
13.76556746	-99.00059398
13.77289347	-104.21850030
13.78021947	-101.40251121
13.78754548	-100.00185764
13.79487149	-99.20186538
13.80219750	-98.69451029
13.80952350	-101.51853865
13.81684951	-108.69842251
13.82417552	-97.68299244
13.83150152	-95.38580524
13.83882753	-114.17148535
13.84615354	-96.95769110
13.85347955	-100.19584888
13.86080555	-106.08676852
13.86813156	-98.08367105
13.87545757	-101.32871789
13.88278357	-99.36177300
13.89010958	-94.92442634
13.89743559	-98.35532406
13.90476160	-101.13506575
13.91208760	-99.16471753
13.91941361	-95.02462816
13.92673962	-103.42169046
13.93406562	-99.05677937
13.94139163	-98.03308884
13.94871764	-94.46920378
13.95604365	-103.32364502
13.96336965	-97.71266577
13.97069566	-96.85006863
13.97802167	-96.51029760
13.98534767	-96.12627618
13.99267368	-97.17896761
13.99999969	-101.32671935
14.00732570	-101.12879400
14.01465170	-109.84053671
14.02197771	-109.74759255
14.02930372	-95.06632126
14.03662972	-97.27314922
14.04395573	-104.37197800
14.05128174	-96.71699179
14.05860775	-106.69652718
14.06593375	-97.78150708
14.07325976	-107.55165427
14.08058577	-101.36313876
14.08791177	-110.53197674
14.09523778	-98.51222096
14.10256379	-97.55184769
14.10988980	-103.70938032
14.11721580	-107.41930912
14.12454181	-111.13384101
14.13186782	-94.77157739
14.13919382	-100.20799148
14.14651983	-92.79989756
14.15384584	-101.31240987
14.16117185	-93.23219168
14.16849785	-100.67264543
14.17582386	-93.93146017
14.18314987	-105.12168637
14.19047587	-100.91538859
14.19780188	-100.66090589
14.20512789	-96.66993670
14.21245390	-102.02748852
14.21977990	-98.97132961
14.22710591	-113.18696002
14.23443192	-99.56913835
14.24175793	-110.83127953
14.24908393	-104.36643288
14.25640994	-112.16128509
14.26373595	-104.26481497
14.27106195	-96.40508323
14.27838796	-98.06553614
14.28571397	-109.94099099
14.29303998	-100.68941970
14.30036598	-102.52839158
14.30769199	-112.86027091
14.31501800	-93.93528938
14.32234400	-108.75067070
14.32967001	-95.46754329
14.33699602	-108.82551498
14.34432203	-95.44757310
14.35164803	-109.07877342
14.35897404	-101.96134458
14.36630005	-103.25404062
14.37362605	-113.47071202
14.38095206	-103.85278424
14.38827807	-93.24340858
14.39560408	-94.19207317
14.40293008	-95.37813891
14.41025609	-96.59232574
14.41758210	-99.02958839
14.42490810	-97.36988787
14.43223411	-99.53780632
14.43956012	-94.77746174
14.44688613	-93.78605631
14.45421213	-95.54822486
14.46153814	-99.32617003
14.46886415	-93.93694811
14.47619015	-109.51932905
14.48351616	-99.68855645
14.49084217	-96.18543753
14.49816818	-97.78846784
14.50549418	-93.53011074
14.51282019	-98.68889814
14.52014620	-95.75177411
14.52747220	-107.27097091
14.53479821	-96.25521931
14.54212422	-93.85171357
14.54945023	-94.51299807
14.55677623	-108.38272666
14.56410224	-103.56421389
14.57142825	-98.41929180
14.57875425	-108.40043736
14.58608026	-102.14839756
14.59340627	-99.42880719
14.60073228	-98.39782946
14.60805828	-97.48190949
14.61538429	-104.06294742
14.62271030	-107.82552513
14.63003630	-97.32980311
14.63736231	-95.92030109
14.64468832	-104.56371950
14.65201433	-97.61859279
14.65934033	-126.25680847
14.66666634	-92.89427719
14.67399235	-96.95070229
14.68131835	-103.28816424
14.68864436	-98.96356731
14.69597037	-96.86974316
14.70329638	-106.45758230
14.71062238	-112.63551027
14.71794839	-103.72766700
14.72527440	-101.84908245
14.73260041	-119.74185933
14.73992641	-95.33333882
14.74725242	-102.12341069
14.75457843	-96.33730531
14.76190443	-98.58216986
14.76923044	-102.36833842
14.77655645	-109.60583344
14.78388246	-106.32953539
14.79120846	-104.59108471
14.79853447	-103.37180461
14.80586048	-107.98521457
14.81318648	-94.44894188
14.82051249	-103.17096194
14.82783850	-96.68502082
14.83516451	-100.61958937
14.84249051	-98.22292135
14.84981652	-101.71882637
14.85714253	-110.25744429
14.86446853	-101.77514307
14.87179454	-99.49357617
14.87912055	-98.67371724
14.88644656	-96.82570109
14.89377256	-100.06397953
14.90109857	-95.89322624
14.90842458	-101.82849262
14.91575058	-96.62364341
14.92307659	-99.88186134
14.93040260	-109.86733435
14.93772861	-113.99071079
14.94505461	-100.88132152
14.95238062	-99.10158569
14.95970663	-98.37763877
14.96703263	-107.52923499
14.97435864	-95.94748740
14.98168465	-97.57173904
14.98901066	-100.52575582
14.99633666	-97.03590489
