# Menlo Systems GmbH ScanControl
# Program Version 1.7.0+git.a90605a3
# Start: -621.60000000 ps, Average over 2000 waveforms. Timestamp: 2023-06-15T11:47:19
# Window type: Tukey, parameters: alpha = 0.1
# User time axis shift: 0 ps
# Time axis offset: 0 ps
# Time [ps]	THz Signal [a.u.]
-621.54976695	0.00000000
-621.51643368	0.00000001
-621.48310042	0.00000003
-621.44976715	0.00000010
-621.41643388	0.00000017
-621.38310061	0.00000010
-621.34976735	0.00000004
-621.31643408	0.00000024
-621.28310081	0.00000052
-621.24976754	-0.00000015
-621.21643428	0.00000069
-621.18310101	-0.00000026
-621.14976774	0.00000009
-621.11643447	-0.00000079
-621.08310121	-0.00000086
-621.04976794	0.00000193
-621.01643467	-0.00000067
-620.98310140	-0.00000078
-620.94976814	-0.00000199
-620.91643487	-0.00000281
-620.88310160	-0.00000292
-620.84976833	-0.00000432
-620.81643507	-0.00000289
-620.78310180	-0.00000820
-620.74976853	-0.00000668
-620.71643526	-0.00000296
-620.68310200	-0.00000095
-620.64976873	0.00000188
-620.61643546	-0.00000045
-620.58310219	0.00000308
-620.54976893	0.00000581
-620.51643566	0.00001347
-620.48310239	0.00001418
-620.44976912	0.00002009
-620.41643586	0.00002034
-620.38310259	0.00002930
-620.34976932	0.00003354
-620.31643605	0.00004594
-620.28310279	0.00004383
-620.24976952	0.00006097
-620.21643625	0.00006944
-620.18310298	0.00009756
-620.14976972	0.00010107
-620.11643645	0.00010561
-620.08310318	0.00011941
-620.04976991	0.00013255
-620.01643665	0.00015828
-619.98310338	0.00017272
-619.94977011	0.00019103
-619.91643684	0.00020130
-619.88310358	0.00019413
-619.84977031	0.00022663
-619.81643704	0.00023125
-619.78310377	0.00023650
-619.74977051	0.00024631
-619.71643724	0.00026317
-619.68310397	0.00029284
-619.64977070	0.00031760
-619.61643744	0.00032310
-619.58310417	0.00031251
-619.54977090	0.00031802
-619.51643763	0.00033202
-619.48310437	0.00032406
-619.44977110	0.00029970
-619.41643783	0.00028933
-619.38310457	0.00026519
-619.34977130	0.00021060
-619.31643803	0.00021668
-619.28310476	0.00017423
-619.24977150	0.00012943
-619.21643823	0.00013577
-619.18310496	0.00008763
-619.14977169	0.00005569
-619.11643843	0.00004219
-619.08310516	-0.00003013
-619.04977189	-0.00004002
-619.01643862	-0.00008386
-618.98310536	-0.00006996
-618.94977209	-0.00006080
-618.91643882	-0.00012537
-618.88310555	-0.00013312
-618.84977229	-0.00015077
-618.81643902	-0.00017444
-618.78310575	-0.00018458
-618.74977248	-0.00020078
-618.71643922	-0.00017449
-618.68310595	-0.00017583
-618.64977268	-0.00014636
-618.61643941	-0.00017112
-618.58310615	-0.00017082
-618.54977288	-0.00012401
-618.51643961	-0.00017864
-618.48310634	-0.00020265
-618.44977308	-0.00017485
-618.41643981	-0.00017490
-618.38310654	-0.00019911
-618.34977327	-0.00016064
-618.31644001	-0.00017834
-618.28310674	-0.00018520
-618.24977347	-0.00009371
-618.21644020	-0.00011793
-618.18310694	-0.00011701
-618.14977367	-0.00001875
-618.11644040	-0.00004097
-618.08310713	-0.00002285
-618.04977387	0.00001752
-618.01644060	0.00008812
-617.98310733	0.00005844
-617.94977406	0.00015997
-617.91644080	0.00019584
-617.88310753	0.00018720
-617.84977426	0.00020122
-617.81644099	0.00026107
-617.78310773	0.00029738
-617.74977446	0.00030442
-617.71644119	0.00032631
-617.68310792	0.00035547
-617.64977466	0.00040885
-617.61644139	0.00045314
-617.58310812	0.00041777
-617.54977485	0.00035757
-617.51644159	0.00037964
-617.48310832	0.00043431
-617.44977505	0.00040979
-617.41644178	0.00042994
-617.38310852	0.00038884
-617.34977525	0.00035163
-617.31644198	0.00034367
-617.28310871	0.00032323
-617.24977545	0.00030363
-617.21644218	0.00024731
-617.18310891	0.00022914
-617.14977564	0.00022199
-617.11644238	0.00021413
-617.08310911	0.00016144
-617.04977584	0.00014120
-617.01644257	0.00008850
-616.98310931	0.00007511
-616.94977604	0.00005601
-616.91644277	-0.00007624
-616.88310950	-0.00006886
-616.84977624	-0.00013293
-616.81644297	-0.00012425
-616.78310970	-0.00013549
-616.74977643	-0.00012937
-616.71644317	-0.00016887
-616.68310990	-0.00020184
-616.64977663	-0.00022515
-616.61644336	-0.00027698
-616.58311010	-0.00027016
-616.54977683	-0.00025158
-616.51644356	-0.00027810
-616.48311029	-0.00027968
-616.44977703	-0.00032540
-616.41644376	-0.00035196
-616.38311049	-0.00036722
-616.34977722	-0.00034927
-616.31644396	-0.00040147
-616.28311069	-0.00036573
-616.24977742	-0.00036573
-616.21644415	-0.00032554
-616.18311089	-0.00031383
-616.14977762	-0.00028020
-616.11644435	-0.00021982
-616.08311108	-0.00024192
-616.04977782	-0.00017279
-616.01644455	-0.00007259
-615.98311128	-0.00012341
-615.94977801	0.00000614
-615.91644475	0.00006286
-615.88311148	0.00004026
-615.84977821	0.00016449
-615.81644494	0.00024757
-615.78311168	0.00030264
-615.74977841	0.00041603
-615.71644514	0.00052432
-615.68311187	0.00058948
-615.64977861	0.00078765
-615.61644534	0.00092479
-615.58311207	0.00101660
-615.54977880	0.00128394
-615.51644554	0.00144701
-615.48311227	0.00172433
-615.44977900	0.00195184
-615.41644573	0.00223830
-615.38311247	0.00242437
-615.34977920	0.00278359
-615.31644593	0.00305074
-615.28311266	0.00338385
-615.24977940	0.00369882
-615.21644613	0.00403521
-615.18311286	0.00428474
-615.14977959	0.00452857
-615.11644633	0.00481348
-615.08311306	0.00490920
-615.04977979	0.00484002
-615.01644652	0.00463710
-614.98311326	0.00408907
-614.94977999	0.00319916
-614.91644672	0.00196580
-614.88311345	0.00007749
-614.84978019	-0.00227133
-614.81644692	-0.00528623
-614.78311365	-0.00886901
-614.74978038	-0.01296775
-614.71644712	-0.01743570
-614.68311385	-0.02205104
-614.64978058	-0.02649614
-614.61644731	-0.03023052
-614.58311405	-0.03312696
-614.54978078	-0.03466078
-614.51644751	-0.03458934
-614.48311424	-0.03285752
-614.44978098	-0.02957178
-614.41644771	-0.02492459
-614.38311444	-0.01911072
-614.34978117	-0.01251791
-614.31644791	-0.00549855
-614.28311464	0.00167604
-614.24978137	0.00878394
-614.21644810	0.01550871
-614.18311484	0.02133936
-614.14978157	0.02583909
-614.11644830	0.02886463
-614.08311503	0.02991916
-614.04978177	0.02891546
-614.01644850	0.02630236
-613.98311523	0.02234013
-613.94978196	0.01750228
-613.91644870	0.01230580
-613.88311543	0.00705969
-613.84978216	0.00209621
-613.81644889	-0.00220074
-613.78311563	-0.00567328
-613.74978236	-0.00791487
-613.71644909	-0.00889752
-613.68311582	-0.00841836
-613.64978256	-0.00706367
-613.61644929	-0.00498956
-613.58311602	-0.00268840
-613.54978275	-0.00068002
-613.51644949	0.00097734
-613.48311622	0.00221154
-613.44978295	0.00302926
-613.41644968	0.00345117
-613.38311642	0.00342024
-613.34978315	0.00284535
-613.31644988	0.00206758
-613.28311661	0.00092453
-613.24978335	-0.00033636
-613.21645008	-0.00139028
-613.18311681	-0.00235121
-613.14978354	-0.00309857
-613.11645028	-0.00361583
-613.08311701	-0.00382051
-613.04978374	-0.00385982
-613.01645047	-0.00368245
-612.98311721	-0.00343084
-612.94978394	-0.00305975
-612.91645067	-0.00257743
-612.88311740	-0.00211383
-612.84978414	-0.00153257
-612.81645087	-0.00110440
-612.78311760	-0.00073181
-612.74978433	-0.00039096
-612.71645107	-0.00022587
-612.68311780	-0.00017402
-612.64978453	-0.00015262
-612.61645126	-0.00033542
-612.58311800	-0.00064793
-612.54978473	-0.00094111
-612.51645146	-0.00131264
-612.48311819	-0.00156415
-612.44978493	-0.00184094
-612.41645166	-0.00200395
-612.38311839	-0.00218220
-612.34978512	-0.00214540
-612.31645186	-0.00210775
-612.28311859	-0.00192563
-612.24978532	-0.00172675
-612.21645205	-0.00144700
-612.18311879	-0.00109558
-612.14978552	-0.00079966
-612.11645225	-0.00057423
-612.08311898	-0.00029992
-612.04978572	-0.00010945
-612.01645245	-0.00010785
-611.98311918	-0.00017504
-611.94978591	-0.00038316
-611.91645265	-0.00063668
-611.88311938	-0.00095675
-611.84978611	-0.00137229
-611.81645284	-0.00178443
-611.78311958	-0.00228212
-611.74978631	-0.00280942
-611.71645304	-0.00333079
-611.68311977	-0.00387289
-611.64978651	-0.00435335
-611.61645324	-0.00473387
-611.58311997	-0.00492360
-611.54978670	-0.00506427
-611.51645344	-0.00495473
-611.48312017	-0.00467111
-611.44978690	-0.00422276
-611.41645363	-0.00356043
-611.38312037	-0.00275854
-611.34978710	-0.00187085
-611.31645383	-0.00104264
-611.28312056	-0.00032280
-611.24978730	0.00007774
-611.21645403	0.00040017
-611.18312076	0.00047261
-611.14978749	0.00045391
-611.11645423	0.00039561
-611.08312096	0.00019431
-611.04978769	-0.00008070
-611.01645442	-0.00028447
-610.98312116	-0.00052968
-610.94978789	-0.00061493
-610.91645462	-0.00071284
-610.88312135	-0.00079161
-610.84978809	-0.00079309
-610.81645482	-0.00078473
-610.78312155	-0.00089775
-610.74978828	-0.00080598
-610.71645502	-0.00081401
-610.68312175	-0.00074527
-610.64978848	-0.00071951
-610.61645521	-0.00066436
-610.58312195	-0.00052379
-610.54978868	-0.00046859
-610.51645541	-0.00042244
-610.48312214	-0.00044005
-610.44978888	-0.00072662
-610.41645561	-0.00112775
-610.38312234	-0.00183879
-610.34978907	-0.00287117
-610.31645581	-0.00426151
-610.28312254	-0.00569717
-610.24978927	-0.00723420
-610.21645600	-0.00880603
-610.18312274	-0.01016200
-610.14978947	-0.01125417
-610.11645620	-0.01185472
-610.08312293	-0.01193803
-610.04978967	-0.01152070
-610.01645640	-0.01053109
-609.98312313	-0.00926961
-609.94978986	-0.00769023
-609.91645660	-0.00608410
-609.88312333	-0.00448438
-609.84979006	-0.00307670
-609.81645679	-0.00170901
-609.78312353	-0.00058354
-609.74979026	0.00034414
-609.71645699	0.00101463
-609.68312372	0.00135421
-609.64979046	0.00138139
-609.61645719	0.00121205
-609.58312392	0.00080314
-609.54979065	0.00041125
-609.51645739	-0.00010926
-609.48312412	-0.00058253
-609.44979085	-0.00105237
-609.41645758	-0.00141164
-609.38312432	-0.00172461
-609.34979105	-0.00200101
-609.31645778	-0.00216940
-609.28312451	-0.00225222
-609.24979125	-0.00217529
-609.21645798	-0.00230876
-609.18312471	-0.00247027
-609.14979144	-0.00259036
-609.11645818	-0.00278589
-609.08312491	-0.00294956
-609.04979164	-0.00315307
-609.01645837	-0.00338723
-608.98312511	-0.00361685
-608.94979184	-0.00379113
-608.91645857	-0.00409680
-608.88312530	-0.00436566
-608.84979204	-0.00449174
-608.81645877	-0.00460770
-608.78312550	-0.00457112
-608.74979223	-0.00455223
-608.71645897	-0.00438939
-608.68312570	-0.00427490
-608.64979243	-0.00409750
-608.61645916	-0.00379507
-608.58312590	-0.00352409
-608.54979263	-0.00327588
-608.51645936	-0.00298209
-608.48312609	-0.00280323
-608.44979283	-0.00275854
-608.41645956	-0.00278667
-608.38312629	-0.00286067
-608.34979302	-0.00293033
-608.31645976	-0.00295903
-608.28312649	-0.00296653
-608.24979322	-0.00292934
-608.21645995	-0.00293442
-608.18312669	-0.00301414
-608.14979342	-0.00303053
-608.11646015	-0.00304050
-608.08312688	-0.00301061
-608.04979362	-0.00291577
-608.01646035	-0.00274382
-607.98312708	-0.00259479
-607.94979382	-0.00250165
-607.91646055	-0.00242678
-607.88312728	-0.00248810
-607.84979401	-0.00250288
-607.81646075	-0.00260615
-607.78312748	-0.00264706
-607.74979421	-0.00265117
-607.71646094	-0.00271321
-607.68312768	-0.00279094
-607.64979441	-0.00295816
-607.61646114	-0.00307844
-607.58312787	-0.00313586
-607.54979461	-0.00317819
-607.51646134	-0.00305460
-607.48312807	-0.00291209
-607.44979480	-0.00270833
-607.41646154	-0.00257374
-607.38312827	-0.00253411
-607.34979500	-0.00252442
-607.31646173	-0.00267256
-607.28312847	-0.00277886
-607.24979520	-0.00288138
-607.21646193	-0.00301078
-607.18312866	-0.00310802
-607.14979540	-0.00331166
-607.11646213	-0.00342818
-607.08312886	-0.00355763
-607.04979559	-0.00354617
-607.01646233	-0.00368962
-606.98312906	-0.00368146
-606.94979579	-0.00366659
-606.91646252	-0.00359357
-606.88312926	-0.00343652
-606.84979599	-0.00332364
-606.81646272	-0.00320974
-606.78312945	-0.00300175
-606.74979619	-0.00282123
-606.71646292	-0.00252418
-606.68312965	-0.00232376
-606.64979638	-0.00204357
-606.61646312	-0.00187624
-606.58312985	-0.00189414
-606.54979658	-0.00190532
-606.51646331	-0.00204322
-606.48313005	-0.00208260
-606.44979678	-0.00223131
-606.41646351	-0.00241957
-606.38313024	-0.00260147
-606.34979698	-0.00286610
-606.31646371	-0.00323450
-606.28313044	-0.00362901
-606.24979717	-0.00410143
-606.21646391	-0.00460852
-606.18313064	-0.00522422
-606.14979737	-0.00583017
-606.11646410	-0.00656793
-606.08313084	-0.00744693
-606.04979757	-0.00832702
-606.01646430	-0.00920447
-605.98313103	-0.00998600
-605.94979777	-0.01073207
-605.91646450	-0.01134922
-605.88313123	-0.01178411
-605.84979796	-0.01203213
-605.81646470	-0.01223959
-605.78313143	-0.01228258
-605.74979816	-0.01243310
-605.71646489	-0.01272692
-605.68313163	-0.01359555
-605.64979836	-0.01491886
-605.61646509	-0.01684364
-605.58313182	-0.01930240
-605.54979856	-0.02197235
-605.51646529	-0.02434446
-605.48313202	-0.02589410
-605.44979875	-0.02624860
-605.41646549	-0.02496236
-605.38313222	-0.02182635
-605.34979895	-0.01676522
-605.31646568	-0.01023682
-605.28313242	-0.00278979
-605.24979915	0.00508844
-605.21646588	0.01234093
-605.18313261	0.01825135
-605.14979935	0.02251118
-605.11646608	0.02464766
-605.08313281	0.02481313
-605.04979954	0.02332041
-605.01646628	0.02064528
-604.98313301	0.01715351
-604.94979974	0.01337944
-604.91646647	0.00963911
-604.88313321	0.00604577
-604.84979994	0.00304546
-604.81646667	0.00069634
-604.78313340	-0.00080620
-604.74980014	-0.00150244
-604.71646687	-0.00159675
-604.68313360	-0.00130217
-604.64980033	-0.00076042
-604.61646707	-0.00008467
-604.58313380	0.00068149
-604.54980053	0.00166620
-604.51646726	0.00278671
-604.48313400	0.00402758
-604.44980073	0.00528489
-604.41646746	0.00631562
-604.38313419	0.00722361
-604.34980093	0.00797122
-604.31646766	0.00854821
-604.28313439	0.00915220
-604.24980112	0.00973150
-604.21646786	0.01023861
-604.18313459	0.01075517
-604.14980132	0.01128869
-604.11646805	0.01191871
-604.08313479	0.01270403
-604.04980152	0.01357390
-604.01646825	0.01461057
-603.98313498	0.01591230
-603.94980172	0.01749826
-603.91646845	0.01937862
-603.88313518	0.02148884
-603.84980191	0.02379520
-603.81646865	0.02632994
-603.78313538	0.02898997
-603.74980211	0.03183554
-603.71646884	0.03478923
-603.68313558	0.03762509
-603.64980231	0.04048756
-603.61646904	0.04363829
-603.58313577	0.04675864
-603.54980251	0.05012155
-603.51646924	0.05356426
-603.48313597	0.05732344
-603.44980270	0.06131864
-603.41646944	0.06582032
-603.38313617	0.07078145
-603.34980290	0.07631434
-603.31646963	0.08243220
-603.28313637	0.08918648
-603.24980310	0.09650752
-603.21646983	0.10457768
-603.18313656	0.11339289
-603.14980330	0.12295286
-603.11647003	0.13331275
-603.08313676	0.14461662
-603.04980349	0.15681649
-603.01647023	0.17032294
-602.98313696	0.18520360
-602.94980369	0.20156465
-602.91647042	0.21935477
-602.88313716	0.23873910
-602.84980389	0.25957914
-602.81647062	0.28184322
-602.78313735	0.30545660
-602.74980409	0.32991860
-602.71647082	0.35491857
-602.68313755	0.37979123
-602.64980428	0.40333932
-602.61647102	0.42395828
-602.58313775	0.43877744
-602.54980448	0.44397477
-602.51647121	0.43383433
-602.48313795	0.40046875
-602.44980468	0.33332816
-602.41647141	0.21910783
-602.38313814	0.04232452
-602.34980488	-0.21331916
-602.31647161	-0.56278887
-602.28313834	-1.01610433
-602.24980507	-1.57464067
-602.21647181	-2.22807886
-602.18313854	-2.95167006
-602.14980527	-3.70614438
-602.11647200	-4.43516254
-602.08313874	-5.06160744
-602.04980547	-5.49248295
-602.01647220	-5.63641976
-601.98313893	-5.42962385
-601.94980567	-4.85874063
-601.91647240	-3.96754991
-601.88313913	-2.84885816
-601.84980586	-1.62201483
-601.81647260	-0.40677890
-601.78313933	0.69903183
-601.74980606	1.63258216
-601.71647279	2.36401020
-601.68313953	2.88325734
-601.64980626	3.19027215
-601.61647299	3.29438418
-601.58313972	3.21561153
-601.54980646	2.98526550
-601.51647319	2.64548259
-601.48313992	2.24485739
-601.44980665	1.83051715
-601.41647339	1.43937982
-601.38314012	1.09357697
-601.34980685	0.79909493
-601.31647358	0.55187975
-601.28314032	0.34506786
-601.24980705	0.17489381
-601.21647378	0.04336480
-601.18314051	-0.04546545
-601.14980725	-0.09077776
-601.11647398	-0.09860961
-601.08314071	-0.08172538
-601.04980744	-0.05439895
-601.01647418	-0.02784167
-600.98314091	-0.00768279
-600.94980764	0.00472902
-600.91647437	0.00964252
-600.88314111	0.00666458
-600.84980784	-0.00559931
-600.81647457	-0.02804319
-600.78314130	-0.05974077
-600.74980804	-0.09735410
-600.71647477	-0.13714708
-600.68314150	-0.17481062
-600.64980823	-0.20594723
-600.61647497	-0.22596680
-600.58314170	-0.23043750
-600.54980843	-0.21640775
-600.51647516	-0.18346495
-600.48314190	-0.13446881
-600.44980863	-0.07412868
-600.41647536	-0.00841186
-600.38314209	0.05656091
-600.34980883	0.11504855
-600.31647556	0.16184676
-600.28314229	0.19331522
-600.24980902	0.20804001
-600.21647576	0.20656296
-600.18314249	0.19053419
-600.14980922	0.16163697
-600.11647595	0.12213760
-600.08314269	0.07533036
-600.04980942	0.02656913
-600.01647615	-0.01769430
-599.98314288	-0.05198680
-599.94980962	-0.07320487
-599.91647635	-0.08066338
-599.88314308	-0.07524349
-599.84980981	-0.05886171
-599.81647655	-0.03400438
-599.78314328	-0.00495811
-599.74981001	0.02327365
-599.71647674	0.04644288
-599.68314348	0.06256205
-599.64981021	0.07205683
-599.61647694	0.07605997
-599.58314367	0.07600295
-599.54981041	0.07228013
-599.51647714	0.06496444
-599.48314387	0.05495524
-599.44981060	0.04314506
-599.41647734	0.03024641
-599.38314407	0.01687237
-599.34981080	0.00431230
-599.31647753	-0.00633986
-599.28314427	-0.01440957
-599.24981100	-0.02034054
-599.21647773	-0.02491541
-599.18314446	-0.02871296
-599.14981120	-0.03074025
-599.11647793	-0.03002739
-599.08314466	-0.02704720
-599.04981139	-0.02456584
-599.01647813	-0.02615228
-598.98314486	-0.03477187
-598.94981159	-0.05064801
-598.91647832	-0.07153358
-598.88314506	-0.09375043
-598.84981179	-0.11377250
-598.81647852	-0.12846610
-598.78314525	-0.13628996
-598.74981199	-0.13648499
-598.71647872	-0.12896126
-598.68314545	-0.11406418
-598.64981218	-0.09205127
-598.61647892	-0.06359385
-598.58314565	-0.03022014
-598.54981238	0.00551334
-598.51647911	0.04046432
-598.48314585	0.07122733
-598.44981258	0.09472620
-598.41647931	0.10847008
-598.38314604	0.11061552
-598.34981278	0.10031908
-598.31647951	0.07819978
-598.28314624	0.04617447
-598.24981297	0.00769544
-598.21647971	-0.03307178
-598.18314644	-0.07136591
-598.14981317	-0.10280737
-598.11647990	-0.12427388
-598.08314664	-0.13385475
-598.04981337	-0.13068466
-598.01648010	-0.11478586
-597.98314683	-0.08771023
-597.94981357	-0.05291356
-597.91648030	-0.01580988
-597.88314703	0.01748172
-597.84981376	0.04209847
-597.81648050	0.05552676
-597.78314723	0.05760381
-597.74981396	0.05003522
-597.71648069	0.03474437
-597.68314743	0.01432136
-597.64981416	-0.00882892
-597.61648089	-0.03183371
-597.58314762	-0.05223022
-597.54981436	-0.06754781
-597.51648109	-0.07611701
-597.48314782	-0.07750062
-597.44981455	-0.07267836
-597.41648129	-0.06370936
-597.38314802	-0.05327704
-597.34981475	-0.04298339
-597.31648148	-0.03355315
-597.28314822	-0.02508924
-597.24981495	-0.01758107
-597.21648168	-0.01123658
-597.18314841	-0.00620770
-597.14981515	-0.00226827
-597.11648188	0.00092385
-597.08314861	0.00312708
-597.04981534	0.00390017
-597.01648208	0.00197257
-596.98314881	-0.00360605
-596.94981554	-0.01237809
-596.91648227	-0.02241667
-596.88314901	-0.03033139
-596.84981574	-0.03278561
-596.81648247	-0.02785192
-596.78314920	-0.01575256
-596.74981594	0.00111914
-596.71648267	0.01867184
-596.68314940	0.03281326
-596.64981613	0.04075867
-596.61648287	0.04166865
-596.58314960	0.03619099
-596.54981633	0.02626297
-596.51648306	0.01343008
-596.48314980	-0.00060228
-596.44981653	-0.01434704
-596.41648326	-0.02605165
-596.38315000	-0.03402915
-596.34981673	-0.03706776
-596.31648346	-0.03491754
-596.28315019	-0.02819819
-596.24981693	-0.01825602
-596.21648366	-0.00709286
-596.18315039	0.00361561
-596.14981712	0.01281067
-596.11648386	0.02028531
-596.08315059	0.02657691
-596.04981732	0.03180766
-596.01648405	0.03514515
-595.98315079	0.03505971
-595.94981752	0.03008428
-595.91648425	0.01969224
-595.88315098	0.00578821
-595.84981772	-0.00828096
-595.81648445	-0.01849703
-595.78315118	-0.02173412
-595.74981791	-0.01713613
-595.71648465	-0.00674970
-595.68315138	0.00589640
-595.64981811	0.01737756
-595.61648484	0.02582874
-595.58315158	0.03087427
-595.54981831	0.03307580
-595.51648504	0.03273805
-595.48315177	0.02922315
-595.44981851	0.02216384
-595.41648524	0.01148871
-595.38315197	-0.00146453
-595.34981870	-0.01429263
-595.31648544	-0.02413419
-595.28315217	-0.02853152
-595.24981890	-0.02660540
-595.21648563	-0.01947721
-595.18315237	-0.00973089
-595.14981910	-0.00022772
-595.11648583	0.00733123
-595.08315256	0.01305962
-595.04981930	0.01826113
-595.01648603	0.02495309
-594.98315276	0.03412351
-594.94981949	0.04586989
-594.91648623	0.05857933
-594.88315296	0.06987076
-594.84981969	0.07757791
-594.81648642	0.08013462
-594.78315316	0.07700322
-594.74981989	0.06833775
-594.71648662	0.05519079
-594.68315335	0.03926597
-594.64982009	0.02291351
-594.61648682	0.00864243
-594.58315355	-0.00138864
-594.54982028	-0.00544066
-594.51648702	-0.00289901
-594.48315375	0.00629447
-594.44982048	0.02112019
-594.41648721	0.03963303
-594.38315395	0.05899913
-594.34982068	0.07672286
-594.31648741	0.09145556
-594.28315414	0.10351088
-594.24982088	0.11429227
-594.21648761	0.12560994
-594.18315434	0.13836266
-594.14982107	0.15193449
-594.11648781	0.16482769
-594.08315454	0.17500197
-594.04982127	0.18055721
-594.01648800	0.18115569
-593.98315474	0.17751593
-593.94982147	0.17116678
-593.91648820	0.16341193
-593.88315493	0.15428415
-593.84982167	0.14175495
-593.81648840	0.12296859
-593.78315513	0.09415787
-593.74982186	0.05167024
-593.71648860	-0.00757444
-593.68315533	-0.08611609
-593.64982206	-0.18540381
-593.61648879	-0.30556649
-593.58315553	-0.44461376
-593.54982226	-0.59820655
-593.51648899	-0.76028624
-593.48315572	-0.92349195
-593.44982246	-1.07935619
-593.41648919	-1.21669721
-593.38315592	-1.32127704
-593.34982265	-1.37660811
-593.31648939	-1.36643511
-593.28315612	-1.27938961
-593.24982285	-1.11346022
-593.21648958	-0.87763887
-593.18315632	-0.59130596
-593.14982305	-0.28014609
-593.11648978	0.02860484
-593.08315651	0.31103115
-593.04982325	0.54966154
-593.01648998	0.73431705
-592.98315671	0.86150315
-592.94982344	0.93286144
-592.91649018	0.95270502
-592.88315691	0.92703418
-592.84982364	0.86348454
-592.81649037	0.77149786
-592.78315711	0.66219717
-592.74982384	0.54745911
-592.71649057	0.43777397
-592.68315730	0.34009599
-592.64982404	0.25642035
-592.61649077	0.18520262
-592.58315750	0.12302753
-592.54982423	0.06808015
-592.51649097	0.02105961
-592.48315770	-0.01558692
-592.44982443	-0.03932667
-592.41649116	-0.05015186
-592.38315790	-0.05066513
-592.34982463	-0.04530205
-592.31649136	-0.03778275
-592.28315809	-0.03088094
-592.24982483	-0.02579609
-592.21649156	-0.02260175
-592.18315829	-0.02171066
-592.14982502	-0.02294913
-592.11649176	-0.02604109
-592.08315849	-0.03015741
-592.04982522	-0.03358114
-592.01649195	-0.03506168
-591.98315869	-0.03415320
-591.94982542	-0.03124466
-591.91649215	-0.02737942
-591.88315888	-0.02362892
-591.84982562	-0.02055059
-591.81649235	-0.01795380
-591.78315908	-0.01553843
-591.74982581	-0.01296037
-591.71649255	-0.00964982
-591.68315928	-0.00531682
-591.64982601	0.00045400
-591.61649274	0.00747191
-591.58315948	0.01547695
-591.54982621	0.02436950
-591.51649294	0.03374884
-591.48315967	0.04260994
-591.44982641	0.04949464
-591.41649314	0.05276369
-591.38315987	0.05168280
-591.34982660	0.04693900
-591.31649334	0.04031754
-591.28316007	0.03397608
-591.24982680	0.02905231
-591.21649353	0.02621885
-591.18316027	0.02533651
-591.14982700	0.02604177
-591.11649373	0.02798177
-591.08316046	0.03037886
-591.04982720	0.03222399
-591.01649393	0.03244319
-590.98316066	0.03063362
-590.94982739	0.02719176
-590.91649413	0.02273294
-590.88316086	0.01773476
-590.84982759	0.01270630
-590.81649432	0.00785438
-590.78316106	0.00367334
-590.74982779	0.00102666
-590.71649452	-0.00001643
-590.68316125	0.00003544
-590.64982799	-0.00012971
-590.61649472	-0.00197630
-590.58316145	-0.00645739
-590.54982818	-0.01370261
-590.51649492	-0.02289320
-590.48316165	-0.03269758
-590.44982838	-0.04148946
-590.41649511	-0.04783162
-590.38316185	-0.05078378
-590.34982858	-0.04996187
-590.31649531	-0.04560436
-590.28316204	-0.03850163
-590.24982878	-0.02964673
-590.21649551	-0.02004685
-590.18316224	-0.01051537
-590.14982897	-0.00159387
-590.11649571	0.00674236
-590.08316244	0.01473263
-590.04982917	0.02260676
-590.01649590	0.03051311
-589.98316264	0.03773089
-589.94982937	0.04285746
-589.91649610	0.04457143
-589.88316283	0.04185205
-589.84982957	0.03443002
-589.81649630	0.02313670
-589.78316303	0.00943527
-589.74982976	-0.00510997
-589.71649650	-0.01940308
-589.68316323	-0.03266338
-589.64982996	-0.04411614
-589.61649669	-0.05279397
-589.58316343	-0.05722846
-589.54983016	-0.05625221
-589.51649689	-0.04972937
-589.48316362	-0.03825642
-589.44983036	-0.02391334
-589.41649709	-0.00913283
-589.38316382	0.00440258
-589.34983055	0.01612579
-589.31649729	0.02667590
-589.28316402	0.03682673
-589.24983075	0.04664777
-589.21649748	0.05510299
-589.18316422	0.05999972
-589.14983095	0.05910529
-589.11649768	0.05097674
-589.08316441	0.03570218
-589.04983115	0.01489975
-589.01649788	-0.00853443
-588.98316461	-0.03117286
-588.94983134	-0.05003728
-588.91649808	-0.06279063
-588.88316481	-0.06881898
-588.84983154	-0.06836351
-588.81649827	-0.06253040
-588.78316501	-0.05259928
-588.74983174	-0.04012990
-588.71649847	-0.02707985
-588.68316520	-0.01543480
-588.64983194	-0.00717887
-588.61649867	-0.00324213
-588.58316540	-0.00371704
-588.54983213	-0.00724258
-588.51649887	-0.01205626
-588.48316560	-0.01571859
-588.44983233	-0.01627839
-588.41649906	-0.01259825
-588.38316580	-0.00487385
-588.34983253	0.00537104
-588.31649926	0.01579484
-588.28316599	0.02428668
-588.24983273	0.02961239
-588.21649946	0.03160855
-588.18316619	0.03115061
-588.14983292	0.02906137
-588.11649966	0.02575277
-588.08316639	0.02084453
-588.04983312	0.01383948
-588.01649985	0.00412394
-587.98316659	-0.00795267
-587.94983332	-0.02125972
-587.91650005	-0.03421244
-587.88316678	-0.04489622
-587.84983352	-0.05160270
-587.81650025	-0.05337023
-587.78316698	-0.04982137
-587.74983371	-0.04106605
-587.71650045	-0.02724506
-587.68316718	-0.00870103
-587.64983391	0.01351043
-587.61650064	0.03766394
-587.58316738	0.06048389
-587.54983411	0.07811202
-587.51650084	0.08729285
-587.48316757	0.08657845
-587.44983431	0.07683804
-587.41650104	0.06067462
-587.38316777	0.04178090
-587.34983450	0.02288328
-587.31650124	0.00527264
-587.28316797	-0.01095666
-587.24983470	-0.02589911
-587.21650143	-0.03890150
-587.18316817	-0.04836883
-587.14983490	-0.05279526
-587.11650163	-0.05123971
-587.08316836	-0.04403372
-587.04983510	-0.03316247
-587.01650183	-0.02128668
-586.98316856	-0.01144538
-586.94983529	-0.00586851
-586.91650203	-0.00542416
-586.88316876	-0.00939112
-586.84983549	-0.01641937
-586.81650222	-0.02476538
-586.78316896	-0.03288177
-586.74983569	-0.03898409
-586.71650242	-0.04169906
-586.68316915	-0.03930792
-586.64983589	-0.03078624
-586.61650262	-0.01549297
-586.58316935	0.00588569
-586.54983608	0.03136310
-586.51650282	0.05721661
-586.48316955	0.07924960
-586.44983628	0.09347358
-586.41650301	0.09715541
-586.38316975	0.08977838
-586.34983648	0.07330048
-586.31650321	0.05086029
-586.28316994	0.02637025
-586.24983668	0.00262221
-586.21650341	-0.01883454
-586.18317014	-0.03783280
-586.14983687	-0.05418014
-586.11650361	-0.06754376
-586.08317034	-0.07661354
-586.04983707	-0.07927772
-586.01650380	-0.07395485
-585.98317054	-0.05939131
-585.94983727	-0.03570990
-585.91650400	-0.00452391
-585.88317073	0.03096942
-585.84983747	0.06676872
-585.81650420	0.09861376
-585.78317093	0.12271681
-585.74983766	0.13651953
-585.71650440	0.13847686
-585.68317113	0.12835076
-585.64983786	0.10728694
-585.61650459	0.07793243
-585.58317133	0.04424655
-585.54983806	0.01101245
-585.51650479	-0.01669627
-585.48317152	-0.03529010
-585.44983826	-0.04333399
-585.41650499	-0.04158034
-585.38317172	-0.03281160
-585.34983845	-0.02063746
-585.31650519	-0.00794317
-585.28317192	0.00365056
-585.24983865	0.01393260
-585.21650538	0.02312320
-585.18317212	0.03125516
-585.14983885	0.03751977
-585.11650558	0.04078136
-585.08317231	0.03976243
-585.04983905	0.03352206
-585.01650578	0.02186676
-584.98317251	0.00450570
-584.94983924	-0.01861334
-584.91650598	-0.04767960
-584.88317271	-0.08265669
-584.84983944	-0.12316314
-584.81650618	-0.16793821
-584.78317291	-0.21474898
-584.74983964	-0.26063558
-584.71650637	-0.30219887
-584.68317311	-0.33549352
-584.64983984	-0.35634077
-584.61650657	-0.36101259
-584.58317330	-0.34649599
-584.54984004	-0.31169783
-584.51650677	-0.25795885
-584.48317350	-0.18950838
-584.44984023	-0.11274442
-584.41650697	-0.03470425
-584.38317370	0.03783235
-584.34984043	0.10046214
-584.31650716	0.15107035
-584.28317390	0.18945787
-584.24984063	0.21674212
-584.21650736	0.23427513
-584.18317409	0.24289181
-584.14984083	0.24367269
-584.11650756	0.23764754
-584.08317429	0.22633806
-584.04984102	0.21200564
-584.01650776	0.19609965
-583.98317449	0.17941144
-583.94984122	0.16115131
-583.91650795	0.13949782
-583.88317469	0.11311274
-583.84984142	0.08223749
-583.81650815	0.04873022
-583.78317488	0.01554731
-583.74984162	-0.01397002
-583.71650835	-0.03756898
-583.68317508	-0.05431300
-583.64984181	-0.06411611
-583.61650855	-0.06722699
-583.58317528	-0.06405411
-583.54984201	-0.05538220
-583.51650874	-0.04270534
-583.48317548	-0.02786432
-583.44984221	-0.01363783
-583.41650894	-0.00253650
-583.38317567	0.00419134
-583.34984241	0.00605369
-583.31650914	0.00381189
-583.28317587	-0.00077596
-583.24984260	-0.00585320
-583.21650934	-0.01016137
-583.18317607	-0.01253052
-583.14984280	-0.01301913
-583.11650953	-0.01163250
-583.08317627	-0.00832252
-583.04984300	-0.00314707
-583.01650973	0.00421728
-582.98317646	0.01363793
-582.94984320	0.02495902
-582.91650993	0.03697257
-582.88317666	0.04802767
-582.84984339	0.05586622
-582.81651013	0.05837588
-582.78317686	0.05444201
-582.74984359	0.04394058
-582.71651032	0.02819298
-582.68317706	0.00934946
-582.64984379	-0.01023002
-582.61651052	-0.02865540
-582.58317725	-0.04450262
-582.54984399	-0.05661402
-582.51651072	-0.06360863
-582.48317745	-0.06405857
-582.44984418	-0.05652992
-582.41651092	-0.04048457
-582.38317765	-0.01662606
-582.34984438	0.01276904
-582.31651111	0.04432347
-582.28317785	0.07381476
-582.24984458	0.09750800
-582.21651131	0.11225317
-582.18317804	0.11632971
-582.14984478	0.10951589
-582.11651151	0.09274641
-582.08317824	0.06824800
-582.04984497	0.03852574
-582.01651171	0.00660912
-581.98317844	-0.02443046
-581.94984517	-0.05154705
-581.91651190	-0.07200307
-581.88317864	-0.08400012
-581.84984537	-0.08693215
-581.81651210	-0.08156332
-581.78317883	-0.06968879
-581.74984557	-0.05336948
-581.71651230	-0.03496842
-581.68317903	-0.01644033
-581.64984576	0.00040366
-581.61651250	0.01417078
-581.58317923	0.02365321
-581.54984596	0.02802528
-581.51651269	0.02666367
-581.48317943	0.01989788
-581.44984616	0.00905977
-581.41651289	-0.00337737
-581.38317962	-0.01441305
-581.34984636	-0.02138435
-581.31651309	-0.02264217
-581.28317982	-0.01851653
-581.24984655	-0.01056922
-581.21651329	-0.00106269
-581.18318002	0.00770008
-581.14984675	0.01403982
-581.11651348	0.01726109
-581.08318022	0.01720410
-581.04984695	0.01413713
-581.01651368	0.00899661
-580.98318041	0.00249643
-580.94984715	-0.00429233
-580.91651388	-0.01042976
-580.88318061	-0.01518560
-580.84984734	-0.01788810
-580.81651408	-0.01828542
-580.78318081	-0.01658729
-580.74984754	-0.01348033
-580.71651427	-0.00949168
-580.68318101	-0.00498342
-580.64984774	0.00024335
-580.61651447	0.00652194
-580.58318120	0.01441089
-580.54984794	0.02382044
-580.51651467	0.03401716
-580.48318140	0.04329947
-580.44984813	0.04934556
-580.41651487	0.04983109
-580.38318160	0.04326996
-580.34984833	0.02947505
-580.31651506	0.01024192
-580.28318180	-0.01121218
-580.24984853	-0.03117559
-580.21651526	-0.04646757
-580.18318199	-0.05550295
-580.14984873	-0.05805781
-580.11651546	-0.05528239
-580.08318219	-0.04840699
-580.04984892	-0.03860879
-580.01651566	-0.02685100
-579.98318239	-0.01442132
-579.94984912	-0.00261992
-579.91651585	0.00724124
-579.88318259	0.01389341
-579.84984932	0.01663080
-579.81651605	0.01547722
-579.78318278	0.01136142
-579.74984952	0.00541118
-579.71651625	-0.00108357
-579.68318298	-0.00698060
-579.64984971	-0.01161121
-579.61651645	-0.01464637
-579.58318318	-0.01573784
-579.54984991	-0.01438063
-579.51651664	-0.01052644
-579.48318338	-0.00424188
-579.44985011	0.00377627
-579.41651684	0.01221439
-579.38318357	0.01951294
-579.34985031	0.02449240
-579.31651704	0.02590752
-579.28318377	0.02349415
-579.24985050	0.01745818
-579.21651724	0.00878601
-579.18318397	-0.00108411
-579.14985070	-0.01055643
-579.11651743	-0.01856437
-579.08318417	-0.02446999
-579.04985090	-0.02785120
-579.01651763	-0.02822086
-578.98318436	-0.02519101
-578.94985110	-0.01843052
-578.91651783	-0.00808331
-578.88318456	0.00463247
-578.84985129	0.01788541
-578.81651803	0.03005932
-578.78318476	0.03987108
-578.74985149	0.04716156
-578.71651822	0.05216024
-578.68318496	0.05474584
-578.64985169	0.05462399
-578.61651842	0.05102794
-578.58318515	0.04289889
-578.54985189	0.03018488
-578.51651862	0.01369631
-578.48318535	-0.00482937
-578.44985208	-0.02344162
-578.41651882	-0.03982462
-578.38318555	-0.05210678
-578.34985228	-0.05875947
-578.31651901	-0.05872075
-578.28318575	-0.05204110
-578.24985248	-0.03941605
-578.21651921	-0.02263855
-578.18318594	-0.00435599
-578.14985268	0.01270724
-578.11651941	0.02597429
-578.08318614	0.03365521
-578.04985287	0.03555600
-578.01651961	0.03238879
-577.98318634	0.02586052
-577.94985307	0.01780015
-577.91651980	0.00968132
-577.88318654	0.00270768
-577.84985327	-0.00256139
-577.81652000	-0.00606138
-577.78318673	-0.00840053
-577.74985347	-0.01033238
-577.71652020	-0.01266759
-577.68318693	-0.01521839
-577.64985366	-0.01730974
-577.61652040	-0.01775665
-577.58318713	-0.01554126
-577.54985386	-0.01086447
-577.51652059	-0.00456236
-577.48318733	0.00152033
-577.44985406	0.00567618
-577.41652079	0.00690849
-577.38318752	0.00502625
-577.34985426	0.00077064
-577.31652099	-0.00425457
-577.28318772	-0.00803979
-577.24985445	-0.00850183
-577.21652119	-0.00442306
-577.18318792	0.00440471
-577.14985465	0.01687791
-577.11652138	0.03103200
-577.08318812	0.04442485
-577.04985485	0.05504680
-577.01652158	0.06127877
-576.98318831	0.06245865
-576.94985505	0.05833486
-576.91652178	0.04903909
-576.88318851	0.03567271
-576.84985524	0.01927555
-576.81652198	0.00161688
-576.78318871	-0.01536840
-576.74985544	-0.02964308
-576.71652217	-0.03931622
-576.68318891	-0.04297332
-576.64985564	-0.03993557
-576.61652237	-0.03050985
-576.58318910	-0.01610817
-576.54985584	0.00112031
-576.51652257	0.01883604
-576.48318930	0.03465173
-576.44985603	0.04676128
-576.41652277	0.05357310
-576.38318950	0.05419079
-576.34985623	0.04841565
-576.31652296	0.03678578
-576.28318970	0.02045753
-576.24985643	0.00080375
-576.21652316	-0.02078418
-576.18318989	-0.04297907
-576.14985663	-0.06450272
-576.11652336	-0.08418999
-576.08319009	-0.10103270
-576.04985682	-0.11442901
-576.01652356	-0.12391307
-575.98319029	-0.12901485
-575.94985702	-0.12929071
-575.91652375	-0.12374795
-575.88319049	-0.11159867
-575.84985722	-0.09276283
-575.81652395	-0.06790121
-575.78319068	-0.03882803
-575.74985742	-0.00829148
-575.71652415	0.02116406
-575.68319088	0.04682395
-575.64985761	0.06697413
-575.61652435	0.08107194
-575.58319108	0.08923316
-575.54985781	0.09235347
-575.51652454	0.09145459
-575.48319128	0.08775248
-575.44985801	0.08199857
-575.41652474	0.07557950
-575.38319147	0.06957931
-575.34985821	0.06518459
-575.31652494	0.06300687
-575.28319167	0.06248950
-575.24985840	0.06216259
-575.21652514	0.05991055
-575.18319187	0.05419049
-575.14985860	0.04446045
-575.11652533	0.03075570
-575.08319207	0.01469130
-575.04985880	-0.00242089
-575.01652553	-0.01894755
-574.98319226	-0.03320457
-574.94985900	-0.04382199
-574.91652573	-0.04942870
-574.88319246	-0.04952161
-574.84985919	-0.04413027
-574.81652593	-0.03384929
-574.78319266	-0.02010811
-574.74985939	-0.00482100
-574.71652612	0.01011220
-574.68319286	0.02293150
-574.64985959	0.03229456
-574.61652632	0.03741100
-574.58319305	0.03851151
-574.54985979	0.03614108
-574.51652652	0.03131480
-574.48319325	0.02494365
-574.44985998	0.01803966
-574.41652672	0.01098790
-574.38319345	0.00425633
-574.34986018	-0.00222833
-574.31652691	-0.00829069
-574.28319365	-0.01344111
-574.24986038	-0.01724327
-574.21652711	-0.01908698
-574.18319384	-0.01893647
-574.14986058	-0.01750594
-574.11652731	-0.01582358
-574.08319404	-0.01445614
-574.04986077	-0.01344677
-574.01652751	-0.01213281
-573.98319424	-0.00981010
-573.94986097	-0.00588989
-573.91652770	-0.00039226
-573.88319444	0.00618548
-573.84986117	0.01309526
-573.81652790	0.01984631
-573.78319463	0.02611914
-573.74986137	0.03186982
-573.71652810	0.03708492
-573.68319483	0.04160888
-573.64986156	0.04462341
-573.61652830	0.04552357
-573.58319503	0.04315722
-573.54986176	0.03730626
-573.51652849	0.02819913
-573.48319523	0.01681499
-573.44986196	0.00442128
-573.41652869	-0.00763683
-573.38319543	-0.01829610
-573.34986216	-0.02690963
-573.31652889	-0.03345518
-573.28319562	-0.03784260
-573.24986236	-0.04019248
-573.21652909	-0.04047321
-573.18319582	-0.03866167
-573.14986255	-0.03463419
-573.11652929	-0.02845925
-573.08319602	-0.02032127
-573.04986275	-0.01043930
-573.01652948	0.00080133
-572.98319622	0.01294075
-572.94986295	0.02496582
-572.91652968	0.03586789
-572.88319641	0.04399825
-572.84986315	0.04793548
-572.81652988	0.04638185
-572.78319661	0.03895933
-572.74986334	0.02650107
-572.71653008	0.01087639
-572.68319681	-0.00523806
-572.64986354	-0.01941631
-572.61653027	-0.02991984
-572.58319701	-0.03598987
-572.54986374	-0.03793133
-572.51653047	-0.03675144
-572.48319720	-0.03343335
-572.44986394	-0.02936613
-572.41653067	-0.02569888
-572.38319740	-0.02352025
-572.34986413	-0.02299021
-572.31653087	-0.02360336
-572.28319760	-0.02452841
-572.24986433	-0.02425348
-572.21653106	-0.02159404
-572.18319780	-0.01587706
-572.14986453	-0.00731920
-572.11653126	0.00319754
-572.08319799	0.01398029
-572.04986473	0.02332891
-572.01653146	0.02984096
-571.98319819	0.03279485
-571.94986492	0.03210581
-571.91653166	0.02833155
-571.88319839	0.02236071
-571.84986512	0.01544764
-571.81653185	0.00863601
-571.78319859	0.00279872
-571.74986532	-0.00187122
-571.71653205	-0.00562663
-571.68319878	-0.00893663
-571.64986552	-0.01193679
-571.61653225	-0.01450090
-571.58319898	-0.01609992
-571.54986571	-0.01648563
-571.51653245	-0.01562451
-571.48319918	-0.01421911
-571.44986591	-0.01345270
-571.41653264	-0.01390542
-571.38319938	-0.01545608
-571.34986611	-0.01743298
-571.31653284	-0.01826846
-571.28319957	-0.01684316
-571.24986631	-0.01300460
-571.21653304	-0.00705178
-571.18319977	-0.00001637
-571.14986650	0.00691900
-571.11653324	0.01250872
-571.08319997	0.01589703
-571.04986670	0.01665229
-571.01653343	0.01483189
-570.98320017	0.01092736
-570.94986690	0.00584022
-570.91653363	0.00056513
-570.88320036	-0.00401609
-570.84986710	-0.00744599
-570.81653383	-0.00943668
-570.78320056	-0.01036937
-570.74986729	-0.01061140
-570.71653403	-0.01034303
-570.68320076	-0.01014948
-570.64986749	-0.01029138
-570.61653422	-0.01120716
-570.58320096	-0.01293584
-570.54986769	-0.01536524
-570.51653442	-0.01751378
-570.48320115	-0.01839164
-570.44986789	-0.01674365
-570.41653462	-0.01179653
-570.38320135	-0.00324826
-570.34986808	0.00832522
-570.31653482	0.02183252
-570.28320155	0.03582624
-570.24986828	0.04872991
-570.21653501	0.05915319
-570.18320175	0.06576773
-570.14986848	0.06809457
-570.11653521	0.06556355
-570.08320194	0.05855546
-570.04986868	0.04809832
-570.01653541	0.03550698
-569.98320214	0.02209689
-569.94986887	0.00926457
-569.91653561	-0.00194678
-569.88320234	-0.01081071
-569.84986907	-0.01711699
-569.81653580	-0.02094919
-569.78320254	-0.02259686
-569.74986927	-0.02246908
-569.71653600	-0.02094171
-569.68320273	-0.01806340
-569.64986947	-0.01376826
-569.61653620	-0.00799332
-569.58320293	-0.00085032
-569.54986966	0.00691628
-569.51653640	0.01449009
-569.48320313	0.02083479
-569.44986986	0.02524904
-569.41653659	0.02747501
-569.38320333	0.02760524
-569.34987006	0.02585526
-569.31653679	0.02226826
-569.28320352	0.01693822
-569.24987026	0.00987002
-569.21653699	0.00143746
-569.18320372	-0.00777661
-569.14987045	-0.01682684
-569.11653719	-0.02484117
-569.08320392	-0.03102769
-569.04987065	-0.03515134
-569.01653738	-0.03704056
-568.98320412	-0.03679181
-568.94987085	-0.03406250
-568.91653758	-0.02883934
-568.88320431	-0.02137041
-568.84987105	-0.01240511
-568.81653778	-0.00324556
-568.78320451	0.00454750
-568.74987124	0.00972150
-568.71653798	0.01166683
-568.68320471	0.01039030
-568.64987144	0.00659261
-568.61653817	0.00119917
-568.58320491	-0.00417906
-568.54987164	-0.00791403
-568.51653837	-0.00870262
-568.48320510	-0.00569720
-568.44987184	0.00088164
-568.41653857	0.01005801
-568.38320530	0.02006489
-568.34987203	0.02891695
-568.31653877	0.03479379
-568.28320550	0.03658544
-568.24987223	0.03390946
-568.21653896	0.02737854
-568.18320570	0.01796001
-568.14987243	0.00686797
-568.11653916	-0.00454312
-568.08320589	-0.01507747
-568.04987263	-0.02331587
-568.01653936	-0.02791358
-567.98320609	-0.02790358
-567.94987282	-0.02316378
-567.91653956	-0.01403312
-567.88320629	-0.00232345
-567.84987302	0.01010575
-567.81653975	0.02104270
-567.78320649	0.02898994
-567.74987322	0.03320143
-567.71653995	0.03379372
-567.68320668	0.03133266
-567.64987342	0.02633162
-567.61654015	0.01943628
-567.58320688	0.01126300
-567.54987361	0.00228067
-567.51654035	-0.00680572
-567.48320708	-0.01502070
-567.44987381	-0.02193649
-567.41654054	-0.02693782
-567.38320728	-0.03022488
-567.34987401	-0.03209592
-567.31654074	-0.03337933
-567.28320747	-0.03461657
-567.24987421	-0.03582406
-567.21654094	-0.03686447
-567.18320767	-0.03673958
-567.14987440	-0.03509629
-567.11654114	-0.03173974
-567.08320787	-0.02695522
-567.04987460	-0.02157895
-567.01654133	-0.01632499
-566.98320807	-0.01183078
-566.94987480	-0.00838224
-566.91654153	-0.00574313
-566.88320826	-0.00326095
-566.84987500	-0.00006453
-566.81654173	0.00443274
-566.78320846	0.01033053
-566.74987519	0.01735532
-566.71654193	0.02501187
-566.68320866	0.03254360
-566.64987539	0.03943026
-566.61654212	0.04503067
-566.58320886	0.04875659
-566.54987559	0.05002210
-566.51654232	0.04822682
-566.48320905	0.04293539
-566.44987579	0.03413381
-566.41654252	0.02219894
-566.38320925	0.00819462
-566.34987598	-0.00653571
-566.31654272	-0.02040467
-566.28320945	-0.03182240
-566.24987618	-0.03967157
-566.21654291	-0.04307659
-566.18320965	-0.04181991
-566.14987638	-0.03592256
-566.11654311	-0.02611783
-566.08320984	-0.01370956
-566.04987658	-0.00029927
-566.01654331	0.01225069
-565.98321004	0.02196588
-565.94987677	0.02787488
-565.91654351	0.02931527
-565.88321024	0.02670591
-565.84987697	0.02114395
-565.81654370	0.01401725
-565.78321044	0.00657400
-565.74987717	-0.00020930
-565.71654390	-0.00582089
-565.68321063	-0.01030797
-565.64987737	-0.01385545
-565.61654410	-0.01653731
-565.58321083	-0.01839277
-565.54987756	-0.01944395
-565.51654430	-0.01936499
-565.48321103	-0.01820427
-565.44987776	-0.01635603
-565.41654449	-0.01383074
-565.38321123	-0.01087122
-565.34987796	-0.00774390
-565.31654469	-0.00455516
-565.28321142	-0.00129616
-565.24987816	0.00168560
-565.21654489	0.00395715
-565.18321162	0.00532740
-565.14987835	0.00582157
-565.11654509	0.00596906
-565.08321182	0.00626576
-565.04987855	0.00716234
-565.01654528	0.00888552
-564.98321202	0.01124327
-564.94987875	0.01410985
-564.91654548	0.01716052
-564.88321221	0.02030260
-564.84987895	0.02320389
-564.81654568	0.02566940
-564.78321241	0.02752600
-564.74987914	0.02827684
-564.71654588	0.02777858
-564.68321261	0.02633626
-564.64987934	0.02409999
-564.61654607	0.02163007
-564.58321281	0.01890649
-564.54987954	0.01582228
-564.51654627	0.01204228
-564.48321300	0.00780411
-564.44987974	0.00375547
-564.41654647	0.00080640
-564.38321320	-0.00002997
-564.34987993	0.00195767
-564.31654667	0.00656421
-564.28321340	0.01295460
-564.24988013	0.01999982
-564.21654686	0.02629918
-564.18321360	0.03095094
-564.14988033	0.03339932
-564.11654706	0.03362306
-564.08321379	0.03151680
-564.04988053	0.02716417
-564.01654726	0.02119736
-563.98321399	0.01438401
-563.94988072	0.00805238
-563.91654746	0.00341912
-563.88321419	0.00114005
-563.84988092	0.00147979
-563.81654765	0.00414023
-563.78321439	0.00840804
-563.74988112	0.01360170
-563.71654785	0.01862304
-563.68321458	0.02277400
-563.64988132	0.02539192
-563.61654805	0.02589300
-563.58321478	0.02436442
-563.54988151	0.02106438
-563.51654825	0.01645919
-563.48321498	0.01135654
-563.44988171	0.00631763
-563.41654844	0.00214678
-563.38321518	-0.00084766
-563.34988191	-0.00239215
-563.31654864	-0.00260763
-563.28321537	-0.00175382
-563.24988211	0.00005914
-563.21654884	0.00261652
-563.18321557	0.00559364
-563.14988230	0.00877981
-563.11654904	0.01173801
-563.08321577	0.01382715
-563.04988250	0.01436208
-563.01654923	0.01296748
-562.98321597	0.00966234
-562.94988270	0.00448304
-562.91654943	-0.00178559
-562.88321616	-0.00842865
-562.84988290	-0.01486336
-562.81654963	-0.02057374
-562.78321636	-0.02549834
-562.74988309	-0.02956543
-562.71654983	-0.03270425
-562.68321656	-0.03444316
-562.64988329	-0.03423181
-562.61655002	-0.03158988
-562.58321676	-0.02643196
-562.54988349	-0.01894903
-562.51655022	-0.01001910
-562.48321695	-0.00081933
-562.44988369	0.00750996
-562.41655042	0.01348013
-562.38321715	0.01583407
-562.34988388	0.01369545
-562.31655062	0.00685680
-562.28321735	-0.00419512
-562.24988408	-0.01795330
-562.21655081	-0.03253430
-562.18321755	-0.04582937
-562.14988428	-0.05587905
-562.11655101	-0.06124952
-562.08321774	-0.06117750
-562.04988448	-0.05580173
-562.01655121	-0.04587447
-561.98321794	-0.03305419
-561.94988467	-0.01941275
-561.91655141	-0.00722245
-561.88321814	0.00146956
-561.84988487	0.00570704
-561.81655161	0.00517511
-561.78321834	0.00078191
-561.74988507	-0.00585041
-561.71655180	-0.01264554
-561.68321854	-0.01790236
-561.64988527	-0.02039512
-561.61655200	-0.01934501
-561.58321873	-0.01530721
-561.54988547	-0.00889363
-561.51655220	-0.00119814
-561.48321893	0.00629927
-561.44988566	0.01215858
-561.41655240	0.01529474
-561.38321913	0.01502356
-561.34988586	0.01157049
-561.31655259	0.00565176
-561.28321933	-0.00136233
-561.24988606	-0.00836104
-561.21655279	-0.01437364
-561.18321952	-0.01844005
-561.14988626	-0.01998295
-561.11655299	-0.01877381
-561.08321972	-0.01458739
-561.04988645	-0.00808154
-561.01655319	0.00009408
-560.98321992	0.00879318
-560.94988665	0.01689161
-560.91655338	0.02396971
-560.88322012	0.02971717
-560.84988685	0.03418422
-560.81655358	0.03754986
-560.78322031	0.03979903
-560.74988705	0.04051029
-560.71655378	0.03922570
-560.68322051	0.03547114
-560.64988724	0.02908964
-560.61655398	0.02023705
-560.58322071	0.00957591
-560.54988744	-0.00189897
-560.51655417	-0.01317519
-560.48322091	-0.02311706
-560.44988764	-0.03052156
-560.41655437	-0.03450884
-560.38322110	-0.03454720
-560.34988784	-0.03062447
-560.31655457	-0.02322645
-560.28322130	-0.01353705
-560.24988803	-0.00293907
-560.21655477	0.00746200
-560.18322150	0.01650893
-560.14988823	0.02358735
-560.11655496	0.02838212
-560.08322170	0.03047174
-560.04988843	0.02976805
-560.01655516	0.02653988
-559.98322189	0.02102611
-559.94988863	0.01423778
-559.91655536	0.00744417
-559.88322209	0.00169695
-559.84988882	-0.00191113
-559.81655556	-0.00276743
-559.78322229	-0.00098182
-559.74988902	0.00264619
-559.71655575	0.00707655
-559.68322249	0.01124538
-559.64988922	0.01429035
-559.61655595	0.01594070
-559.58322268	0.01588424
-559.54988942	0.01451343
-559.51655615	0.01188115
-559.48322288	0.00828626
-559.44988961	0.00416319
-559.41655635	0.00005137
-559.38322308	-0.00342830
-559.34988981	-0.00572045
-559.31655654	-0.00653866
-559.28322328	-0.00554646
-559.24989001	-0.00290949
-559.21655674	0.00128921
-559.18322347	0.00662615
-559.14989021	0.01290972
-559.11655694	0.01943313
-559.08322367	0.02575489
-559.04989040	0.03113018
-559.01655714	0.03500622
-558.98322387	0.03666720
-558.94989060	0.03579265
-558.91655733	0.03223664
-558.88322407	0.02617007
-558.84989080	0.01800535
-558.81655753	0.00830153
-558.78322426	-0.00239884
-558.74989100	-0.01323701
-558.71655773	-0.02348994
-558.68322446	-0.03210999
-558.64989119	-0.03846480
-558.61655793	-0.04183339
-558.58322466	-0.04198045
-558.54989139	-0.03892543
-558.51655812	-0.03313707
-558.48322486	-0.02486276
-558.44989159	-0.01467251
-558.41655832	-0.00314252
-558.38322505	0.00882967
-558.34989179	0.02037217
-558.31655852	0.03035191
-558.28322525	0.03781656
-558.24989198	0.04201228
-558.21655872	0.04254691
-558.18322545	0.03965846
-558.14989218	0.03393334
-558.11655891	0.02604148
-558.08322565	0.01722905
-558.04989238	0.00842801
-558.01655911	0.00044910
-557.98322584	-0.00617405
-557.94989258	-0.01108196
-557.91655931	-0.01393593
-557.88322604	-0.01490124
-557.84989277	-0.01432208
-557.81655951	-0.01269581
-557.78322624	-0.01079915
-557.74989297	-0.00900087
-557.71655970	-0.00752659
-557.68322644	-0.00631592
-557.64989317	-0.00538528
-557.61655990	-0.00438017
-557.58322663	-0.00293708
-557.54989337	-0.00056730
-557.51656010	0.00323397
-557.48322683	0.00868719
-557.44989356	0.01566862
-557.41656030	0.02354603
-557.38322703	0.03141747
-557.34989376	0.03804070
-557.31656049	0.04241904
-557.28322723	0.04389879
-557.24989396	0.04205793
-557.21656069	0.03689683
-557.18322742	0.02919079
-557.14989416	0.01943024
-557.11656089	0.00874083
-557.08322762	-0.00211866
-557.04989435	-0.01236402
-557.01656109	-0.02141702
-556.98322782	-0.02893299
-556.94989455	-0.03459144
-556.91656128	-0.03829013
-556.88322802	-0.03956077
-556.84989475	-0.03798600
-556.81656148	-0.03331250
-556.78322821	-0.02532481
-556.74989495	-0.01439319
-556.71656168	-0.00143512
-556.68322841	0.01236590
-556.64989514	0.02550205
-556.61656188	0.03668700
-556.58322861	0.04475813
-556.54989534	0.04890202
-556.51656207	0.04859513
-556.48322881	0.04378752
-556.44989554	0.03516173
-556.41656227	0.02373333
-556.38322900	0.01105397
-556.34989574	-0.00093114
-556.31656247	-0.01091966
-556.28322920	-0.01819979
-556.24989593	-0.02233197
-556.21656267	-0.02338975
-556.18322940	-0.02181984
-556.14989613	-0.01819153
-556.11656286	-0.01323478
-556.08322960	-0.00769222
-556.04989633	-0.00190591
-556.01656306	0.00368024
-555.98322979	0.00866157
-555.94989653	0.01270450
-555.91656326	0.01572751
-555.88322999	0.01777379
-555.84989672	0.01882078
-555.81656346	0.01938581
-555.78323019	0.01994656
-555.74989692	0.02093405
-555.71656365	0.02272805
-555.68323039	0.02536515
-555.64989712	0.02866768
-555.61656385	0.03222212
-555.58323058	0.03523366
-555.54989732	0.03725186
-555.51656405	0.03805111
-555.48323078	0.03709256
-555.44989751	0.03460618
-555.41656425	0.03071090
-555.38323098	0.02548109
-555.34989771	0.01907381
-555.31656444	0.01190643
-555.28323118	0.00436748
-555.24989791	-0.00317036
-555.21656464	-0.01007345
-555.18323137	-0.01599734
-555.14989811	-0.02053088
-555.11656484	-0.02310923
-555.08323157	-0.02326550
-555.04989830	-0.02078226
-555.01656504	-0.01575676
-554.98323177	-0.00847692
-554.94989850	0.00035228
-554.91656523	0.01012530
-554.88323197	0.01987653
-554.84989870	0.02854839
-554.81656543	0.03518088
-554.78323216	0.03903113
-554.74989890	0.03979153
-554.71656563	0.03760833
-554.68323236	0.03302798
-554.64989909	0.02695763
-554.61656583	0.02024364
-554.58323256	0.01374216
-554.54989929	0.00787659
-554.51656602	0.00304482
-554.48323276	-0.00065799
-554.44989949	-0.00320625
-554.41656622	-0.00492201
-554.38323295	-0.00602093
-554.34989969	-0.00708531
-554.31656642	-0.00842136
-554.28323315	-0.01035787
-554.24989988	-0.01285877
-554.21656662	-0.01549939
-554.18323335	-0.01785739
-554.14990008	-0.01922253
-554.11656681	-0.01896240
-554.08323355	-0.01713888
-554.04990028	-0.01398789
-554.01656701	-0.01000780
-553.98323374	-0.00562916
-553.94990048	-0.00130641
-553.91656721	0.00265534
-553.88323394	0.00598979
-553.84990067	0.00831706
-553.81656741	0.00939834
-553.78323414	0.00895903
-553.74990087	0.00678883
-553.71656760	0.00275354
-553.68323434	-0.00289644
-553.64990107	-0.00990527
-553.61656780	-0.01758037
-553.58323453	-0.02528645
-553.54990127	-0.03232655
-553.51656800	-0.03827906
-553.48323473	-0.04291441
-553.44990146	-0.04603463
-553.41656820	-0.04751896
-553.38323493	-0.04715315
-553.34990166	-0.04477656
-553.31656839	-0.04018082
-553.28323513	-0.03339136
-553.24990186	-0.02500400
-553.21656859	-0.01575708
-553.18323532	-0.00658776
-553.14990206	0.00153862
-553.11656879	0.00767459
-553.08323552	0.01137277
-553.04990225	0.01272783
-553.01656899	0.01190061
-552.98323572	0.00946910
-552.94990245	0.00595675
-552.91656918	0.00207690
-552.88323592	-0.00182724
-552.84990265	-0.00495183
-552.81656938	-0.00693900
-552.78323611	-0.00735015
-552.74990285	-0.00589192
-552.71656958	-0.00246576
-552.68323631	0.00255246
-552.64990304	0.00866710
-552.61656978	0.01505505
-552.58323651	0.02080264
-552.54990324	0.02493903
-552.51656997	0.02670602
-552.48323671	0.02609631
-552.44990344	0.02351899
-552.41657017	0.01968857
-552.38323690	0.01559141
-552.34990364	0.01196813
-552.31657037	0.00945636
-552.28323710	0.00817399
-552.24990383	0.00793513
-552.21657057	0.00852626
-552.18323730	0.00943534
-552.14990403	0.01023838
-552.11657076	0.01065786
-552.08323750	0.01057270
-552.04990423	0.00967406
-552.01657096	0.00783788
-551.98323769	0.00489752
-551.94990443	0.00082814
-551.91657116	-0.00412088
-551.88323789	-0.00945136
-551.84990462	-0.01465511
-551.81657136	-0.01924778
-551.78323809	-0.02284121
-551.74990482	-0.02523253
-551.71657155	-0.02638998
-551.68323829	-0.02666832
-551.64990502	-0.02592903
-551.61657175	-0.02443044
-551.58323848	-0.02233401
-551.54990522	-0.01943803
-551.51657195	-0.01594078
-551.48323868	-0.01213587
-551.44990541	-0.00812671
-551.41657215	-0.00420369
-551.38323888	-0.00060013
-551.34990561	0.00254458
-551.31657234	0.00502687
-551.28323908	0.00692124
-551.24990581	0.00802345
-551.21657254	0.00856831
-551.18323927	0.00889987
-551.14990601	0.00927334
-551.11657274	0.00995322
-551.08323947	0.01113003
-551.04990620	0.01287907
-551.01657294	0.01484600
-550.98323967	0.01671718
-550.94990640	0.01831659
-550.91657313	0.01927973
-550.88323987	0.01929496
-550.84990660	0.01829395
-550.81657333	0.01623327
-550.78324006	0.01305163
-550.74990680	0.00903649
-550.71657353	0.00466667
-550.68324026	0.00012349
-550.64990699	-0.00412671
-550.61657373	-0.00778242
-550.58324046	-0.01073500
-550.54990719	-0.01261354
-550.51657392	-0.01281695
-550.48324066	-0.01126248
-550.44990739	-0.00787078
-550.41657412	-0.00277277
-550.38324085	0.00329559
-550.34990759	0.00985903
-550.31657432	0.01621718
-550.28324105	0.02169964
-550.24990779	0.02577942
-550.21657452	0.02805299
-550.18324125	0.02842066
-550.14990798	0.02673796
-550.11657472	0.02306021
-550.08324145	0.01774424
-550.04990818	0.01119989
-550.01657491	0.00434081
-549.98324165	-0.00249200
-549.94990838	-0.00843703
-549.91657511	-0.01302603
-549.88324184	-0.01591045
-549.84990858	-0.01708442
-549.81657531	-0.01664331
-549.78324204	-0.01491378
-549.74990877	-0.01228826
-549.71657551	-0.00894002
-549.68324224	-0.00538949
-549.64990897	-0.00186791
-549.61657570	0.00123733
-549.58324244	0.00378164
-549.54990917	0.00528377
-549.51657590	0.00556057
-549.48324263	0.00475918
-549.44990937	0.00292910
-549.41657610	0.00083656
-549.38324283	-0.00087531
-549.34990956	-0.00160689
-549.31657630	-0.00090379
-549.28324303	0.00138202
-549.24990976	0.00521494
-549.21657649	0.01052859
-549.18324323	0.01704351
-549.14990996	0.02440737
-549.11657669	0.03193785
-549.08324342	0.03916984
-549.04991016	0.04523722
-549.01657689	0.04965643
-548.98324362	0.05194737
-548.94991035	0.05173882
-548.91657709	0.04885837
-548.88324382	0.04360097
-548.84991055	0.03634986
-548.81657728	0.02781555
-548.78324402	0.01884542
-548.74991075	0.01035123
-548.71657748	0.00286475
-548.68324421	-0.00314236
-548.64991095	-0.00775795
-548.61657768	-0.01127184
-548.58324441	-0.01409865
-548.54991114	-0.01648486
-548.51657788	-0.01892077
-548.48324461	-0.02148736
-548.44991134	-0.02418442
-548.41657807	-0.02689499
-548.38324481	-0.02933200
-548.34991154	-0.03106416
-548.31657827	-0.03148350
-548.28324500	-0.03018277
-548.24991174	-0.02677849
-548.21657847	-0.02123828
-548.18324520	-0.01367863
-548.14991193	-0.00446847
-548.11657867	0.00574206
-548.08324540	0.01607947
-548.04991213	0.02580699
-548.01657886	0.03379550
-547.98324560	0.03944891
-547.94991233	0.04211164
-547.91657906	0.04180096
-547.88324579	0.03864312
-547.84991253	0.03308439
-547.81657926	0.02576943
-547.78324599	0.01726823
-547.74991272	0.00827276
-547.71657946	-0.00033667
-547.68324619	-0.00781724
-547.64991292	-0.01335270
-547.61657965	-0.01649595
-547.58324639	-0.01715045
-547.54991312	-0.01547201
-547.51657985	-0.01207725
-547.48324658	-0.00763023
-547.44991332	-0.00271901
-547.41658005	0.00228774
-547.38324678	0.00708275
-547.34991351	0.01137897
-547.31658025	0.01473033
-547.28324698	0.01676229
-547.24991371	0.01715990
-547.21658044	0.01582739
-547.18324718	0.01285308
-547.14991391	0.00876501
-547.11658064	0.00418957
-547.08324737	-0.00002712
-547.04991411	-0.00340177
-547.01658084	-0.00536190
-546.98324757	-0.00580754
-546.94991430	-0.00475656
-546.91658104	-0.00244904
-546.88324777	0.00058143
-546.84991450	0.00358008
-546.81658123	0.00618827
-546.78324797	0.00816596
-546.74991470	0.00967944
-546.71658143	0.01068964
-546.68324816	0.01156520
-546.64991490	0.01243006
-546.61658163	0.01315173
-546.58324836	0.01362602
-546.54991509	0.01373110
-546.51658183	0.01321265
-546.48324856	0.01215642
-546.44991529	0.01066759
-546.41658202	0.00886298
-546.38324876	0.00713717
-546.34991549	0.00587733
-546.31658222	0.00538528
-546.28324895	0.00596206
-546.24991569	0.00751563
-546.21658242	0.00999864
-546.18324915	0.01290311
-546.14991588	0.01558341
-546.11658262	0.01778162
-546.08324935	0.01916794
-546.04991608	0.01936638
-546.01658281	0.01853528
-545.98324955	0.01669499
-545.94991628	0.01392593
-545.91658301	0.01038196
-545.88324974	0.00638793
-545.84991648	0.00197974
-545.81658321	-0.00248356
-545.78324994	-0.00696505
-545.74991667	-0.01117078
-545.71658341	-0.01517883
-545.68325014	-0.01889659
-545.64991687	-0.02244855
-545.61658360	-0.02554474
-545.58325034	-0.02834905
-545.54991707	-0.03058280
-545.51658380	-0.03177511
-545.48325053	-0.03170730
-545.44991727	-0.02978249
-545.41658400	-0.02601816
-545.38325073	-0.02026896
-545.34991746	-0.01297811
-545.31658420	-0.00497558
-545.28325093	0.00311548
-545.24991766	0.01048409
-545.21658439	0.01656069
-545.18325113	0.02112297
-545.14991786	0.02366733
-545.11658459	0.02419498
-545.08325132	0.02275270
-545.04991806	0.01975400
-545.01658479	0.01572461
-544.98325152	0.01132946
-544.94991825	0.00725290
-544.91658499	0.00397219
-544.88325172	0.00180997
-544.84991845	0.00044982
-544.81658518	-0.00018196
-544.78325192	-0.00054325
-544.74991865	-0.00102003
-544.71658538	-0.00189808
-544.68325211	-0.00315275
-544.64991885	-0.00485525
-544.61658558	-0.00632168
-544.58325231	-0.00738740
-544.54991904	-0.00774270
-544.51658578	-0.00702093
-544.48325251	-0.00529348
-544.44991924	-0.00290552
-544.41658597	-0.00006846
-544.38325271	0.00269905
-544.34991944	0.00507790
-544.31658617	0.00677045
-544.28325290	0.00755803
-544.24991964	0.00737642
-544.21658637	0.00607769
-544.18325310	0.00377202
-544.14991983	0.00076872
-544.11658657	-0.00242253
-544.08325330	-0.00507893
-544.04992003	-0.00688679
-544.01658676	-0.00729494
-543.98325350	-0.00618605
-543.94992023	-0.00381782
-543.91658696	-0.00006989
-543.88325369	0.00436454
-543.84992043	0.00916817
-543.81658716	0.01380451
-543.78325389	0.01779153
-543.74992062	0.02065425
-543.71658736	0.02216399
-543.68325409	0.02222956
-543.64992082	0.02113659
-543.61658755	0.01917574
-543.58325429	0.01654309
-543.54992102	0.01361095
-543.51658775	0.01059474
-543.48325448	0.00760035
-543.44992122	0.00507739
-543.41658795	0.00310121
-543.38325468	0.00188725
-543.34992141	0.00142933
-543.31658815	0.00144058
-543.28325488	0.00150328
-543.24992161	0.00117712
-543.21658834	0.00031181
-543.18325508	-0.00104316
-543.14992181	-0.00269088
-543.11658854	-0.00426790
-543.08325527	-0.00546866
-543.04992201	-0.00588807
-543.01658874	-0.00548088
-542.98325547	-0.00420778
-542.94992220	-0.00177341
-542.91658894	0.00179954
-542.88325567	0.00624586
-542.84992240	0.01112975
-542.81658913	0.01577388
-542.78325587	0.01968751
-542.74992260	0.02228099
-542.71658933	0.02317520
-542.68325606	0.02242417
-542.64992280	0.02017322
-542.61658953	0.01656789
-542.58325626	0.01179081
-542.54992299	0.00654949
-542.51658973	0.00124077
-542.48325646	-0.00367775
-542.44992319	-0.00766891
-542.41658992	-0.01039769
-542.38325666	-0.01195022
-542.34992339	-0.01224350
-542.31659012	-0.01137613
-542.28325685	-0.00937408
-542.24992359	-0.00639617
-542.21659032	-0.00244028
-542.18325705	0.00262973
-542.14992378	0.00814478
-542.11659052	0.01387904
-542.08325725	0.01932752
-542.04992398	0.02359439
-542.01659071	0.02647704
-541.98325745	0.02739498
-541.94992418	0.02627109
-541.91659091	0.02343880
-541.88325764	0.01919708
-541.84992438	0.01417316
-541.81659111	0.00916539
-541.78325784	0.00439709
-541.74992457	0.00021167
-541.71659131	-0.00314755
-541.68325804	-0.00557177
-541.64992477	-0.00701139
-541.61659150	-0.00762533
-541.58325824	-0.00752874
-541.54992497	-0.00715637
-541.51659170	-0.00688262
-541.48325843	-0.00684801
-541.44992517	-0.00737455
-541.41659190	-0.00800148
-541.38325863	-0.00835586
-541.34992536	-0.00793475
-541.31659210	-0.00632573
-541.28325883	-0.00303206
-541.24992556	0.00195817
-541.21659229	0.00829957
-541.18325903	0.01561877
-541.14992576	0.02305842
-541.11659249	0.02980622
-541.08325922	0.03481482
-541.04992596	0.03773564
-541.01659269	0.03828928
-540.98325942	0.03650697
-540.94992615	0.03273001
-540.91659289	0.02728805
-540.88325962	0.02044826
-540.84992635	0.01277210
-540.81659308	0.00485414
-540.78325982	-0.00263775
-540.74992655	-0.00881468
-540.71659328	-0.01331978
-540.68326001	-0.01597081
-540.64992675	-0.01666202
-540.61659348	-0.01570411
-540.58326021	-0.01343933
-540.54992694	-0.01014396
-540.51659368	-0.00620441
-540.48326041	-0.00173774
-540.44992714	0.00286381
-540.41659387	0.00709825
-540.38326061	0.01071974
-540.34992734	0.01350244
-540.31659407	0.01538870
-540.28326080	0.01629529
-540.24992754	0.01629449
-540.21659427	0.01529018
-540.18326100	0.01354195
-540.14992773	0.01119641
-540.11659447	0.00868960
-540.08326120	0.00642354
-540.04992793	0.00484281
-540.01659466	0.00414922
-539.98326140	0.00447985
-539.94992813	0.00557372
-539.91659486	0.00700721
-539.88326159	0.00846339
-539.84992833	0.00931638
-539.81659506	0.00928177
-539.78326179	0.00814324
-539.74992852	0.00574078
-539.71659526	0.00257824
-539.68326199	-0.00086781
-539.64992872	-0.00421809
-539.61659545	-0.00673872
-539.58326219	-0.00818756
-539.54992892	-0.00805374
-539.51659565	-0.00636837
-539.48326238	-0.00297984
-539.44992912	0.00213266
-539.41659585	0.00867712
-539.38326258	0.01632042
-539.34992931	0.02443302
-539.31659605	0.03205286
-539.28326278	0.03844042
-539.24992951	0.04262268
-539.21659624	0.04404227
-539.18326298	0.04254145
-539.14992971	0.03846741
-539.11659644	0.03230948
-539.08326317	0.02454201
-539.04992991	0.01573831
-539.01659664	0.00647856
-538.98326337	-0.00291798
-538.94993010	-0.01181226
-538.91659684	-0.01951709
-538.88326357	-0.02541025
-538.84993030	-0.02910370
-538.81659703	-0.03037742
-538.78326377	-0.02926006
-538.74993050	-0.02609811
-538.71659723	-0.02126983
-538.68326397	-0.01514100
-538.64993070	-0.00836394
-538.61659743	-0.00123669
-538.58326416	0.00568870
-538.54993090	0.01183895
-538.51659763	0.01684937
-538.48326436	0.02032541
-538.44993109	0.02198035
-538.41659783	0.02192090
-538.38326456	0.02035740
-538.34993129	0.01765645
-538.31659802	0.01437907
-538.28326476	0.01100709
-538.24993149	0.00769437
-538.21659822	0.00486489
-538.18326495	0.00245418
-538.14993169	0.00061690
-538.11659842	-0.00069065
-538.08326515	-0.00141927
-538.04993188	-0.00174423
-538.01659862	-0.00165715
-537.98326535	-0.00127929
-537.94993208	-0.00071841
-537.91659881	-0.00017354
-537.88326555	0.00032680
-537.84993228	0.00060442
-537.81659901	0.00084742
-537.78326574	0.00110284
-537.74993248	0.00154266
-537.71659921	0.00213948
-537.68326594	0.00320161
-537.64993267	0.00495970
-537.61659941	0.00742268
-537.58326614	0.01021481
-537.54993287	0.01320274
-537.51659960	0.01585276
-537.48326634	0.01775530
-537.44993307	0.01879684
-537.41659980	0.01867673
-537.38326653	0.01709844
-537.34993327	0.01414617
-537.31660000	0.00999442
-537.28326673	0.00465332
-537.24993346	-0.00122213
-537.21660020	-0.00687010
-537.18326693	-0.01154783
-537.14993366	-0.01473959
-537.11660039	-0.01597255
-537.08326713	-0.01545740
-537.04993386	-0.01344294
-537.01660059	-0.01013267
-536.98326732	-0.00628263
-536.94993406	-0.00222963
-536.91660079	0.00145406
-536.88326752	0.00449689
-536.84993425	0.00634848
-536.81660099	0.00683674
-536.78326772	0.00570452
-536.74993445	0.00327496
-536.71660118	-0.00012705
-536.68326792	-0.00402107
-536.64993465	-0.00750803
-536.61660138	-0.00997905
-536.58326811	-0.01097521
-536.54993485	-0.01023071
-536.51660158	-0.00778663
-536.48326831	-0.00401619
-536.44993504	0.00042983
-536.41660178	0.00464344
-536.38326851	0.00814866
-536.34993524	0.01060338
-536.31660197	0.01189249
-536.28326871	0.01200686
-536.24993544	0.01125623
-536.21660217	0.00967713
-536.18326890	0.00756166
-536.14993564	0.00524280
-536.11660237	0.00304341
-536.08326910	0.00126652
-536.04993583	0.00011840
-536.01660257	-0.00031764
-535.98326930	-0.00009487
-535.94993603	0.00068335
-535.91660276	0.00199732
-535.88326950	0.00357942
-535.84993623	0.00539505
-535.81660296	0.00744305
-535.78326969	0.00961916
-535.74993643	0.01167023
-535.71660316	0.01355548
-535.68326989	0.01500872
-535.64993662	0.01585031
-535.61660336	0.01582334
-535.58327009	0.01505602
-535.54993682	0.01346574
-535.51660355	0.01119660
-535.48327029	0.00840959
-535.44993702	0.00510077
-535.41660375	0.00155691
-535.38327048	-0.00185585
-535.34993722	-0.00471657
-535.31660395	-0.00643715
-535.28327068	-0.00645423
-535.24993741	-0.00491798
-535.21660415	-0.00164242
-535.18327088	0.00260714
-535.14993761	0.00691303
-535.11660434	0.01069498
-535.08327108	0.01308423
-535.04993781	0.01395673
-535.01660454	0.01335280
-534.98327127	0.01146623
-534.94993801	0.00896070
-534.91660474	0.00622506
-534.88327147	0.00365049
-534.84993820	0.00192610
-534.81660494	0.00103099
-534.78327167	0.00124359
-534.74993840	0.00269204
-534.71660513	0.00497033
-534.68327187	0.00794989
-534.64993860	0.01111914
-534.61660533	0.01397663
-534.58327206	0.01581159
-534.54993880	0.01647314
-534.51660553	0.01559204
-534.48327226	0.01331772
-534.44993899	0.00988462
-534.41660573	0.00595845
-534.38327246	0.00217602
-534.34993919	-0.00095088
-534.31660592	-0.00312285
-534.28327266	-0.00397461
-534.24993939	-0.00351808
-534.21660612	-0.00184698
-534.18327285	0.00086447
-534.14993959	0.00427270
-534.11660632	0.00791673
-534.08327305	0.01149978
-534.04993978	0.01438540
-534.01660652	0.01624556
-533.98327325	0.01671221
-533.94993998	0.01569709
-533.91660671	0.01320867
-533.88327345	0.00955932
-533.84994018	0.00532379
-533.81660691	0.00103721
-533.78327364	-0.00296170
-533.74994038	-0.00614073
-533.71660711	-0.00822778
-533.68327384	-0.00922649
-533.64994057	-0.00897824
-533.61660731	-0.00767321
-533.58327404	-0.00538883
-533.54994077	-0.00220403
-533.51660750	0.00147328
-533.48327424	0.00547166
-533.44994097	0.00936267
-533.41660770	0.01301919
-533.38327443	0.01593762
-533.34994117	0.01765101
-533.31660790	0.01814821
-533.28327463	0.01705107
-533.24994136	0.01445963
-533.21660810	0.01052560
-533.18327483	0.00566749
-533.14994156	0.00042794
-533.11660829	-0.00466380
-533.08327503	-0.00902957
-533.04994176	-0.01223434
-533.01660849	-0.01399648
-532.98327522	-0.01418689
-532.94994196	-0.01270974
-532.91660869	-0.00944781
-532.88327542	-0.00483966
-532.84994215	0.00057772
-532.81660889	0.00629865
-532.78327562	0.01139903
-532.74994235	0.01522214
-532.71660908	0.01732733
-532.68327582	0.01759353
-532.64994255	0.01615037
-532.61660928	0.01339419
-532.58327601	0.00986862
-532.54994275	0.00629122
-532.51660948	0.00331727
-532.48327621	0.00132663
-532.44994294	0.00045811
-532.41660968	0.00087025
-532.38327641	0.00231272
-532.34994314	0.00458827
-532.31660987	0.00728702
-532.28327661	0.00989186
-532.24994334	0.01207911
-532.21661007	0.01343193
-532.18327680	0.01394565
-532.14994354	0.01381137
-532.11661027	0.01303171
-532.08327700	0.01204825
-532.04994373	0.01104852
-532.01661047	0.01016003
-531.98327720	0.00959422
-531.94994393	0.00917313
-531.91661066	0.00875247
-531.88327740	0.00841023
-531.84994413	0.00779316
-531.81661086	0.00684985
-531.78327759	0.00576028
-531.74994433	0.00457280
-531.71661106	0.00350076
-531.68327779	0.00292997
-531.64994452	0.00296901
-531.61661126	0.00376346
-531.58327799	0.00528601
-531.54994472	0.00725540
-531.51661145	0.00938173
-531.48327819	0.01118510
-531.44994492	0.01234858
-531.41661165	0.01259124
-531.38327838	0.01160275
-531.34994512	0.00966919
-531.31661185	0.00697073
-531.28327858	0.00415641
-531.24994531	0.00185857
-531.21661205	0.00047800
-531.18327878	0.00053562
-531.14994551	0.00185651
-531.11661224	0.00445704
-531.08327898	0.00798518
-531.04994571	0.01181768
-531.01661244	0.01535957
-530.98327917	0.01826206
-530.94994591	0.02000364
-530.91661264	0.02024288
-530.88327937	0.01901088
-530.84994610	0.01663589
-530.81661284	0.01338947
-530.78327957	0.01013812
-530.74994630	0.00732566
-530.71661303	0.00552852
-530.68327977	0.00499153
-530.64994650	0.00578847
-530.61661323	0.00763525
-530.58327996	0.01003136
-530.54994670	0.01250897
-530.51661343	0.01453013
-530.48328016	0.01592117
-530.44994689	0.01644460
-530.41661363	0.01630009
-530.38328036	0.01549213
-530.34994709	0.01423391
-530.31661382	0.01263435
-530.28328056	0.01073966
-530.24994729	0.00877264
-530.21661402	0.00672442
-530.18328075	0.00480273
-530.14994749	0.00299208
-530.11661422	0.00134778
-530.08328095	0.00005941
-530.04994768	-0.00091397
-530.01661442	-0.00133103
-529.98328115	-0.00109421
-529.94994788	-0.00010124
-529.91661461	0.00141129
-529.88328135	0.00360378
-529.84994808	0.00588656
-529.81661481	0.00810935
-529.78328154	0.00989481
-529.74994828	0.01076185
-529.71661501	0.01055012
-529.68328174	0.00900639
-529.64994847	0.00615177
-529.61661521	0.00223434
-529.58328194	-0.00218785
-529.54994867	-0.00667484
-529.51661540	-0.01047723
-529.48328214	-0.01311292
-529.44994887	-0.01420049
-529.41661560	-0.01347485
-529.38328233	-0.01079155
-529.34994907	-0.00636795
-529.31661580	-0.00039226
-529.28328253	0.00670865
-529.24994926	0.01425648
-529.21661600	0.02146490
-529.18328273	0.02738919
-529.14994946	0.03148817
-529.11661619	0.03326390
-529.08328293	0.03261622
-529.04994966	0.02971702
-529.01661639	0.02511603
-528.98328312	0.01945361
-528.94994986	0.01343933
-528.91661659	0.00772011
-528.88328332	0.00283611
-528.84995005	-0.00107667
-528.81661679	-0.00373108
-528.78328352	-0.00514350
-528.74995025	-0.00551867
-528.71661698	-0.00499898
-528.68328372	-0.00392423
-528.64995045	-0.00249414
-528.61661718	-0.00101067
-528.58328391	0.00023396
-528.54995065	0.00128201
-528.51661738	0.00206626
-528.48328411	0.00283402
-528.44995084	0.00362862
-528.41661758	0.00486677
-528.38328431	0.00626870
-528.34995104	0.00793651
-528.31661777	0.00978344
-528.28328451	0.01137486
-528.24995124	0.01247109
-528.21661797	0.01283504
-528.18328470	0.01235304
-528.14995144	0.01091146
-528.11661817	0.00868075
-528.08328490	0.00584215
-528.04995163	0.00260699
-528.01661837	-0.00070690
-527.98328510	-0.00382177
-527.94995183	-0.00640183
-527.91661856	-0.00816317
-527.88328530	-0.00879421
-527.84995203	-0.00841527
-527.81661876	-0.00697534
-527.78328549	-0.00486637
-527.74995223	-0.00226073
-527.71661896	0.00048490
-527.68328569	0.00327934
-527.64995242	0.00591671
-527.61661916	0.00821872
-527.58328589	0.01024171
-527.54995262	0.01187912
-527.51661935	0.01309164
-527.48328609	0.01404039
-527.44995282	0.01462662
-527.41661955	0.01483731
-527.38328628	0.01463424
-527.34995302	0.01409656
-527.31661975	0.01293035
-527.28328648	0.01116343
-527.24995322	0.00887453
-527.21661995	0.00620177
-527.18328668	0.00338215
-527.14995341	0.00071007
-527.11662015	-0.00164641
-527.08328688	-0.00343173
-527.04995361	-0.00462090
-527.01662034	-0.00546612
-526.98328708	-0.00592686
-526.94995381	-0.00620903
-526.91662054	-0.00634320
-526.88328727	-0.00635059
-526.84995401	-0.00633834
-526.81662074	-0.00608527
-526.78328747	-0.00551610
-526.74995420	-0.00457224
-526.71662094	-0.00328353
-526.68328767	-0.00146345
-526.64995440	0.00107102
-526.61662113	0.00394649
-526.58328787	0.00718397
-526.54995460	0.01032128
-526.51662133	0.01280630
-526.48328806	0.01443701
-526.44995480	0.01486865
-526.41662153	0.01406557
-526.38328826	0.01215926
-526.34995499	0.00932977
-526.31662173	0.00605549
-526.28328846	0.00267080
-526.24995519	-0.00053084
-526.21662192	-0.00328198
-526.18328866	-0.00539892
-526.14995539	-0.00680213
-526.11662212	-0.00774485
-526.08328885	-0.00823316
-526.04995559	-0.00845545
-526.01662232	-0.00848500
-525.98328905	-0.00841613
-525.94995578	-0.00822327
-525.91662252	-0.00796821
-525.88328925	-0.00754858
-525.84995598	-0.00680233
-525.81662271	-0.00565188
-525.78328945	-0.00401603
-525.74995618	-0.00176154
-525.71662291	0.00096806
-525.68328964	0.00408194
-525.64995638	0.00712145
-525.61662311	0.00977734
-525.58328984	0.01187364
-525.54995657	0.01296193
-525.51662331	0.01305704
-525.48329004	0.01229414
-525.44995677	0.01071751
-525.41662350	0.00841791
-525.38329024	0.00569725
-525.34995697	0.00271897
-525.31662370	-0.00029563
-525.28329043	-0.00304071
-525.24995717	-0.00535916
-525.21662390	-0.00695560
-525.18329063	-0.00779783
-525.14995736	-0.00770814
-525.11662410	-0.00678401
-525.08329083	-0.00512550
-525.04995756	-0.00283461
-525.01662429	-0.00004787
-524.98329103	0.00293743
-524.94995776	0.00592249
-524.91662449	0.00883658
-524.88329122	0.01126681
-524.84995796	0.01324492
-524.81662469	0.01438843
-524.78329142	0.01486215
-524.74995815	0.01455685
-524.71662489	0.01351876
-524.68329162	0.01183407
-524.64995835	0.00960508
-524.61662508	0.00690452
-524.58329182	0.00389815
-524.54995855	0.00079502
-524.51662528	-0.00218770
-524.48329201	-0.00484926
-524.44995875	-0.00690752
-524.41662548	-0.00824419
-524.38329221	-0.00886768
-524.34995894	-0.00872892
-524.31662568	-0.00801418
-524.28329241	-0.00687219
-524.24995914	-0.00554043
-524.21662587	-0.00388543
-524.18329261	-0.00222504
-524.14995934	-0.00047806
-524.11662607	0.00131501
-524.08329280	0.00301853
-524.04995954	0.00455961
-524.01662627	0.00570864
-523.98329300	0.00645184
-523.94995973	0.00666308
-523.91662647	0.00643387
-523.88329320	0.00589383
-523.84995993	0.00513147
-523.81662666	0.00429678
-523.78329340	0.00346534
-523.74996013	0.00274712
-523.71662686	0.00212187
-523.68329359	0.00164465
-523.64996033	0.00130784
-523.61662706	0.00116075
-523.58329379	0.00114944
-523.54996052	0.00122755
-523.51662726	0.00137499
-523.48329399	0.00145481
-523.44996072	0.00142864
-523.41662745	0.00130962
-523.38329419	0.00110167
-523.34996092	0.00084208
-523.31662765	0.00062583
-523.28329438	0.00044860
-523.24996112	0.00039740
-523.21662785	0.00044955
-523.18329458	0.00058364
-523.14996131	0.00079888
-523.11662805	0.00102327
-523.08329478	0.00127528
-523.04996151	0.00154961
-523.01662824	0.00177339
-522.98329498	0.00196343
-522.94996171	0.00206430
-522.91662844	0.00205125
-522.88329517	0.00192778
-522.84996191	0.00169734
-522.81662864	0.00139748
-522.78329537	0.00106681
-522.74996210	0.00073395
-522.71662884	0.00044865
-522.68329557	0.00021246
-522.64996230	0.00002545
-522.61662903	-0.00010285
-522.58329577	-0.00020486
-522.54996250	-0.00026235
-522.51662923	-0.00027654
-522.48329596	-0.00024547
-522.44996270	-0.00017407
-522.41662943	-0.00004986
-522.38329616	0.00009826
-522.34996289	0.00025823
-522.31662963	0.00040051
-522.28329636	0.00050630
-522.24996309	0.00056317
-522.21662982	0.00058503
-522.18329656	0.00057224
-522.14996329	0.00053805
-522.11663002	0.00049394
-522.08329675	0.00044185
-522.04996349	0.00038874
-522.01663022	0.00033430
-521.98329695	0.00028317
-521.94996368	0.00023339
-521.91663042	0.00018759
-521.88329715	0.00014554
-521.84996388	0.00010752
-521.81663061	0.00007425
-521.78329735	0.00004702
-521.74996408	0.00002621
-521.71663081	0.00001216
-521.68329754	0.00000420
-521.64996428	0.00000079
-521.61663101	-0.00000001
-521.58329774	0.00000000
