# Menlo Systems GmbH ScanControl
# Program Version 1.7.0+git.a90605a3
# Start: -433.90000000 ps, Average over 3000 waveforms. Timestamp: 2024-05-07T15:37:33
# Window type: Tukey, parameters: alpha = 0.1
# User time axis shift: 0 ps
# Time axis offset: 0 ps
# Frequency [THz]	THz Signal [a.u.]
0.00000000	-22.20985383
0.00732602	-33.05056055
0.01465205	-27.78350449
0.02197807	-38.87502068
0.02930410	-29.80898121
0.03663012	-33.46843091
0.04395614	-29.85044875
0.05128217	-32.96690434
0.05860819	-32.78733106
0.06593421	-31.26380061
0.07326024	-35.43739483
0.08058626	-33.98904928
0.08791229	-36.56764630
0.09523831	-41.96080293
0.10256433	-31.19100991
0.10989036	-37.37651018
0.11721638	-28.18083492
0.12454240	-24.58451367
0.13186843	-25.26968709
0.13919445	-20.85138423
0.14652048	-18.91172257
0.15384650	-20.20746310
0.16117252	-19.59046703
0.16849855	-18.46019027
0.17582457	-18.10281024
0.18315060	-18.57653018
0.19047662	-18.20404409
0.19780264	-16.00276251
0.20512867	-16.12609130
0.21245469	-16.50720511
0.21978071	-14.25315437
0.22710674	-11.92878240
0.23443276	-12.65385170
0.24175879	-11.81948708
0.24908481	-9.10451175
0.25641083	-9.35831359
0.26373686	-8.95146243
0.27106288	-6.77395731
0.27838890	-6.83302076
0.28571493	-8.37455063
0.29304095	-8.16330590
0.30036698	-8.29298258
0.30769300	-9.50879195
0.31501902	-9.74741842
0.32234505	-9.22240523
0.32967107	-9.06115635
0.33699710	-9.73320056
0.34432312	-9.32830256
0.35164914	-8.23944727
0.35897517	-8.26185385
0.36630119	-7.60704246
0.37362721	-6.64941420
0.38095324	-5.95506596
0.38827926	-4.65804483
0.39560529	-3.65733640
0.40293131	-2.96361379
0.41025733	-2.49801365
0.41758336	-2.60881405
0.42490938	-2.98559035
0.43223540	-3.78128089
0.43956143	-4.44864890
0.44688745	-4.74370636
0.45421348	-4.71152837
0.46153950	-5.17498128
0.46886552	-5.58848051
0.47619155	-5.15621600
0.48351757	-5.33226361
0.49084360	-5.12641612
0.49816962	-4.69240951
0.50549564	-4.56214730
0.51282167	-3.47737050
0.52014769	-2.86220264
0.52747371	-2.26368977
0.53479974	-0.64348081
0.54212576	-0.43345731
0.54945179	-0.16009461
0.55677781	-0.71654026
0.56410383	-1.40840533
0.57142986	-1.72831434
0.57875588	-2.30327801
0.58608190	-3.37133889
0.59340793	-3.60200161
0.60073395	-4.15465719
0.60805998	-4.63380391
0.61538600	-4.40734752
0.62271202	-4.89044873
0.63003805	-4.32403320
0.63736407	-3.92054489
0.64469009	-3.88254479
0.65201612	-2.74420779
0.65934214	-1.88685143
0.66666817	-1.25160372
0.67399419	-0.19604993
0.68132021	0.00000000
0.68864624	-0.10153135
0.69597226	-0.86758344
0.70329829	-1.86782485
0.71062431	-2.43693623
0.71795033	-3.70510621
0.72527636	-4.29429973
0.73260238	-5.22302898
0.73992840	-5.79456940
0.74725443	-6.20474802
0.75458045	-6.91047053
0.76190648	-6.17120622
0.76923250	-6.24623224
0.77655852	-5.66242640
0.78388455	-5.04736521
0.79121057	-4.31504978
0.79853659	-3.25096657
0.80586262	-2.67077884
0.81318864	-1.93156345
0.82051467	-1.89638638
0.82784069	-2.61668849
0.83516671	-3.30590163
0.84249274	-4.34815817
0.84981876	-5.33026017
0.85714479	-6.11072642
0.86447081	-7.14796602
0.87179683	-7.38061673
0.87912286	-8.09030146
0.88644888	-8.58978821
0.89377490	-8.30042204
0.90110093	-8.41886050
0.90842695	-8.32743666
0.91575298	-7.50244832
0.92307900	-6.91427438
0.93040502	-5.88129416
0.93773105	-4.93529860
0.94505707	-4.46662392
0.95238309	-3.75908697
0.95970912	-4.59315036
0.96703514	-5.58614875
0.97436117	-6.36698278
0.98168719	-8.31499942
0.98901321	-9.52458849
0.99633924	-10.85722875
1.00366526	-11.36957657
1.01099129	-11.76904150
1.01831731	-12.52955709
1.02564333	-11.81516151
1.03296936	-11.88620708
1.04029538	-11.50657943
1.04762140	-10.86171752
1.05494743	-10.45706664
1.06227345	-9.32123691
1.06959948	-9.21945224
1.07692550	-8.68697081
1.08425152	-8.15822203
1.09157755	-8.80945986
1.09890357	-11.02759713
1.10622959	-10.79364893
1.11355562	-11.83420672
1.12088164	-12.75042917
1.12820767	-13.73573102
1.13553369	-13.79468103
1.14285971	-14.42851714
1.15018574	-15.02283182
1.15751176	-15.70864444
1.16483779	-16.69882551
1.17216381	-14.43407650
1.17948983	-14.54444213
1.18681586	-13.83139904
1.19414188	-13.18783412
1.20146790	-12.98035539
1.20879393	-13.82176443
1.21611995	-12.38175544
1.22344598	-12.55795219
1.23077200	-13.88415089
1.23809802	-14.44740123
1.24542405	-15.03804510
1.25275007	-16.02145165
1.26007609	-17.21729866
1.26740212	-17.22686845
1.27472814	-17.67165615
1.28205417	-17.48035205
1.28938019	-17.83362898
1.29670621	-17.57368916
1.30403224	-17.22778080
1.31135826	-17.57741722
1.31868429	-17.81797319
1.32601031	-17.30895383
1.33333633	-17.72864373
1.34066236	-17.41323845
1.34798838	-17.31181486
1.35531440	-16.66431613
1.36264043	-16.04605994
1.36996645	-17.09261403
1.37729248	-16.60395318
1.38461850	-17.79257962
1.39194452	-17.98210630
1.39927055	-18.79787918
1.40659657	-19.53566932
1.41392259	-20.55910134
1.42124862	-20.13173124
1.42857464	-20.63985429
1.43590067	-20.73391466
1.44322669	-21.19517184
1.45055271	-21.56012877
1.45787874	-21.70064151
1.46520476	-21.03649268
1.47253079	-20.84462492
1.47985681	-20.85117464
1.48718283	-19.49509645
1.49450886	-18.73847937
1.50183488	-18.45857443
1.50916090	-18.32259927
1.51648693	-18.46011463
1.52381295	-19.03690792
1.53113898	-20.45442730
1.53846500	-21.00702172
1.54579102	-21.63128187
1.55311705	-22.88241684
1.56044307	-24.01505550
1.56776909	-24.85255139
1.57509512	-25.67138260
1.58242114	-26.83776556
1.58974717	-26.93876859
1.59707319	-26.27115001
1.60439921	-25.93836203
1.61172524	-24.43623802
1.61905126	-22.65222538
1.62637728	-21.55651870
1.63370331	-20.81706157
1.64102933	-21.08332088
1.64835536	-21.49304189
1.65568138	-22.62305243
1.66300740	-26.51141010
1.67033343	-30.48923390
1.67765945	-28.43994814
1.68498548	-27.94621261
1.69231150	-29.19491450
1.69963752	-30.12488634
1.70696355	-30.21228803
1.71428957	-33.58609928
1.72161559	-34.08221065
1.72894162	-29.87581878
1.73626764	-28.84793792
1.74359367	-27.47758723
1.75091969	-25.80695656
1.75824571	-24.32225489
1.76557174	-23.97335309
1.77289776	-24.41285346
1.78022378	-24.97551983
1.78754981	-26.19306933
1.79487583	-29.24720035
1.80220186	-30.83057163
1.80952788	-32.14592138
1.81685390	-34.10597232
1.82417993	-35.55863927
1.83150595	-35.52195663
1.83883198	-35.39918910
1.84615800	-34.69800353
1.85348402	-34.25863728
1.86081005	-32.96415361
1.86813607	-33.24194072
1.87546209	-31.08383263
1.88278812	-29.51925967
1.89011414	-29.26519307
1.89744017	-28.95787827
1.90476619	-29.70929572
1.91209221	-30.99859969
1.91941824	-34.22154888
1.92674426	-36.05302560
1.93407028	-37.50706711
1.94139631	-38.27214481
1.94872233	-38.03129261
1.95604836	-38.04107269
1.96337438	-38.08820506
1.97070040	-37.76648985
1.97802643	-37.32547209
1.98535245	-37.18562490
1.99267848	-36.54682261
2.00000450	-35.37473342
2.00733052	-35.23420720
2.01465655	-36.12871242
2.02198257	-35.83699740
2.02930859	-35.30250358
2.03663462	-36.46971222
2.04396064	-37.63478300
2.05128667	-38.28813291
2.05861269	-41.28940152
2.06593871	-44.00435475
2.07326474	-42.92325243
2.08059076	-43.25155966
2.08791678	-43.54385423
2.09524281	-43.26753652
2.10256883	-42.56561509
2.10989486	-42.42038214
2.11722088	-42.23167276
2.12454690	-41.38966305
2.13187293	-41.30069695
2.13919895	-42.90877852
2.14652498	-43.83491096
2.15385100	-43.82670544
2.16117702	-46.68955853
2.16850305	-51.41087518
2.17582907	-48.17133963
2.18315509	-47.46792189
2.19048112	-48.20538807
2.19780714	-50.85023581
2.20513317	-49.01454267
2.21245919	-50.41600159
2.21978521	-51.88268072
2.22711124	-51.27929508
2.23443726	-49.18358720
2.24176328	-50.54562505
2.24908931	-54.07551553
2.25641533	-58.63554395
2.26374136	-67.67441236
2.27106738	-61.84590198
2.27839340	-56.21983652
2.28571943	-52.25023719
2.29304545	-54.39197947
2.30037148	-52.88806153
2.30769750	-48.76244225
2.31502352	-48.03756078
2.32234955	-49.71127338
2.32967557	-50.55372816
2.33700159	-52.10464667
2.34432762	-57.84678436
2.35165364	-63.92948858
2.35897967	-56.42801087
2.36630569	-57.32936452
2.37363171	-58.64864628
2.38095774	-57.96661723
2.38828376	-55.20937638
2.39560978	-59.28435643
2.40293581	-53.64399041
2.41026183	-50.31733820
2.41758786	-49.05052877
2.42491388	-49.89912878
2.43223990	-49.48441452
2.43956593	-48.90901779
2.44689195	-50.87280470
2.45421798	-51.51664405
2.46154400	-53.02536447
2.46887002	-56.52895949
2.47619605	-54.71793335
2.48352207	-55.63819972
2.49084809	-55.38104049
2.49817412	-53.84272424
2.50550014	-52.84427188
2.51282617	-51.77087890
2.52015219	-50.64361052
2.52747821	-51.46242176
2.53480424	-53.08158007
2.54213026	-52.84675046
2.54945628	-52.13957480
2.55678231	-52.80043947
2.56410833	-50.77230963
2.57143436	-49.29181890
2.57876038	-50.22448275
2.58608640	-51.42375761
2.59341243	-49.49091434
2.60073845	-48.45195109
2.60806448	-49.03811538
2.61539050	-49.21760128
2.62271652	-50.10766400
2.63004255	-52.01103461
2.63736857	-55.48459463
2.64469459	-69.38224167
2.65202062	-58.01394705
2.65934664	-55.33865239
2.66667267	-55.43067954
2.67399869	-53.97386971
2.68132471	-53.27320123
2.68865074	-54.25724140
2.69597676	-50.96876730
2.70330278	-48.47819996
2.71062881	-47.39313236
2.71795483	-47.24518365
2.72528086	-47.54962719
2.73260688	-48.52470221
2.73993290	-49.61747000
2.74725893	-50.68968092
2.75458495	-50.90220926
2.76191097	-52.59852437
2.76923700	-54.80896630
2.77656302	-66.38771452
2.78388905	-59.19551601
2.79121507	-55.06232442
2.79854109	-53.90735222
2.80586712	-54.07377083
2.81319314	-52.47733040
2.82051917	-51.47409243
2.82784519	-51.36745966
2.83517121	-49.57909379
2.84249724	-49.15620450
2.84982326	-48.76056833
2.85714928	-47.85951910
2.86447531	-48.13268293
2.87180133	-49.39484028
2.87912736	-51.34460086
2.88645338	-54.78928330
2.89377940	-53.03834763
2.90110543	-52.98964781
2.90843145	-53.07783223
2.91575747	-53.65824365
2.92308350	-53.10258750
2.93040952	-52.93049554
2.93773555	-52.06626796
2.94506157	-51.80164055
2.95238759	-51.85521628
2.95971362	-51.34344780
2.96703964	-51.54060145
2.97436567	-58.16706789
2.98169169	-51.06609707
2.98901771	-50.83570706
2.99634374	-51.01240672
3.00366976	-51.87332312
3.01099578	-55.69377619
3.01832181	-73.25441345
3.02564783	-57.34319168
3.03297386	-54.93216431
3.04029988	-55.21771495
3.04762590	-57.27650082
3.05495193	-55.36334019
3.06227795	-55.37077430
3.06960397	-54.99188604
3.07693000	-54.10367248
3.08425602	-53.88583892
3.09158205	-53.57411040
3.09890807	-52.25749487
3.10623409	-51.76697352
3.11356012	-51.79059781
3.12088614	-51.84975381
3.12821217	-53.70245776
3.13553819	-57.13605387
3.14286421	-58.14318900
3.15019024	-55.61963535
3.15751626	-55.64414014
3.16484228	-56.96398704
3.17216831	-60.42519235
3.17949433	-57.73691630
3.18682036	-58.15937550
3.19414638	-57.87510541
3.20147240	-56.45024216
3.20879843	-56.11219941
3.21612445	-55.29232287
3.22345047	-54.31179278
3.23077650	-55.39863831
3.23810252	-53.74000370
3.24542855	-52.64003165
3.25275457	-53.61670495
3.26008059	-53.89290631
3.26740662	-54.58183817
3.27473264	-55.46109632
3.28205867	-56.96836065
3.28938469	-58.62384022
3.29671071	-59.91347808
3.30403674	-61.27332806
3.31136276	-60.29200371
3.31868878	-59.96728069
3.32601481	-57.63226142
3.33334083	-62.59642223
3.34066686	-60.01853323
3.34799288	-58.48127732
3.35531890	-58.53317911
3.36264493	-56.09455276
3.36997095	-54.49794706
3.37729697	-55.89800735
3.38462300	-56.25949518
3.39194902	-57.91717049
3.39927505	-59.12031022
3.40660107	-60.56893207
3.41392709	-60.36773021
3.42125312	-59.76613891
3.42857914	-60.44619628
3.43590517	-61.26486084
3.44323119	-61.80103308
3.45055721	-62.37969994
3.45788324	-63.65105736
3.46520926	-63.06865184
3.47253528	-62.05506718
3.47986131	-62.39791917
3.48718733	-61.41064764
3.49451336	-61.60548495
3.50183938	-60.85146182
3.50916540	-59.11091830
3.51649143	-56.69576491
3.52381745	-56.10507864
3.53114347	-57.12943527
3.53846950	-60.97443990
3.54579552	-61.77623459
3.55312155	-64.92381439
3.56044757	-63.92307783
3.56777359	-61.93080148
3.57509962	-63.63672947
3.58242564	-66.53659811
3.58975167	-66.28351420
3.59707769	-69.70201259
3.60440371	-73.18669662
3.61172974	-67.14843333
3.61905576	-65.74746769
3.62638178	-63.94808354
3.63370781	-62.89933932
3.64103383	-63.85089421
3.64835986	-63.44372510
3.65568588	-69.50153902
3.66301190	-69.93331415
3.67033793	-63.29202519
3.67766395	-62.54755510
3.68498997	-63.10453166
3.69231600	-64.48066397
3.69964202	-66.26240290
3.70696805	-72.09922540
3.71429407	-72.09935815
3.72162009	-70.73998879
3.72894612	-71.18224829
3.73627214	-71.46023025
3.74359816	-70.98808860
3.75092419	-66.53218467
3.75825021	-61.84375011
3.76557624	-60.81986718
3.77290226	-61.47439732
3.78022828	-63.73658997
3.78755431	-64.73491402
3.79488033	-66.15438490
3.80220636	-69.65471125
3.80953238	-78.03260156
3.81685840	-84.02637774
3.82418443	-79.57184340
3.83151045	-74.05131083
3.83883647	-74.64353301
3.84616250	-71.25309712
3.85348852	-70.00499656
3.86081455	-70.96727707
3.86814057	-67.34450196
3.87546659	-67.99245671
3.88279262	-65.73431429
3.89011864	-67.03810413
3.89744466	-66.97572111
3.90477069	-68.38974464
3.91209671	-67.62963309
3.91942274	-72.34708790
3.92674876	-94.95342696
3.93407478	-84.83789828
3.94140081	-74.63359771
3.94872683	-72.87052837
3.95605286	-80.35611330
3.96337888	-76.26527986
3.97070490	-75.07220072
3.97803093	-79.17108378
3.98535695	-77.39940131
3.99268297	-70.84189512
4.00000900	-72.22102759
4.00733502	-73.78080012
4.01466105	-78.54122035
4.02198707	-77.53906577
4.02931309	-81.85823798
4.03663912	-82.74724019
4.04396514	-83.29282185
4.05129116	-80.88114399
4.05861719	-86.51323040
4.06594321	-85.49886698
4.07326924	-80.00175628
4.08059526	-78.51313053
4.08792128	-80.42559929
4.09524731	-77.47024881
4.10257333	-77.83564956
4.10989936	-79.96362826
4.11722538	-77.27754064
4.12455140	-78.93989098
4.13187743	-79.48916556
4.13920345	-77.38183347
4.14652947	-79.14228256
4.15385550	-80.22534246
4.16118152	-81.80270604
4.16850755	-98.42137604
4.17583357	-95.70239149
4.18315959	-80.89730583
4.19048562	-76.88833830
4.19781164	-81.97539348
4.20513766	-78.93220098
4.21246369	-79.23860085
4.21978971	-80.71414121
4.22711574	-81.53512627
4.23444176	-79.24003535
4.24176778	-79.50142038
4.24909381	-74.57697827
4.25641983	-77.49582019
4.26374586	-81.10407482
4.27107188	-87.63536141
4.27839790	-80.17333803
4.28572393	-86.53474621
4.29304995	-80.10885112
4.30037597	-75.93997461
4.30770200	-73.75811127
4.31502802	-74.63121093
4.32235405	-78.15941327
4.32968007	-73.90708917
4.33700609	-76.53244143
4.34433212	-77.07502736
4.35165814	-76.59119266
4.35898416	-77.04196153
4.36631019	-81.82493824
4.37363621	-77.96954348
4.38096224	-87.75225118
4.38828826	-86.20533137
4.39561428	-82.27124079
4.40294031	-79.44586214
4.41026633	-78.48960126
4.41759236	-73.97123655
4.42491838	-70.65040086
4.43224440	-72.23105643
4.43957043	-74.80533707
4.44689645	-76.77457527
4.45422247	-76.50557560
4.46154850	-82.33928658
4.46887452	-82.52746800
4.47620055	-84.57989097
4.48352657	-86.17585100
4.49085259	-84.53893299
4.49817862	-81.38157777
4.50550464	-91.84026785
4.51283066	-94.21330864
4.52015669	-94.32919793
4.52748271	-82.75002166
4.53480874	-79.69657948
4.54213476	-81.79754390
4.54946078	-81.37207054
4.55678681	-82.64449155
4.56411283	-84.17365560
4.57143886	-84.13529605
4.57876488	-85.96611381
4.58609090	-88.28863759
4.59341693	-83.19047494
4.60074295	-92.24425085
4.60806897	-87.60627842
4.61539500	-89.63407574
4.62272102	-85.04646458
4.63004705	-77.70249550
4.63737307	-80.93421138
4.64469909	-86.48385052
4.65202512	-89.80747139
4.65935114	-83.55061650
4.66667716	-85.21398471
4.67400319	-80.19736555
4.68132921	-81.42854138
4.68865524	-84.75509433
4.69598126	-90.20905267
4.70330728	-83.06277720
4.71063331	-89.99158228
4.71795933	-87.77678892
4.72528536	-98.99561907
4.73261138	-85.70197890
4.73993740	-94.49593498
4.74726343	-81.69007556
4.75458945	-87.27996546
4.76191547	-84.93065375
4.76924150	-82.60367068
4.77656752	-86.62554472
4.78389355	-87.71234750
4.79121957	-90.18094348
4.79854559	-92.36132473
4.80587162	-88.05913940
4.81319764	-81.60253903
4.82052366	-88.83361385
4.82784969	-83.74873900
4.83517571	-84.96534826
4.84250174	-98.39931236
4.84982776	-96.20734240
4.85715378	-93.17261274
4.86447981	-93.11110846
4.87180583	-85.71925542
4.87913185	-87.97058623
4.88645788	-86.15938776
4.89378390	-88.07583113
4.90110993	-92.78037818
4.90843595	-83.03018895
4.91576197	-97.38761692
4.92308800	-85.80571154
4.93041402	-85.28458371
4.93774005	-83.61266238
4.94506607	-86.57240953
4.95239209	-84.21225727
4.95971812	-84.47782403
4.96704414	-85.82166518
4.97437016	-93.72303766
4.98169619	-87.01841552
4.98902221	-81.02158925
4.99634824	-80.67391267
5.00367426	-85.83941203
5.01100028	-85.36514404
5.01832631	-83.58574679
5.02565233	-91.46275235
5.03297835	-96.11508233
5.04030438	-89.36248696
5.04763040	-90.88946819
5.05495643	-94.37635966
5.06228245	-107.05778815
5.06960847	-86.64844110
5.07693450	-85.08325542
5.08426052	-84.20695284
5.09158655	-92.67945412
5.09891257	-92.40180362
5.10623859	-86.38178125
5.11356462	-86.33889670
5.12089064	-80.67031663
5.12821666	-83.46469983
5.13554269	-98.61280235
5.14286871	-92.59196636
5.15019474	-88.48417980
5.15752076	-84.82267778
5.16484678	-96.97478682
5.17217281	-91.85305651
5.17949883	-95.68741910
5.18682485	-86.96790745
5.19415088	-94.45304310
5.20147690	-83.04256447
5.20880293	-85.41640255
5.21612895	-84.65258614
5.22345497	-86.24042756
5.23078100	-85.65729120
5.23810702	-94.52921744
5.24543305	-86.80149867
5.25275907	-88.46932766
5.26008509	-84.56071056
5.26741112	-99.21249033
5.27473714	-83.60571246
5.28206316	-89.28746210
5.28938919	-98.60051813
5.29671521	-81.97706474
5.30404124	-83.21053101
5.31136726	-83.80491882
5.31869328	-85.43376278
5.32601931	-91.70446690
5.33334533	-88.11014055
5.34067135	-79.10069027
5.34799738	-77.81832245
5.35532340	-84.91565960
5.36264943	-82.70247324
5.36997545	-87.92151525
5.37730147	-85.15425524
5.38462750	-89.35911120
5.39195352	-89.15624572
5.39927955	-87.60426804
5.40660557	-83.32735540
5.41393159	-80.95418113
5.42125762	-81.58756349
5.42858364	-79.42420847
5.43590966	-90.66488552
5.44323569	-83.17295572
5.45056171	-97.70807719
5.45788774	-80.83434704
5.46521376	-86.06166029
5.47253978	-92.20616189
5.47986581	-98.64364444
5.48719183	-93.99772758
5.49451785	-93.23857379
5.50184388	-91.62523556
5.50916990	-90.22591503
5.51649593	-89.02580388
5.52382195	-85.43508767
5.53114797	-83.26877687
5.53847400	-92.49971228
5.54580002	-83.15185849
5.55312605	-83.32096934
5.56045207	-82.23617675
5.56777809	-86.13997757
5.57510412	-83.13170165
5.58243014	-91.18732131
5.58975616	-83.91373356
5.59708219	-82.65127009
5.60440821	-88.06797607
5.61173424	-87.01252676
5.61906026	-92.17450748
5.62638628	-86.72139870
5.63371231	-93.48034616
5.64103833	-84.70189342
5.64836435	-90.67444816
5.65569038	-86.62563082
5.66301640	-88.33493674
5.67034243	-82.38885557
5.67766845	-100.66422183
5.68499447	-98.55940814
5.69232050	-92.72030479
5.69964652	-92.88889372
5.70697255	-90.19990506
5.71429857	-95.31034491
5.72162459	-99.26376973
5.72895062	-83.65094200
5.73627664	-81.19400640
5.74360266	-83.60969359
5.75092869	-87.74861278
5.75825471	-87.61729825
5.76558074	-92.49567034
5.77290676	-95.52570358
5.78023278	-93.89895841
5.78755881	-90.47412122
5.79488483	-91.34983444
5.80221085	-89.85751905
5.80953688	-96.02798441
5.81686290	-89.75089692
5.82418893	-95.80152284
5.83151495	-83.92385622
5.83884097	-87.37960203
5.84616700	-91.99325915
5.85349302	-91.59202907
5.86081904	-85.26845499
5.86814507	-86.57334264
5.87547109	-86.68197353
5.88279712	-89.91306330
5.89012314	-90.66772461
5.89744916	-86.78808171
5.90477519	-85.85273324
5.91210121	-97.58027576
5.91942724	-95.28712229
5.92675326	-94.24402244
5.93407928	-101.52531371
5.94140531	-86.26682289
5.94873133	-92.91358302
5.95605735	-92.41025122
5.96338338	-92.68070191
5.97070940	-104.26746413
5.97803543	-86.07696773
5.98536145	-90.00641505
5.99268747	-93.27657855
6.00001350	-82.10996265
6.00733952	-82.09841122
6.01466554	-97.94152550
6.02199157	-92.16122496
6.02931759	-89.90790226
6.03664362	-84.45025675
6.04396964	-96.22401489
6.05129566	-95.54387379
6.05862169	-88.77289423
6.06594771	-86.16358624
6.07327374	-92.97981855
6.08059976	-92.76221755
6.08792578	-86.56753693
6.09525181	-87.82154573
6.10257783	-92.65437459
6.10990385	-97.96906228
6.11722988	-104.19633789
6.12455590	-97.01357483
6.13188193	-88.16073802
6.13920795	-97.03612422
6.14653397	-86.71689601
6.15386000	-101.00178408
6.16118602	-91.46835803
6.16851204	-87.53902629
6.17583807	-80.65029504
6.18316409	-86.33758984
6.19049012	-83.36700229
6.19781614	-83.15224095
6.20514216	-85.76980332
6.21246819	-97.44289348
6.21979421	-91.75694279
6.22712024	-90.24125941
6.23444626	-84.78971081
6.24177228	-92.13795078
6.24909831	-89.22499755
6.25642433	-89.55877089
6.26375035	-83.67335145
6.27107638	-97.42977346
6.27840240	-84.95570931
6.28572843	-92.36417848
6.29305445	-85.75339566
6.30038047	-89.36037880
6.30770650	-82.93974713
6.31503252	-80.83370801
6.32235854	-83.87832341
6.32968457	-84.79250274
6.33701059	-88.87121153
6.34433662	-88.63984148
6.35166264	-90.83613989
6.35898866	-99.63390777
6.36631469	-95.21449223
6.37364071	-88.13383855
6.38096674	-93.98268168
6.38829276	-90.48839535
6.39561878	-102.59655718
6.40294481	-113.30160524
6.41027083	-89.96398428
6.41759685	-95.57831136
6.42492288	-85.02553344
6.43224890	-84.16930800
6.43957493	-90.80327737
6.44690095	-89.63285474
6.45422697	-92.47041151
6.46155300	-83.35760650
6.46887902	-96.27193162
6.47620504	-87.15281338
6.48353107	-94.63624071
6.49085709	-84.88882392
6.49818312	-90.42930457
6.50550914	-83.49594622
6.51283516	-91.66309276
6.52016119	-88.20602311
6.52748721	-85.14712607
6.53481324	-90.86944920
6.54213926	-93.54766205
6.54946528	-81.58051208
6.55679131	-84.50682922
6.56411733	-87.51981123
6.57144335	-89.13389542
6.57876938	-90.82735894
6.58609540	-87.52857879
6.59342143	-93.00233900
6.60074745	-90.83669079
6.60807347	-86.53727705
6.61539950	-86.39764509
6.62272552	-90.50252106
6.63005154	-94.34324457
6.63737757	-94.12042942
6.64470359	-103.56527477
6.65202962	-94.77012104
6.65935564	-84.97855743
6.66668166	-93.31256710
6.67400769	-81.11305431
6.68133371	-89.40941150
6.68865974	-87.35138108
6.69598576	-85.10266917
6.70331178	-89.24910966
6.71063781	-83.12573091
6.71796383	-98.48951486
6.72528985	-81.71101416
6.73261588	-86.18042308
6.73994190	-89.53570178
6.74726793	-96.98882410
6.75459395	-86.04872461
6.76191997	-87.48826991
6.76924600	-86.40184198
6.77657202	-83.72379249
6.78389804	-87.06969439
6.79122407	-86.28174774
6.79855009	-89.35648664
6.80587612	-87.08999532
6.81320214	-86.50067837
6.82052816	-88.77905188
6.82785419	-85.23374837
6.83518021	-84.35921710
6.84250624	-98.88276727
6.84983226	-84.36299924
6.85715828	-92.09150303
6.86448431	-87.51703887
6.87181033	-88.25930594
6.87913635	-92.53495388
6.88646238	-86.36884138
6.89378840	-89.04881553
6.90111443	-86.69812135
6.90844045	-103.12677481
6.91576647	-87.60596295
6.92309250	-84.14723149
6.93041852	-83.76213616
6.93774454	-92.88608880
6.94507057	-83.56006556
6.95239659	-85.56342388
6.95972262	-85.20171146
6.96704864	-94.34400937
6.97437466	-93.10821144
6.98170069	-92.73507949
6.98902671	-84.56978355
6.99635273	-84.09179199
7.00367876	-93.00601126
7.01100478	-85.78821948
7.01833081	-85.82904770
7.02565683	-99.55388197
7.03298285	-90.83396366
7.04030888	-83.75760325
7.04763490	-85.51655226
7.05496093	-93.43796036
7.06228695	-97.50232325
7.06961297	-88.17179480
7.07693900	-89.92146492
7.08426502	-94.30108000
7.09159104	-93.56419469
7.09891707	-87.83390835
7.10624309	-96.06652635
7.11356912	-86.23573538
7.12089514	-88.93399922
7.12822116	-91.40920842
7.13554719	-85.45858097
7.14287321	-85.07823979
7.15019923	-103.32978238
7.15752526	-83.12704839
7.16485128	-89.26402295
7.17217731	-94.19668314
7.17950333	-87.78459373
7.18682935	-92.41297409
7.19415538	-80.50467542
7.20148140	-81.73261278
7.20880743	-82.35808086
7.21613345	-92.23362305
7.22345947	-98.55059136
7.23078550	-86.06788549
7.23811152	-94.47324070
7.24543754	-91.28523960
7.25276357	-90.31343762
7.26008959	-88.15705089
7.26741562	-88.23125265
7.27474164	-99.09378144
7.28206766	-105.70072789
7.28939369	-91.68826445
7.29671971	-88.16594416
7.30404573	-91.00015734
7.31137176	-84.07533445
7.31869778	-87.52967465
7.32602381	-92.46355496
7.33334983	-90.96379244
7.34067585	-87.12259496
7.34800188	-108.94636328
7.35532790	-91.95495123
7.36265393	-83.14955833
7.36997995	-87.78771598
7.37730597	-88.73361851
7.38463200	-111.70824998
7.39195802	-89.72224464
7.39928404	-99.30013147
7.40661007	-88.77434361
7.41393609	-83.27404770
7.42126212	-82.26237461
7.42858814	-91.46401522
7.43591416	-85.72807105
7.44324019	-84.18042059
7.45056621	-86.49723020
7.45789223	-87.03082840
7.46521826	-92.02380758
7.47254428	-89.61737846
7.47987031	-83.62498575
7.48719633	-96.63155174
7.49452235	-85.63804009
7.50184838	-105.29170639
7.50917440	-90.86321013
7.51650043	-95.96030912
7.52382645	-92.84563809
7.53115247	-92.82423971
7.53847850	-99.90699824
7.54580452	-86.45485335
7.55313054	-85.59400142
7.56045657	-88.62859047
7.56778259	-85.45500482
7.57510862	-86.73918708
7.58243464	-86.28391079
7.58976066	-87.60542305
7.59708669	-83.51751193
7.60441271	-93.28660220
7.61173873	-83.94116463
7.61906476	-86.49398913
7.62639078	-91.39283666
7.63371681	-89.66895716
7.64104283	-109.25733882
7.64836885	-87.17514208
7.65569488	-89.19205569
7.66302090	-90.19771749
7.67034693	-86.19096989
7.67767295	-87.64221359
7.68499897	-88.09996383
7.69232500	-84.38912114
7.69965102	-88.02946427
7.70697704	-84.81189526
7.71430307	-94.58572590
7.72162909	-100.46408702
7.72895512	-89.34713491
7.73628114	-96.64577068
7.74360716	-92.53702752
7.75093319	-84.85825567
7.75825921	-90.70778329
7.76558523	-98.74168696
7.77291126	-97.97624211
7.78023728	-107.23891001
7.78756331	-89.44288238
7.79488933	-82.68492691
7.80221535	-92.17274147
7.80954138	-93.88006478
7.81686740	-87.74295444
7.82419343	-90.05474874
7.83151945	-83.91576390
7.83884547	-80.78997485
7.84617150	-86.61228063
7.85349752	-87.28991980
7.86082354	-91.22589442
7.86814957	-86.53286960
7.87547559	-86.35149109
7.88280162	-87.74335752
7.89012764	-82.66971494
7.89745366	-87.17927968
7.90477969	-89.96099637
7.91210571	-92.34133984
7.91943173	-94.78326135
7.92675776	-91.08093473
7.93408378	-86.01531622
7.94140981	-85.94916129
7.94873583	-89.10742587
7.95606185	-84.18010558
7.96338788	-88.85281476
7.97071390	-89.55628075
7.97803992	-90.71311146
7.98536595	-85.05221798
7.99269197	-83.27364350
8.00001800	-99.84040095
8.00734402	-99.04800776
8.01467004	-88.84853073
8.02199607	-108.40681255
8.02932209	-96.90459025
8.03664812	-90.24541557
8.04397414	-87.95554228
8.05130016	-83.13266512
8.05862619	-87.22140877
8.06595221	-93.12347313
8.07327823	-85.03283704
8.08060426	-91.07408310
8.08793028	-84.59254311
8.09525631	-90.73214697
8.10258233	-80.72973684
8.10990835	-97.59732005
8.11723438	-88.82460489
8.12456040	-89.86622710
8.13188642	-93.88740679
8.13921245	-89.92320579
8.14653847	-92.64942522
8.15386450	-89.25429043
8.16119052	-81.20318311
8.16851654	-87.47856631
8.17584257	-88.17413027
8.18316859	-90.85222635
8.19049462	-81.43065551
8.19782064	-81.39796549
8.20514666	-93.10673196
8.21247269	-83.03821667
8.21979871	-101.98544485
8.22712473	-85.18114310
8.23445076	-89.11563298
8.24177678	-99.07810464
8.24910281	-88.17465750
8.25642883	-87.95233515
8.26375485	-95.13289439
8.27108088	-95.88206552
8.27840690	-92.94037677
8.28573292	-91.13186169
8.29305895	-85.30320017
8.30038497	-100.05475323
8.30771100	-84.02921514
8.31503702	-85.57643615
8.32236304	-84.15223683
8.32968907	-85.97000559
8.33701509	-89.71619687
8.34434112	-91.39006119
8.35166714	-81.55589491
8.35899316	-104.26372782
8.36631919	-79.49283774
8.37364521	-89.91586736
8.38097123	-95.79238990
8.38829726	-90.63550242
8.39562328	-96.30782505
8.40294931	-86.92868585
8.41027533	-87.69154569
8.41760135	-86.24475694
8.42492738	-90.94666893
8.43225340	-92.13095919
8.43957942	-94.88236452
8.44690545	-81.59270280
8.45423147	-90.68330974
8.46155750	-86.16182794
8.46888352	-87.01132053
8.47620954	-84.59063829
8.48353557	-85.23389059
8.49086159	-90.21880863
8.49818762	-85.49175627
8.50551364	-89.11508180
8.51283966	-90.46929048
8.52016569	-93.23938162
8.52749171	-86.83462541
8.53481773	-83.09225265
8.54214376	-87.97889468
8.54946978	-89.00722389
8.55679581	-91.54420143
8.56412183	-84.12694449
8.57144785	-82.02924981
8.57877388	-89.68714420
8.58609990	-100.50066056
8.59342592	-91.15864706
8.60075195	-101.51351171
8.60807797	-85.65284405
8.61540400	-87.53482338
8.62273002	-89.86080116
8.63005604	-87.51024482
8.63738207	-81.70047698
8.64470809	-91.06113417
8.65203412	-83.30173851
8.65936014	-89.74371174
8.66668616	-86.12542401
8.67401219	-83.73629750
8.68133821	-86.90350399
8.68866423	-92.70428038
8.69599026	-89.09963436
8.70331628	-82.55221217
8.71064231	-85.00327590
8.71796833	-89.18882276
8.72529435	-85.77599615
8.73262038	-89.58949697
8.73994640	-92.84507228
8.74727242	-85.70856681
8.75459845	-86.64120377
8.76192447	-92.44226725
8.76925050	-81.14053110
8.77657652	-90.51202857
8.78390254	-87.90439447
8.79122857	-90.88275879
8.79855459	-87.12500130
8.80588062	-90.71073573
8.81320664	-89.78115044
8.82053266	-88.22302750
8.82785869	-89.02378744
8.83518471	-99.38420225
8.84251073	-88.85709962
8.84983676	-92.46962499
8.85716278	-86.23051326
8.86448881	-108.26018213
8.87181483	-84.04804474
8.87914085	-80.82498197
8.88646688	-86.34070772
8.89379290	-89.48693718
8.90111892	-95.58385543
8.90844495	-85.27211389
8.91577097	-86.67112358
8.92309700	-99.12791872
8.93042302	-94.27869845
8.93774904	-89.99291738
8.94507507	-103.20728350
8.95240109	-85.07993190
8.95972712	-91.04650709
8.96705314	-87.43811617
8.97437916	-88.75488033
8.98170519	-92.32055069
8.98903121	-84.27905177
8.99635723	-86.59343638
9.00368326	-103.03131252
9.01100928	-103.73022766
9.01833531	-87.85910908
9.02566133	-97.32464845
9.03298735	-87.74176124
9.04031338	-82.70642333
9.04763940	-85.95739999
9.05496542	-86.54285137
9.06229145	-80.10393858
9.06961747	-83.36467175
9.07694350	-86.70288224
9.08426952	-91.29678255
9.09159554	-88.44381827
9.09892157	-93.07214855
9.10624759	-97.23131644
9.11357361	-88.93009836
9.12089964	-91.11442211
9.12822566	-84.93674301
9.13555169	-96.58009842
9.14287771	-86.53479588
9.15020373	-94.30544198
9.15752976	-85.75718808
9.16485578	-92.09196373
9.17218181	-92.06085007
9.17950783	-93.12410736
9.18683385	-89.64974290
9.19415988	-93.40970147
9.20148590	-84.30085826
9.20881192	-87.07268512
9.21613795	-86.69829958
9.22346397	-97.89020492
9.23079000	-88.79905910
9.23811602	-87.04807116
9.24544204	-86.59085888
9.25276807	-88.37087469
9.26009409	-84.02455684
9.26742011	-97.13940870
9.27474614	-95.51928639
9.28207216	-87.84760059
9.28939819	-86.97123371
9.29672421	-82.97040784
9.30405023	-84.47394705
9.31137626	-92.34779309
9.31870228	-92.61297961
9.32602831	-87.95057214
9.33335433	-95.80196549
9.34068035	-88.58734763
9.34800638	-96.41141666
9.35533240	-85.25674671
9.36265842	-90.53122852
9.36998445	-88.33341767
9.37731047	-91.61076377
9.38463650	-93.66569212
9.39196252	-86.19439560
9.39928854	-93.10658956
9.40661457	-92.08641199
9.41394059	-92.61844439
9.42126661	-87.87695546
9.42859264	-86.92150351
9.43591866	-85.45735053
9.44324469	-98.12345415
9.45057071	-91.71946073
9.45789673	-98.45950398
9.46522276	-83.40271858
9.47254878	-81.93318911
9.47987481	-87.99805208
9.48720083	-80.08784803
9.49452685	-85.00133760
9.50185288	-85.34789190
9.50917890	-89.04046028
9.51650492	-96.15428619
9.52383095	-88.54728953
9.53115697	-88.26099655
9.53848300	-91.13044216
9.54580902	-98.30837546
9.55313504	-91.78678732
9.56046107	-88.21404246
9.56778709	-83.83019418
9.57511311	-89.33267683
9.58243914	-88.08599548
9.58976516	-82.47916579
9.59709119	-91.55634784
9.60441721	-94.08046783
9.61174323	-84.59978341
9.61906926	-97.41087736
9.62639528	-92.49030262
9.63372131	-89.60322248
9.64104733	-90.06325023
9.64837335	-87.43870529
9.65569938	-84.15675471
9.66302540	-118.96664613
9.67035142	-87.32243702
9.67767745	-94.52829766
9.68500347	-88.33819989
9.69232950	-90.50212143
9.69965552	-84.25586175
9.70698154	-83.35896238
9.71430757	-92.66707703
9.72163359	-83.83510064
9.72895961	-84.53484740
9.73628564	-91.59099617
9.74361166	-88.69121604
9.75093769	-85.33067384
9.75826371	-89.36404977
9.76558973	-86.65185624
9.77291576	-84.69974786
9.78024178	-108.90303424
9.78756781	-91.17642216
9.79489383	-94.76497886
9.80221985	-103.47726890
9.80954588	-94.77096126
9.81687190	-96.31376911
9.82419792	-86.64082776
9.83152395	-93.86407020
9.83884997	-91.14174501
9.84617600	-94.20583250
9.85350202	-88.16845480
9.86082804	-88.51734247
9.86815407	-90.97898208
9.87548009	-89.72257115
9.88280611	-85.48056025
9.89013214	-86.83694336
9.89745816	-92.89700349
9.90478419	-90.98940451
9.91211021	-84.82946319
9.91943623	-95.85174829
9.92676226	-99.65561384
9.93408828	-96.09215528
9.94141431	-87.44471382
9.94874033	-82.96519427
9.95606635	-86.99467072
9.96339238	-86.74073801
9.97071840	-88.72746160
9.97804442	-89.32517345
9.98537045	-93.16672362
9.99269647	-93.61352198
10.00002250	-101.90493351
10.00734852	-87.18019277
10.01467454	-83.93734052
10.02200057	-86.39212333
10.02932659	-89.37019714
10.03665261	-87.11974223
10.04397864	-86.47456340
10.05130466	-84.01789114
10.05863069	-90.27427987
10.06595671	-90.53973773
10.07328273	-84.89902953
10.08060876	-91.55504437
10.08793478	-83.15306415
10.09526080	-90.70911407
10.10258683	-88.55985007
10.10991285	-86.29142030
10.11723888	-94.41149265
10.12456490	-95.54150313
10.13189092	-94.14218793
10.13921695	-107.70420784
10.14654297	-89.99219111
10.15386900	-99.09112655
10.16119502	-99.38768082
10.16852104	-86.61655779
10.17584707	-92.30914162
10.18317309	-106.23932889
10.19049911	-85.03107489
10.19782514	-84.72628808
10.20515116	-89.34994226
10.21247719	-95.13896458
10.21980321	-89.19552209
10.22712923	-87.14221840
10.23445526	-90.28435196
10.24178128	-84.72591456
10.24910730	-100.48990563
10.25643333	-86.54785825
10.26375935	-90.45361495
10.27108538	-93.50154119
10.27841140	-85.79873543
10.28573742	-83.13767329
10.29306345	-87.55552775
10.30038947	-90.36494077
10.30771550	-86.68578707
10.31504152	-88.68964083
10.32236754	-91.80185656
10.32969357	-89.31941182
10.33701959	-87.72199538
10.34434561	-84.24034993
10.35167164	-99.76531057
10.35899766	-88.06683619
10.36632369	-83.16123532
10.37364971	-84.35308687
10.38097573	-92.23094105
10.38830176	-89.86546334
10.39562778	-87.56281747
10.40295380	-86.41702225
10.41027983	-95.07934234
10.41760585	-82.09843974
10.42493188	-84.93114143
10.43225790	-95.52242765
10.43958392	-85.62603824
10.44690995	-88.23794860
10.45423597	-96.26993306
10.46156200	-88.17479059
10.46888802	-84.77983911
10.47621404	-88.47661561
10.48354007	-85.92766740
10.49086609	-83.14934235
10.49819211	-83.28010846
10.50551814	-81.94020204
10.51284416	-81.02961131
10.52017019	-82.29151233
10.52749621	-92.46128401
10.53482223	-86.76331971
10.54214826	-83.70232544
10.54947428	-94.69807716
10.55680030	-93.49603007
10.56412633	-102.54848495
10.57145235	-81.53902941
10.57877838	-80.91331871
10.58610440	-85.83316569
10.59343042	-83.92934104
10.60075645	-85.06089421
10.60808247	-80.92439646
10.61540850	-84.23731312
10.62273452	-99.78603043
10.63006054	-88.76058909
10.63738657	-87.05375583
10.64471259	-95.38138111
10.65203861	-91.99274789
10.65936464	-96.78001789
10.66669066	-90.12234970
10.67401669	-87.31585952
10.68134271	-86.86176612
10.68866873	-87.07573591
10.69599476	-82.73818244
10.70332078	-89.55142967
10.71064680	-91.80554761
10.71797283	-91.45573912
10.72529885	-89.85158653
10.73262488	-91.01098644
10.73995090	-93.88616761
10.74727692	-82.48668406
10.75460295	-86.23944071
10.76192897	-86.80924882
10.76925500	-84.43435508
10.77658102	-94.53675501
10.78390704	-91.89660019
10.79123307	-83.41489763
10.79855909	-85.40574340
10.80588511	-89.07375961
10.81321114	-84.01045135
10.82053716	-87.14148968
10.82786319	-85.36624353
10.83518921	-91.61498940
10.84251523	-93.79991134
10.84984126	-94.39853413
10.85716728	-92.15946996
10.86449330	-92.24519194
10.87181933	-97.29562919
10.87914535	-87.45132564
10.88647138	-92.79911348
10.89379740	-87.14860770
10.90112342	-94.63528083
10.90844945	-93.24917890
10.91577547	-90.92552455
10.92310150	-91.10229016
10.93042752	-91.43454864
10.93775354	-80.20488013
10.94507957	-85.40747851
10.95240559	-97.62647754
10.95973161	-85.68870281
10.96705764	-85.54427460
10.97438366	-82.89355334
10.98170969	-83.41272160
10.98903571	-87.02735692
10.99636173	-83.55386951
11.00368776	-92.43032211
11.01101378	-86.55882402
11.01833980	-91.44204057
11.02566583	-89.95838688
11.03299185	-83.30116551
11.04031788	-89.87133459
11.04764390	-87.91824178
11.05496992	-89.85241355
11.06229595	-98.67228038
11.06962197	-86.02610304
11.07694800	-84.17099929
11.08427402	-94.15032893
11.09160004	-98.80739221
11.09892607	-89.34849733
11.10625209	-86.32254404
11.11357811	-100.99488771
11.12090414	-90.31222450
11.12823016	-92.17654629
11.13555619	-90.07169950
11.14288221	-92.72647201
11.15020823	-93.93996100
11.15753426	-85.26188511
11.16486028	-82.66849630
11.17218630	-89.97102507
11.17951233	-88.80354014
11.18683835	-86.11193102
11.19416438	-85.56696897
11.20149040	-90.47160206
11.20881642	-90.59048000
11.21614245	-90.34373865
11.22346847	-84.71596771
11.23079449	-83.64167591
11.23812052	-99.47484782
11.24544654	-86.79199800
11.25277257	-89.51339812
11.26009859	-87.69462111
11.26742461	-86.41698583
11.27475064	-89.26910077
11.28207666	-85.09153349
11.28940269	-92.44253196
11.29672871	-83.47384789
11.30405473	-94.21447871
11.31138076	-81.93259700
11.31870678	-83.48453390
11.32603280	-91.63372139
11.33335883	-91.24999431
11.34068485	-98.04002713
11.34801088	-88.96737748
11.35533690	-92.05675023
11.36266292	-89.13702426
11.36998895	-87.64976341
11.37731497	-91.47184541
11.38464099	-91.60832466
11.39196702	-87.76711170
11.39929304	-85.50085264
11.40661907	-95.04484275
11.41394509	-98.63921044
11.42127111	-97.61425948
11.42859714	-97.71888372
11.43592316	-89.56344702
11.44324919	-92.16912842
11.45057521	-86.53917924
11.45790123	-85.07023131
11.46522726	-89.02644822
11.47255328	-94.61783777
11.47987930	-92.61297253
11.48720533	-90.43795892
11.49453135	-103.35634709
11.50185738	-93.93941056
11.50918340	-95.21819601
11.51650942	-91.50478810
11.52383545	-90.56151772
11.53116147	-91.37008385
11.53848749	-90.01028736
11.54581352	-92.56084144
11.55313954	-91.66878852
11.56046557	-86.60435704
11.56779159	-88.55431165
11.57511761	-99.53218978
11.58244364	-86.02096476
11.58976966	-96.15437030
11.59709569	-100.05765775
11.60442171	-83.83019656
11.61174773	-82.58732148
11.61907376	-87.51100781
11.62639978	-87.17046064
11.63372580	-86.94615437
11.64105183	-89.42703638
11.64837785	-107.83982694
11.65570388	-91.37081725
11.66302990	-91.95455900
11.67035592	-92.96417711
11.67768195	-96.46304128
11.68500797	-92.24126693
11.69233399	-85.33303033
11.69966002	-86.83647848
11.70698604	-94.94743687
11.71431207	-95.50462749
11.72163809	-90.29005364
11.72896411	-83.87174741
11.73629014	-89.89116574
11.74361616	-95.40965208
11.75094219	-90.30764865
11.75826821	-85.17618983
11.76559423	-92.75254010
11.77292026	-92.76412834
11.78024628	-89.26980590
11.78757230	-100.39446581
11.79489833	-109.44699229
11.80222435	-91.30918389
11.80955038	-108.18933250
11.81687640	-87.76584298
11.82420242	-93.18065005
11.83152845	-90.49561825
11.83885447	-91.62083173
11.84618049	-95.47594110
11.85350652	-94.96720862
11.86083254	-91.97229051
11.86815857	-91.19790114
11.87548459	-89.84265946
11.88281061	-85.27595138
11.89013664	-86.01219610
11.89746266	-82.13855588
11.90478869	-87.62960406
11.91211471	-87.11219265
11.91944073	-90.12522222
11.92676676	-93.13201004
11.93409278	-88.98885394
11.94141880	-96.26551567
11.94874483	-89.74489727
11.95607085	-90.41230155
11.96339688	-94.11138122
11.97072290	-100.21254348
11.97804892	-86.38848202
11.98537495	-85.04320588
11.99270097	-88.36843695
12.00002699	-98.39806369
12.00735302	-91.72757967
12.01467904	-89.15416755
12.02200507	-86.83233951
12.02933109	-82.22500254
12.03665711	-106.32007577
12.04398314	-87.89260845
12.05130916	-85.93580320
12.05863519	-84.68201163
12.06596121	-95.03963466
12.07328723	-83.37532923
12.08061326	-92.77313608
12.08793928	-88.44029208
12.09526530	-87.80661981
12.10259133	-84.80413034
12.10991735	-86.45165283
12.11724338	-94.65147550
12.12456940	-93.44451322
12.13189542	-86.35802781
12.13922145	-90.40134671
12.14654747	-89.14874267
12.15387349	-99.37468004
12.16119952	-90.78523051
12.16852554	-94.21534902
12.17585157	-92.16602716
12.18317759	-86.86830803
12.19050361	-86.10396661
12.19782964	-99.53433120
12.20515566	-100.20934445
12.21248168	-87.68715274
12.21980771	-94.98953418
12.22713373	-85.71490926
12.23445976	-88.06285091
12.24178578	-88.00521281
12.24911180	-91.33040664
12.25643783	-87.26013245
12.26376385	-88.90698674
12.27108988	-91.73523045
12.27841590	-90.66358714
12.28574192	-92.99486072
12.29306795	-96.71809400
12.30039397	-89.39170397
12.30771999	-83.32776916
12.31504602	-91.50462526
12.32237204	-84.55529361
12.32969807	-88.21117030
12.33702409	-95.87798311
12.34435011	-87.60239013
12.35167614	-90.80022565
12.35900216	-90.12117704
12.36632818	-85.56794457
12.37365421	-96.20671204
12.38098023	-87.55353390
12.38830626	-99.47976294
12.39563228	-84.38802612
12.40295830	-88.30232887
12.41028433	-93.07766493
12.41761035	-96.00976945
12.42493638	-105.67068896
12.43226240	-89.52879264
12.43958842	-87.95436266
12.44691445	-86.42683257
12.45424047	-85.82017218
12.46156649	-88.38847502
12.46889252	-86.68605755
12.47621854	-93.12638939
12.48354457	-94.07743417
12.49087059	-95.63151382
12.49819661	-97.57276054
12.50552264	-101.71843520
12.51284866	-94.29955376
12.52017468	-93.08077721
12.52750071	-87.26285103
12.53482673	-96.54656078
12.54215276	-85.64983452
12.54947878	-83.63586854
12.55680480	-89.47943671
12.56413083	-91.12530741
12.57145685	-84.14326680
12.57878288	-86.58333855
12.58610890	-80.77938416
12.59343492	-93.72605664
12.60076095	-81.32494250
12.60808697	-87.97498948
12.61541299	-85.92057878
12.62273902	-93.05165919
12.63006504	-87.54358439
12.63739107	-98.43768905
12.64471709	-90.82922582
12.65204311	-90.98193602
12.65936914	-88.49074120
12.66669516	-89.52985472
12.67402118	-82.57387134
12.68134721	-92.30283931
12.68867323	-104.79705788
12.69599926	-89.71738452
12.70332528	-94.17418822
12.71065130	-88.75280038
12.71797733	-84.89057536
12.72530335	-90.11419115
12.73262938	-87.12686941
12.73995540	-101.85198171
12.74728142	-92.32660086
12.75460745	-83.38898332
12.76193347	-84.20015248
12.76925949	-87.03437117
12.77658552	-80.66521761
12.78391154	-90.66473649
12.79123757	-85.24624109
12.79856359	-89.93909890
12.80588961	-86.08762766
12.81321564	-86.94428936
12.82054166	-98.07519500
12.82786768	-99.00824843
12.83519371	-93.37962451
12.84251973	-105.42720865
12.84984576	-96.70674701
12.85717178	-98.84286998
12.86449780	-90.30018246
12.87182383	-89.89206518
12.87914985	-84.86098613
12.88647588	-106.27999641
12.89380190	-85.54498733
12.90112792	-95.69596263
12.90845395	-85.09865980
12.91577997	-85.84319312
12.92310599	-84.77267498
12.93043202	-83.40950250
12.93775804	-95.05238815
12.94508407	-102.35383325
12.95241009	-102.72095870
12.95973611	-103.63599672
12.96706214	-88.89115809
12.97438816	-90.56539476
12.98171418	-89.46315765
12.98904021	-115.70578620
12.99636623	-86.34605354
13.00369226	-94.56818597
13.01101828	-86.42788447
13.01834430	-93.34715697
13.02567033	-93.87483645
13.03299635	-94.40353881
13.04032238	-92.76811340
13.04764840	-98.13857725
13.05497442	-84.20273928
13.06230045	-83.31935038
13.06962647	-88.85134032
13.07695249	-101.22339999
13.08427852	-93.87467060
13.09160454	-83.48152427
13.09893057	-84.18769010
13.10625659	-89.84264359
13.11358261	-93.38158598
13.12090864	-90.20734680
13.12823466	-90.89416047
13.13556068	-91.64919339
13.14288671	-89.51237202
13.15021273	-86.95619999
13.15753876	-94.22650491
13.16486478	-107.77731009
13.17219080	-105.35891560
13.17951683	-87.04106913
13.18684285	-84.47238873
13.19416888	-89.82692971
13.20149490	-88.39074304
13.20882092	-81.40799213
13.21614695	-86.43173806
13.22347297	-82.52731759
13.23079899	-88.51650412
13.23812502	-87.51954362
13.24545104	-100.66791801
13.25277707	-86.72337999
13.26010309	-88.60749211
13.26742911	-85.29717637
13.27475514	-86.42456604
13.28208116	-85.52214045
13.28940718	-89.10308597
13.29673321	-86.66522563
13.30405923	-93.13816501
13.31138526	-100.38651976
13.31871128	-86.98841522
13.32603730	-84.32936923
13.33336333	-89.50648647
13.34068935	-100.62602585
13.34801537	-88.65639809
13.35534140	-94.24489934
13.36266742	-97.92541155
13.36999345	-83.69785131
13.37731947	-85.15019468
13.38464549	-90.18860964
13.39197152	-88.60602761
13.39929754	-85.94041755
13.40662357	-94.87453777
13.41394959	-95.68588212
13.42127561	-90.12741126
13.42860164	-85.79168832
13.43592766	-88.49244054
13.44325368	-101.32683803
13.45057971	-94.35115430
13.45790573	-103.02674667
13.46523176	-98.63955711
13.47255778	-86.51811517
13.47988380	-87.48507001
13.48720983	-97.48608804
13.49453585	-102.59848737
13.50186187	-88.29193827
13.50918790	-87.55648516
13.51651392	-89.33888770
13.52383995	-92.06646864
13.53116597	-86.40174237
13.53849199	-86.64189086
13.54581802	-92.59476291
13.55314404	-92.85979910
13.56047007	-88.97861869
13.56779609	-89.43671851
13.57512211	-89.30240550
13.58244814	-89.53945195
13.58977416	-86.27898902
13.59710018	-93.94665909
13.60442621	-90.72064633
13.61175223	-88.02301843
13.61907826	-97.60463096
13.62640428	-108.31042964
13.63373030	-85.86474005
13.64105633	-87.30140505
13.64838235	-87.33831453
13.65570837	-84.64656696
13.66303440	-91.68842634
13.67036042	-88.40310733
13.67768645	-90.89883911
13.68501247	-94.15337369
13.69233849	-83.99248387
13.69966452	-82.25333063
13.70699054	-93.75501706
13.71431657	-83.38533830
13.72164259	-89.98077948
13.72896861	-102.73081197
13.73629464	-86.06673472
13.74362066	-88.44765418
13.75094668	-85.05687214
13.75827271	-90.52954401
13.76559873	-87.54362850
13.77292476	-83.74009168
13.78025078	-91.29443120
13.78757680	-86.03314914
13.79490283	-82.85153398
13.80222885	-89.50806871
13.80955487	-81.90857810
13.81688090	-88.08829721
13.82420692	-91.69119901
13.83153295	-88.58437112
13.83885897	-90.34099512
13.84618499	-91.09017741
13.85351102	-91.71010041
13.86083704	-89.15353148
13.86816307	-105.91001107
13.87548909	-95.87144392
13.88281511	-90.26928467
13.89014114	-89.93493236
13.89746716	-85.15299689
13.90479318	-95.18286280
13.91211921	-89.93561106
13.91944523	-85.07060230
13.92677126	-88.24286992
13.93409728	-87.87472067
13.94142330	-90.27017966
13.94874933	-89.37209482
13.95607535	-88.76076809
13.96340137	-90.66446895
13.97072740	-90.84087554
13.97805342	-91.79769643
13.98537945	-89.75751021
13.99270547	-87.26947365
14.00003149	-90.59780619
14.00735752	-98.55583886
14.01468354	-88.40016977
14.02200957	-86.41601096
14.02933559	-94.00973743
14.03666161	-89.96464320
14.04398764	-102.60944690
14.05131366	-95.09126715
14.05863968	-94.18687598
14.06596571	-98.06106129
14.07329173	-99.87608854
14.08061776	-100.03289349
14.08794378	-102.63494368
14.09526980	-84.70882154
14.10259583	-83.49294419
14.10992185	-94.35355504
14.11724787	-87.84170907
14.12457390	-87.79831093
14.13189992	-88.21750514
14.13922595	-89.34515923
14.14655197	-86.62493441
14.15387799	-83.53514612
14.16120402	-92.40182640
14.16853004	-88.00710191
14.17585607	-86.02721376
14.18318209	-90.34055493
14.19050811	-98.86301835
14.19783414	-99.74274955
14.20516016	-85.54040842
14.21248618	-97.10837280
14.21981221	-84.92165905
14.22713823	-87.42342201
14.23446426	-84.01358315
14.24179028	-132.08304988
14.24911630	-87.57481423
14.25644233	-90.42778102
14.26376835	-80.73718649
14.27109437	-88.24006162
14.27842040	-83.86552904
14.28574642	-88.76665791
14.29307245	-92.81924174
14.30039847	-99.14829485
14.30772449	-97.80617844
14.31505052	-88.56553912
14.32237654	-97.97698339
14.32970256	-89.32614258
14.33702859	-97.02528540
14.34435461	-92.60365655
14.35168064	-87.49756078
14.35900666	-93.62711984
14.36633268	-85.03048722
14.37365871	-95.24960496
14.38098473	-84.09645205
14.38831076	-92.11846215
14.39563678	-92.35631466
14.40296280	-96.36009849
14.41028883	-98.00513867
14.41761485	-91.28876660
14.42494087	-88.93368193
14.43226690	-88.07430127
14.43959292	-92.06350589
14.44691895	-85.93215921
14.45424497	-97.25759282
14.46157099	-88.26413603
14.46889702	-96.97171356
14.47622304	-98.53991048
14.48354906	-88.94607558
14.49087509	-97.43043457
14.49820111	-95.93209484
14.50552714	-93.59122554
14.51285316	-86.21240167
14.52017918	-92.71545150
14.52750521	-90.19605609
14.53483123	-100.74041799
14.54215726	-90.85545511
14.54948328	-87.75439749
14.55680930	-91.87160203
14.56413533	-95.73984909
14.57146135	-91.03887035
14.57878737	-91.30403472
14.58611340	-96.47563458
14.59343942	-93.78022214
14.60076545	-89.31987206
14.60809147	-88.82203010
14.61541749	-94.11855894
14.62274352	-91.83458662
14.63006954	-89.70536457
14.63739556	-94.16742311
14.64472159	-85.79118820
14.65204761	-83.24557547
14.65937364	-83.40284153
14.66669966	-88.59597869
14.67402568	-99.47088490
14.68135171	-93.19792821
14.68867773	-86.44503630
14.69600376	-94.22358075
14.70332978	-83.74546358
14.71065580	-89.33559610
14.71798183	-89.35939619
14.72530785	-92.70027350
14.73263387	-95.86686839
14.73995990	-94.01215843
14.74728592	-103.49694167
14.75461195	-85.28621193
14.76193797	-89.14146167
14.76926399	-100.32456035
14.77659002	-97.25061113
14.78391604	-89.80337155
14.79124206	-86.37308925
14.79856809	-116.10187950
14.80589411	-92.80666323
14.81322014	-93.92290913
14.82054616	-92.28998022
14.82787218	-84.45927564
14.83519821	-103.99099583
14.84252423	-89.10101242
14.84985026	-92.98637137
14.85717628	-98.59379244
14.86450230	-90.14763476
14.87182833	-87.37771618
14.87915435	-89.68956077
14.88648037	-94.66527641
14.89380640	-94.02807710
14.90113242	-87.82962696
14.90845845	-99.54119431
14.91578447	-87.89780601
14.92311049	-88.64224260
14.93043652	-86.17731707
14.93776254	-84.95505174
14.94508856	-93.25366582
14.95241459	-92.41751340
14.95974061	-97.61986611
14.96706664	-86.96776294
14.97439266	-84.53141005
14.98171868	-89.28896344
14.98904471	-95.11619932
14.99637073	-93.05716688
