# Menlo Systems GmbH ScanControl
# Program Version 1.7.0+git.a90605a3
# Start: -433.90000000 ps, Average over 3000 waveforms. Timestamp: 2024-05-07T15:37:33
# Window type: Tukey, parameters: alpha = 0.1
# User time axis shift: 0 ps
# Time axis offset: 0 ps
# Time [ps]	THz Signal [a.u.]
-433.81620601	0.00000000
-433.78287275	0.00000001
-433.74953949	0.00000003
-433.71620623	0.00000002
-433.68287297	0.00000010
-433.64953972	-0.00000008
-433.61620646	0.00000016
-433.58287320	-0.00000008
-433.54953994	-0.00000022
-433.51620668	-0.00000048
-433.48287342	-0.00000006
-433.44954016	-0.00000041
-433.41620691	-0.00000203
-433.38287365	-0.00000054
-433.34954039	-0.00000131
-433.31620713	-0.00000157
-433.28287387	-0.00000150
-433.24954061	-0.00000241
-433.21620736	0.00000065
-433.18287410	0.00000197
-433.14954084	0.00000152
-433.11620758	-0.00000104
-433.08287432	-0.00000104
-433.04954106	0.00000154
-433.01620781	0.00000057
-432.98287455	0.00000031
-432.94954129	0.00000357
-432.91620803	0.00000622
-432.88287477	-0.00000074
-432.84954151	0.00000731
-432.81620826	0.00000797
-432.78287500	0.00000424
-432.74954174	0.00001316
-432.71620848	0.00001587
-432.68287522	0.00001717
-432.64954196	0.00002735
-432.61620871	0.00001882
-432.58287545	0.00002744
-432.54954219	0.00003530
-432.51620893	0.00002250
-432.48287567	0.00003463
-432.44954241	0.00003236
-432.41620916	0.00003518
-432.38287590	0.00003737
-432.34954264	0.00004816
-432.31620938	0.00004080
-432.28287612	0.00003739
-432.24954286	0.00003815
-432.21620961	0.00004268
-432.18287635	0.00004392
-432.14954309	0.00002963
-432.11620983	0.00002330
-432.08287657	0.00001700
-432.04954331	0.00001182
-432.01621006	0.00000513
-431.98287680	-0.00000047
-431.94954354	-0.00001978
-431.91621028	-0.00003156
-431.88287702	-0.00004096
-431.84954376	-0.00004406
-431.81621051	-0.00005671
-431.78287725	-0.00004988
-431.74954399	-0.00008202
-431.71621073	-0.00006310
-431.68287747	-0.00006203
-431.64954421	-0.00005344
-431.61621096	-0.00007658
-431.58287770	-0.00007317
-431.54954444	-0.00006781
-431.51621118	-0.00008492
-431.48287792	-0.00007682
-431.44954466	-0.00004561
-431.41621141	-0.00006434
-431.38287815	-0.00005478
-431.34954489	-0.00006339
-431.31621163	-0.00001011
-431.28287837	-0.00004264
-431.24954511	-0.00007145
-431.21621186	0.00000364
-431.18287860	0.00001436
-431.14954534	0.00001458
-431.11621208	0.00001758
-431.08287882	0.00002970
-431.04954556	0.00009332
-431.01621231	0.00009808
-430.98287905	0.00010362
-430.94954579	0.00014697
-430.91621253	0.00014078
-430.88287927	0.00015282
-430.84954601	0.00016765
-430.81621276	0.00016280
-430.78287950	0.00024107
-430.74954624	0.00017888
-430.71621298	0.00026576
-430.68287972	0.00020503
-430.64954646	0.00026539
-430.61621321	0.00025418
-430.58287995	0.00019932
-430.54954669	0.00021048
-430.51621343	0.00017291
-430.48288017	0.00025557
-430.44954691	0.00023125
-430.41621366	0.00027192
-430.38288040	0.00020026
-430.34954714	0.00021882
-430.31621388	0.00023246
-430.28288062	0.00022596
-430.24954736	0.00018070
-430.21621411	0.00024734
-430.18288085	0.00024227
-430.14954759	0.00017870
-430.11621433	0.00019770
-430.08288107	0.00020895
-430.04954781	0.00022295
-430.01621456	0.00019793
-429.98288130	0.00019950
-429.94954804	0.00010457
-429.91621478	0.00011518
-429.88288152	0.00011778
-429.84954826	0.00013115
-429.81621501	0.00006340
-429.78288175	0.00008638
-429.74954849	0.00005793
-429.71621523	0.00007961
-429.68288197	0.00011209
-429.64954871	0.00016396
-429.61621545	0.00004676
-429.58288220	0.00011204
-429.54954894	0.00016411
-429.51621568	0.00008128
-429.48288242	0.00007938
-429.44954916	0.00004410
-429.41621590	0.00007730
-429.38288265	0.00004253
-429.34954939	0.00000224
-429.31621613	-0.00001365
-429.28288287	0.00001567
-429.24954961	-0.00000631
-429.21621635	-0.00004792
-429.18288310	-0.00013224
-429.14954984	-0.00006990
-429.11621658	-0.00004464
-429.08288332	-0.00010699
-429.04955006	-0.00002657
-429.01621680	-0.00016017
-428.98288355	-0.00011593
-428.94955029	-0.00005493
-428.91621703	-0.00010165
-428.88288377	-0.00012758
-428.84955051	-0.00006984
-428.81621725	-0.00007749
-428.78288400	-0.00008697
-428.74955074	-0.00005886
-428.71621748	-0.00002013
-428.68288422	-0.00002125
-428.64955096	0.00000777
-428.61621770	0.00003084
-428.58288445	0.00006528
-428.54955119	0.00001388
-428.51621793	-0.00001021
-428.48288467	-0.00000049
-428.44955141	0.00012926
-428.41621815	0.00004053
-428.38288490	0.00013675
-428.34955164	0.00012421
-428.31621838	0.00011320
-428.28288512	0.00014273
-428.24955186	0.00013303
-428.21621860	0.00022140
-428.18288535	0.00016134
-428.14955209	0.00023076
-428.11621883	0.00027888
-428.08288557	0.00023762
-428.04955231	0.00024213
-428.01621905	0.00022637
-427.98288580	0.00022397
-427.94955254	0.00030288
-427.91621928	0.00023853
-427.88288602	0.00023766
-427.84955276	0.00027657
-427.81621950	0.00034292
-427.78288625	0.00024282
-427.74955299	0.00024407
-427.71621973	0.00020545
-427.68288647	0.00022224
-427.64955321	0.00018846
-427.61621995	0.00018067
-427.58288670	0.00018016
-427.54955344	0.00021949
-427.51622018	0.00012646
-427.48288692	0.00021791
-427.44955366	0.00015526
-427.41622040	0.00011424
-427.38288715	0.00010380
-427.34955389	0.00004210
-427.31622063	0.00003728
-427.28288737	0.00004163
-427.24955411	0.00005915
-427.21622085	0.00000560
-427.18288760	0.00000831
-427.14955434	-0.00006651
-427.11622108	-0.00009125
-427.08288782	-0.00008766
-427.04955456	-0.00006821
-427.01622130	-0.00001912
-426.98288805	-0.00004053
-426.94955479	-0.00006963
-426.91622153	-0.00005107
-426.88288827	-0.00003232
-426.84955501	0.00003070
-426.81622175	0.00006131
-426.78288850	0.00015804
-426.74955524	0.00024271
-426.71622198	0.00022474
-426.68288872	0.00019091
-426.64955546	0.00029845
-426.61622220	0.00033756
-426.58288895	0.00039507
-426.54955569	0.00045512
-426.51622243	0.00050293
-426.48288917	0.00059857
-426.44955591	0.00070103
-426.41622265	0.00072437
-426.38288940	0.00076432
-426.34955614	0.00081911
-426.31622288	0.00090495
-426.28288962	0.00098298
-426.24955636	0.00107031
-426.21622310	0.00116665
-426.18288985	0.00124868
-426.14955659	0.00139708
-426.11622333	0.00142605
-426.08289007	0.00159139
-426.04955681	0.00163926
-426.01622355	0.00178643
-425.98289029	0.00186793
-425.94955704	0.00191959
-425.91622378	0.00207901
-425.88289052	0.00219430
-425.84955726	0.00219966
-425.81622400	0.00222689
-425.78289074	0.00222326
-425.74955749	0.00216964
-425.71622423	0.00208820
-425.68289097	0.00194509
-425.64955771	0.00167235
-425.61622445	0.00132339
-425.58289119	0.00097457
-425.54955794	0.00047000
-425.51622468	-0.00010228
-425.48289142	-0.00083071
-425.44955816	-0.00162976
-425.41622490	-0.00229622
-425.38289164	-0.00316733
-425.34955839	-0.00392549
-425.31622513	-0.00480205
-425.28289187	-0.00561876
-425.24955861	-0.00642181
-425.21622535	-0.00712678
-425.18289209	-0.00785599
-425.14955884	-0.00845218
-425.11622558	-0.00894817
-425.08289232	-0.00941168
-425.04955906	-0.00982765
-425.01622580	-0.00987945
-424.98289254	-0.00986068
-424.94955929	-0.00971318
-424.91622603	-0.00918772
-424.88289277	-0.00854701
-424.84955951	-0.00760159
-424.81622625	-0.00655226
-424.78289299	-0.00515099
-424.74955974	-0.00368837
-424.71622648	-0.00199470
-424.68289322	-0.00012616
-424.64955996	0.00182225
-424.61622670	0.00370345
-424.58289344	0.00560866
-424.54956019	0.00737736
-424.51622693	0.00889044
-424.48289367	0.01020544
-424.44956041	0.01104758
-424.41622715	0.01172664
-424.38289389	0.01191564
-424.34956064	0.01177092
-424.31622738	0.01119372
-424.28289412	0.01039129
-424.24956086	0.00930657
-424.21622760	0.00802469
-424.18289434	0.00667364
-424.14956109	0.00521274
-424.11622783	0.00383748
-424.08289457	0.00256401
-424.04956131	0.00139785
-424.01622805	0.00043809
-423.98289479	-0.00037453
-423.94956154	-0.00090769
-423.91622828	-0.00117887
-423.88289502	-0.00137187
-423.84956176	-0.00132069
-423.81622850	-0.00115894
-423.78289524	-0.00093191
-423.74956199	-0.00077082
-423.71622873	-0.00062642
-423.68289547	-0.00034261
-423.64956221	-0.00021847
-423.61622895	-0.00016290
-423.58289569	-0.00002301
-423.54956244	-0.00012063
-423.51622918	-0.00014855
-423.48289592	-0.00032498
-423.44956266	-0.00043176
-423.41622940	-0.00062209
-423.38289614	-0.00070886
-423.34956289	-0.00081179
-423.31622963	-0.00084125
-423.28289637	-0.00075682
-423.24956311	-0.00073053
-423.21622985	-0.00064261
-423.18289659	-0.00060993
-423.14956334	-0.00043151
-423.11623008	-0.00030076
-423.08289682	-0.00015521
-423.04956356	-0.00002624
-423.01623030	0.00018482
-422.98289704	0.00021725
-422.94956379	0.00042443
-422.91623053	0.00055319
-422.88289727	0.00056351
-422.84956401	0.00055641
-422.81623075	0.00064308
-422.78289749	0.00059690
-422.74956424	0.00068135
-422.71623098	0.00062087
-422.68289772	0.00061121
-422.64956446	0.00053480
-422.61623120	0.00048795
-422.58289794	0.00050695
-422.54956469	0.00048652
-422.51623143	0.00044976
-422.48289817	0.00041276
-422.44956491	0.00034907
-422.41623165	0.00035685
-422.38289839	0.00029890
-422.34956513	0.00018858
-422.31623188	0.00009624
-422.28289862	0.00002705
-422.24956536	-0.00004420
-422.21623210	-0.00010339
-422.18289884	-0.00022454
-422.14956558	-0.00031693
-422.11623233	-0.00041040
-422.08289907	-0.00041910
-422.04956581	-0.00062020
-422.01623255	-0.00060880
-421.98289929	-0.00067882
-421.94956603	-0.00079055
-421.91623278	-0.00073669
-421.88289952	-0.00071988
-421.84956626	-0.00065786
-421.81623300	-0.00050766
-421.78289974	-0.00030906
-421.74956648	-0.00014073
-421.71623323	0.00002840
-421.68289997	0.00025351
-421.64956671	0.00046582
-421.61623345	0.00070465
-421.58290019	0.00090849
-421.54956693	0.00114158
-421.51623368	0.00132304
-421.48290042	0.00150884
-421.44956716	0.00158345
-421.41623390	0.00172419
-421.38290064	0.00165981
-421.34956738	0.00171496
-421.31623413	0.00176312
-421.28290087	0.00163599
-421.24956761	0.00158070
-421.21623435	0.00150038
-421.18290109	0.00125421
-421.14956783	0.00118212
-421.11623458	0.00095787
-421.08290132	0.00078051
-421.04956806	0.00060307
-421.01623480	0.00030108
-420.98290154	0.00003788
-420.94956828	-0.00017377
-420.91623503	-0.00031880
-420.88290177	-0.00065696
-420.84956851	-0.00087015
-420.81623525	-0.00107614
-420.78290199	-0.00132060
-420.74956873	-0.00162682
-420.71623548	-0.00185745
-420.68290222	-0.00213321
-420.64956896	-0.00235895
-420.61623570	-0.00263074
-420.58290244	-0.00283591
-420.54956918	-0.00307658
-420.51623593	-0.00316094
-420.48290267	-0.00321067
-420.44956941	-0.00329321
-420.41623615	-0.00325994
-420.38290289	-0.00307883
-420.34956963	-0.00283040
-420.31623638	-0.00250039
-420.28290312	-0.00209196
-420.24956986	-0.00163098
-420.21623660	-0.00120256
-420.18290334	-0.00056739
-420.14957008	0.00002137
-420.11623683	0.00052712
-420.08290357	0.00103111
-420.04957031	0.00157955
-420.01623705	0.00189712
-419.98290379	0.00227883
-419.94957053	0.00247242
-419.91623728	0.00256485
-419.88290402	0.00264531
-419.84957076	0.00250030
-419.81623750	0.00235245
-419.78290424	0.00222979
-419.74957098	0.00200919
-419.71623773	0.00175315
-419.68290447	0.00152320
-419.64957121	0.00130515
-419.61623795	0.00109590
-419.58290469	0.00089110
-419.54957143	0.00076171
-419.51623818	0.00055578
-419.48290492	0.00044935
-419.44957166	0.00037297
-419.41623840	0.00032926
-419.38290514	0.00024250
-419.34957188	0.00017684
-419.31623863	0.00011731
-419.28290537	0.00009541
-419.24957211	0.00016683
-419.21623885	0.00016841
-419.18290559	0.00012183
-419.14957233	0.00012155
-419.11623908	0.00019497
-419.08290582	0.00021009
-419.04957256	0.00023550
-419.01623930	0.00033085
-418.98290604	0.00035066
-418.94957278	0.00036975
-418.91623953	0.00041323
-418.88290627	0.00052625
-418.84957301	0.00062367
-418.81623975	0.00067321
-418.78290649	0.00066662
-418.74957323	0.00076273
-418.71623997	0.00079002
-418.68290672	0.00092121
-418.64957346	0.00088980
-418.61624020	0.00088806
-418.58290694	0.00089942
-418.54957368	0.00086035
-418.51624042	0.00090239
-418.48290717	0.00082727
-418.44957391	0.00085962
-418.41624065	0.00075538
-418.38290739	0.00069463
-418.34957413	0.00065393
-418.31624087	0.00065592
-418.28290762	0.00048480
-418.24957436	0.00032204
-418.21624110	0.00022606
-418.18290784	0.00005653
-418.14957458	-0.00018615
-418.11624132	-0.00041626
-418.08290807	-0.00058612
-418.04957481	-0.00088565
-418.01624155	-0.00112445
-417.98290829	-0.00139911
-417.94957503	-0.00160149
-417.91624177	-0.00178077
-417.88290852	-0.00206531
-417.84957526	-0.00218313
-417.81624200	-0.00243084
-417.78290874	-0.00251952
-417.74957548	-0.00262166
-417.71624222	-0.00266520
-417.68290897	-0.00273374
-417.64957571	-0.00271905
-417.61624245	-0.00269342
-417.58290919	-0.00244576
-417.54957593	-0.00227875
-417.51624267	-0.00210919
-417.48290942	-0.00175045
-417.44957616	-0.00122491
-417.41624290	-0.00084446
-417.38290964	-0.00039763
-417.34957638	0.00009636
-417.31624312	0.00061862
-417.28290987	0.00115381
-417.24957661	0.00168578
-417.21624335	0.00222799
-417.18291009	0.00262474
-417.14957683	0.00296481
-417.11624357	0.00319388
-417.08291032	0.00338978
-417.04957706	0.00338505
-417.01624380	0.00334912
-416.98291054	0.00310941
-416.94957728	0.00284503
-416.91624402	0.00243356
-416.88291077	0.00205919
-416.84957751	0.00165404
-416.81624425	0.00103561
-416.78291099	0.00064667
-416.74957773	0.00013000
-416.71624447	-0.00026538
-416.68291122	-0.00067434
-416.64957796	-0.00106027
-416.61624470	-0.00148176
-416.58291144	-0.00184055
-416.54957818	-0.00215812
-416.51624492	-0.00258155
-416.48291167	-0.00293511
-416.44957841	-0.00339470
-416.41624515	-0.00389996
-416.38291189	-0.00450582
-416.34957863	-0.00500352
-416.31624537	-0.00562963
-416.28291212	-0.00619128
-416.24957886	-0.00671613
-416.21624560	-0.00723742
-416.18291234	-0.00760318
-416.14957908	-0.00794195
-416.11624582	-0.00809051
-416.08291257	-0.00827451
-416.04957931	-0.00847504
-416.01624605	-0.00860854
-415.98291279	-0.00870405
-415.94957953	-0.00889174
-415.91624627	-0.00890962
-415.88291302	-0.00891636
-415.84957976	-0.00878616
-415.81624650	-0.00865303
-415.78291324	-0.00820516
-415.74957998	-0.00755148
-415.71624672	-0.00657245
-415.68291347	-0.00541707
-415.64958021	-0.00417353
-415.61624695	-0.00255873
-415.58291369	-0.00103212
-415.54958043	0.00053601
-415.51624717	0.00221280
-415.48291392	0.00363984
-415.44958066	0.00509050
-415.41624740	0.00617473
-415.38291414	0.00695756
-415.34958088	0.00751260
-415.31624762	0.00761673
-415.28291437	0.00742360
-415.24958111	0.00688025
-415.21624785	0.00603084
-415.18291459	0.00506472
-415.14958133	0.00399982
-415.11624807	0.00294811
-415.08291481	0.00191976
-415.04958156	0.00118447
-415.01624830	0.00039415
-414.98291504	-0.00005827
-414.94958178	-0.00033566
-414.91624852	-0.00038836
-414.88291526	-0.00021493
-414.84958201	-0.00000688
-414.81624875	0.00054519
-414.78291549	0.00120628
-414.74958223	0.00193051
-414.71624897	0.00272103
-414.68291571	0.00368036
-414.64958246	0.00471295
-414.61624920	0.00578812
-414.58291594	0.00692621
-414.54958268	0.00810569
-414.51624942	0.00944409
-414.48291616	0.01090788
-414.44958291	0.01251476
-414.41624965	0.01422327
-414.38291639	0.01625312
-414.34958313	0.01835238
-414.31624987	0.02071702
-414.28291661	0.02333037
-414.24958336	0.02620619
-414.21625010	0.02939717
-414.18291684	0.03292095
-414.14958358	0.03664531
-414.11625032	0.04061024
-414.08291706	0.04491472
-414.04958381	0.04944405
-414.01625055	0.05431979
-413.98291729	0.05926623
-413.94958403	0.06437166
-413.91625077	0.06990275
-413.88291751	0.07556344
-413.84958426	0.08157845
-413.81625100	0.08788081
-413.78291774	0.09454401
-413.74958448	0.10152121
-413.71625122	0.10895052
-413.68291796	0.11682652
-413.64958471	0.12520152
-413.61625145	0.13400341
-413.58291819	0.14345265
-413.54958493	0.15336238
-413.51625167	0.16380138
-413.48291841	0.17458173
-413.44958516	0.18554396
-413.41625190	0.19653382
-413.38291864	0.20694970
-413.34958538	0.21632849
-413.31625212	0.22391725
-413.28291886	0.22875228
-413.24958561	0.22957794
-413.21625235	0.22514111
-413.18291909	0.21387087
-413.14958583	0.19425275
-413.11625257	0.16501225
-413.08291931	0.12491088
-413.04958606	0.07347448
-413.01625280	0.01039871
-412.98291954	-0.06362617
-412.94958628	-0.14698797
-412.91625302	-0.23782821
-412.88291976	-0.33360201
-412.84958651	-0.43158074
-412.81625325	-0.52908820
-412.78291999	-0.62399501
-412.74958673	-0.71473586
-412.71625347	-0.80066211
-412.68292021	-0.88164244
-412.64958696	-0.95770293
-412.61625370	-1.02881101
-412.58292044	-1.09401347
-412.54958718	-1.15123582
-412.51625392	-1.19722885
-412.48292066	-1.22729237
-412.44958741	-1.23595137
-412.41625415	-1.21800464
-412.38292089	-1.16826582
-412.34958763	-1.08352147
-412.31625437	-0.96228177
-412.28292111	-0.80553903
-412.24958786	-0.61616386
-412.21625460	-0.39904555
-412.18292134	-0.16100087
-412.14958808	0.08979155
-412.11625482	0.34433963
-412.08292156	0.59294875
-412.04958831	0.82531021
-412.01625505	1.03204193
-411.98292179	1.20441294
-411.94958853	1.33518362
-411.91625527	1.41936586
-411.88292201	1.45479953
-411.84958876	1.44269470
-411.81625550	1.38712591
-411.78292224	1.29484625
-411.74958898	1.17446199
-411.71625572	1.03491021
-411.68292246	0.88432534
-411.64958921	0.73040219
-411.61625595	0.57922096
-411.58292269	0.43520498
-411.54958943	0.30253577
-411.51625617	0.18382479
-411.48292291	0.08149251
-411.44958966	-0.00326424
-411.41625640	-0.06986230
-411.38292314	-0.11908554
-411.34958988	-0.15304378
-411.31625662	-0.17420696
-411.28292336	-0.18583940
-411.24959010	-0.19084883
-411.21625685	-0.19161140
-411.18292359	-0.18974472
-411.14959033	-0.18587569
-411.11625707	-0.18052078
-411.08292381	-0.17400466
-411.04959055	-0.16718455
-411.01625730	-0.16060899
-410.98292404	-0.15480785
-410.94959078	-0.14997109
-410.91625752	-0.14550599
-410.88292426	-0.14052822
-410.84959100	-0.13377475
-410.81625775	-0.12472055
-410.78292449	-0.11329275
-410.74959123	-0.09994720
-410.71625797	-0.08574261
-410.68292471	-0.07130133
-410.64959145	-0.05729829
-410.61625820	-0.04425100
-410.58292494	-0.03228551
-410.54959168	-0.02183431
-410.51625842	-0.01320628
-410.48292516	-0.00662336
-410.44959190	-0.00240882
-410.41625865	-0.00047828
-410.38292539	-0.00052288
-410.34959213	-0.00185648
-410.31625887	-0.00386469
-410.28292561	-0.00584490
-410.24959235	-0.00754239
-410.21625910	-0.00849820
-410.18292584	-0.00870440
-410.14959258	-0.00826226
-410.11625932	-0.00725319
-410.08292606	-0.00577852
-410.04959280	-0.00397104
-410.01625955	-0.00207893
-409.98292629	-0.00027228
-409.94959303	0.00145130
-409.91625977	0.00274319
-409.88292651	0.00341439
-409.84959325	0.00304093
-409.81626000	0.00150952
-409.78292674	-0.00138021
-409.74959348	-0.00523125
-409.71626022	-0.00980249
-409.68292696	-0.01484943
-409.64959370	-0.02000021
-409.61626045	-0.02493318
-409.58292719	-0.02960868
-409.54959393	-0.03376569
-409.51626067	-0.03736526
-409.48292741	-0.04055493
-409.44959415	-0.04313719
-409.41626090	-0.04525653
-409.38292764	-0.04670642
-409.34959438	-0.04760878
-409.31626112	-0.04771738
-409.28292786	-0.04742628
-409.24959460	-0.04655495
-409.21626135	-0.04544335
-409.18292809	-0.04401392
-409.14959483	-0.04235327
-409.11626157	-0.04055524
-409.08292831	-0.03874145
-409.04959505	-0.03669673
-409.01626180	-0.03416792
-408.98292854	-0.03132623
-408.94959528	-0.02787698
-408.91626202	-0.02410217
-408.88292876	-0.02001999
-408.84959550	-0.01594563
-408.81626225	-0.01205853
-408.78292899	-0.00860233
-408.74959573	-0.00574145
-408.71626247	-0.00389800
-408.68292921	-0.00319969
-408.64959595	-0.00372399
-408.61626270	-0.00520605
-408.58292944	-0.00771760
-408.54959618	-0.01088576
-408.51626292	-0.01458134
-408.48292966	-0.01855687
-408.44959640	-0.02252392
-408.41626315	-0.02651096
-408.38292989	-0.03001248
-408.34959663	-0.03306403
-408.31626337	-0.03530441
-408.28293011	-0.03663554
-408.24959685	-0.03693728
-408.21626360	-0.03635623
-408.18293034	-0.03507299
-408.14959708	-0.03353501
-408.11626382	-0.03169012
-408.08293056	-0.02970879
-408.04959730	-0.02771350
-408.01626405	-0.02584585
-407.98293079	-0.02403750
-407.94959753	-0.02229292
-407.91626427	-0.02049586
-407.88293101	-0.01863243
-407.84959775	-0.01665481
-407.81626450	-0.01441687
-407.78293124	-0.01199687
-407.74959798	-0.00914342
-407.71626472	-0.00585704
-407.68293146	-0.00216625
-407.64959820	0.00200163
-407.61626494	0.00654965
-407.58293169	0.01118271
-407.54959843	0.01571933
-407.51626517	0.01982961
-407.48293191	0.02313664
-407.44959865	0.02563571
-407.41626539	0.02719467
-407.38293214	0.02773431
-407.34959888	0.02738995
-407.31626562	0.02625722
-407.28293236	0.02471028
-407.24959910	0.02282101
-407.21626584	0.02086739
-407.18293259	0.01910462
-407.14959933	0.01771250
-407.11626607	0.01658099
-407.08293281	0.01581213
-407.04959955	0.01528846
-407.01626629	0.01500954
-406.98293304	0.01502582
-406.94959978	0.01532808
-406.91626652	0.01606578
-406.88293326	0.01693914
-406.84960000	0.01806391
-406.81626674	0.01927594
-406.78293349	0.02051020
-406.74960023	0.02150565
-406.71626697	0.02220022
-406.68293371	0.02289132
-406.64960045	0.02339345
-406.61626719	0.02412664
-406.58293394	0.02530241
-406.54960068	0.02685442
-406.51626742	0.02894102
-406.48293416	0.03128334
-406.44960090	0.03375744
-406.41626764	0.03599680
-406.38293439	0.03798088
-406.34960113	0.03975807
-406.31626787	0.04121131
-406.28293461	0.04296594
-406.24960135	0.04490660
-406.21626809	0.04744321
-406.18293484	0.05046849
-406.14960158	0.05381767
-406.11626832	0.05742848
-406.08293506	0.06120107
-406.04960180	0.06453318
-406.01626854	0.06731479
-405.98293529	0.06935114
-405.94960203	0.07035231
-405.91626877	0.06993849
-405.88293551	0.06798677
-405.84960225	0.06423738
-405.81626899	0.05831903
-405.78293574	0.04998381
-405.74960248	0.03893085
-405.71626922	0.02479316
-405.68293596	0.00743843
-405.64960270	-0.01275298
-405.61626944	-0.03573075
-405.58293619	-0.06082103
-405.54960293	-0.08741943
-405.51626967	-0.11445717
-405.48293641	-0.14126808
-405.44960315	-0.16700140
-405.41626989	-0.19138095
-405.38293664	-0.21407244
-405.34960338	-0.23489216
-405.31627012	-0.25413230
-405.28293686	-0.27150360
-405.24960360	-0.28707458
-405.21627034	-0.30023642
-405.18293709	-0.31058422
-405.14960383	-0.31712534
-405.11627057	-0.31866982
-405.08293731	-0.31395709
-405.04960405	-0.30158431
-405.01627079	-0.28018348
-404.98293754	-0.24909032
-404.94960428	-0.20806000
-404.91627102	-0.15745272
-404.88293776	-0.09850011
-404.84960450	-0.03317785
-404.81627124	0.03613011
-404.78293799	0.10692744
-404.74960473	0.17641108
-404.71627147	0.24152555
-404.68293821	0.29981213
-404.64960495	0.34877520
-404.61627169	0.38589486
-404.58293844	0.40959028
-404.54960518	0.41910986
-404.51627192	0.41423677
-404.48293866	0.39589491
-404.44960540	0.36600006
-404.41627214	0.32712443
-404.38293889	0.28205277
-404.34960563	0.23391972
-404.31627237	0.18568512
-404.28293911	0.13923563
-404.24960585	0.09588757
-404.21627259	0.05653658
-404.18293934	0.02121785
-404.14960608	-0.01012223
-404.11627282	-0.03747978
-404.08293956	-0.06117503
-404.04960630	-0.08114440
-404.01627304	-0.09752279
-403.98293978	-0.11035528
-403.94960653	-0.11961921
-403.91627327	-0.12532385
-403.88294001	-0.12762899
-403.84960675	-0.12641332
-403.81627349	-0.12152844
-403.78294023	-0.11267791
-403.74960698	-0.09986158
-403.71627372	-0.08330289
-403.68294046	-0.06363051
-403.64960720	-0.04176126
-403.61627394	-0.01920968
-403.58294068	0.00259789
-403.54960743	0.02211743
-403.51627417	0.03803078
-403.48294091	0.04951813
-403.44960765	0.05620457
-403.41627439	0.05841431
-403.38294113	0.05643645
-403.34960788	0.05110495
-403.31627462	0.04314558
-403.28294136	0.03355468
-403.24960810	0.02348382
-403.21627484	0.01363275
-403.18294158	0.00494919
-403.14960833	-0.00215306
-403.11627507	-0.00739919
-403.08294181	-0.01073566
-403.04960855	-0.01250608
-403.01627529	-0.01303476
-402.98294203	-0.01228582
-402.94960878	-0.01045709
-402.91627552	-0.00776904
-402.88294226	-0.00408910
-402.84960900	-0.00002115
-402.81627574	0.00413960
-402.78294248	0.00795054
-402.74960923	0.01087023
-402.71627597	0.01268934
-402.68294271	0.01322164
-402.64960945	0.01250500
-402.61627619	0.01095393
-402.58294293	0.00865293
-402.54960968	0.00591649
-402.51627642	0.00300453
-402.48294316	-0.00008754
-402.44960990	-0.00317906
-402.41627664	-0.00616476
-402.38294338	-0.00888479
-402.34961013	-0.01127920
-402.31627687	-0.01329386
-402.28294361	-0.01476819
-402.24961035	-0.01608661
-402.21627709	-0.01708679
-402.18294383	-0.01795404
-402.14961058	-0.01856075
-402.11627732	-0.01886410
-402.08294406	-0.01878203
-402.04961080	-0.01844374
-402.01627754	-0.01769068
-401.98294428	-0.01705350
-401.94961103	-0.01634989
-401.91627777	-0.01568032
-401.88294451	-0.01496557
-401.84961125	-0.01407798
-401.81627799	-0.01283906
-401.78294473	-0.01123294
-401.74961148	-0.00934659
-401.71627822	-0.00725175
-401.68294496	-0.00513961
-401.64961170	-0.00272867
-401.61627844	-0.00016988
-401.58294518	0.00258479
-401.54961193	0.00551984
-401.51627867	0.00814165
-401.48294541	0.01015731
-401.44961215	0.01150841
-401.41627889	0.01185752
-401.38294563	0.01141561
-401.34961238	0.01008771
-401.31627912	0.00805769
-401.28294586	0.00530935
-401.24961260	0.00190683
-401.21627934	-0.00197056
-401.18294608	-0.00622134
-401.14961283	-0.01059630
-401.11627957	-0.01470370
-401.08294631	-0.01829291
-401.04961305	-0.02118585
-401.01627979	-0.02323652
-400.98294653	-0.02446042
-400.94961328	-0.02495497
-400.91628002	-0.02449059
-400.88294676	-0.02349351
-400.84961350	-0.02197522
-400.81628024	-0.02006766
-400.78294698	-0.01785656
-400.74961373	-0.01558424
-400.71628047	-0.01332484
-400.68294721	-0.01106647
-400.64961395	-0.00890627
-400.61628069	-0.00672899
-400.58294743	-0.00444073
-400.54961418	-0.00205740
-400.51628092	0.00048868
-400.48294766	0.00316197
-400.44961440	0.00581925
-400.41628114	0.00825914
-400.38294788	0.01045582
-400.34961462	0.01208565
-400.31628137	0.01317251
-400.28294811	0.01346166
-400.24961485	0.01294878
-400.21628159	0.01164409
-400.18294833	0.00970245
-400.14961507	0.00720411
-400.11628182	0.00445848
-400.08294856	0.00153470
-400.04961530	-0.00116137
-400.01628204	-0.00342041
-399.98294878	-0.00508304
-399.94961552	-0.00606649
-399.91628227	-0.00618148
-399.88294901	-0.00579180
-399.84961575	-0.00480767
-399.81628249	-0.00330860
-399.78294923	-0.00126298
-399.74961597	0.00127325
-399.71628272	0.00392854
-399.68294946	0.00661253
-399.64961620	0.00886509
-399.61628294	0.01059274
-399.58294968	0.01140498
-399.54961642	0.01149777
-399.51628317	0.01068969
-399.48294991	0.00948822
-399.44961665	0.00778616
-399.41628339	0.00569233
-399.38295013	0.00345294
-399.34961687	0.00125430
-399.31628362	-0.00057333
-399.28295036	-0.00201674
-399.24961710	-0.00277161
-399.21628384	-0.00262490
-399.18295058	-0.00180491
-399.14961732	-0.00023649
-399.11628407	0.00169381
-399.08295081	0.00388211
-399.04961755	0.00612352
-399.01628429	0.00827945
-398.98295103	0.01027522
-398.94961777	0.01225473
-398.91628452	0.01394723
-398.88295126	0.01551281
-398.84961800	0.01676891
-398.81628474	0.01764296
-398.78295148	0.01823391
-398.74961822	0.01854744
-398.71628497	0.01869719
-398.68295171	0.01888860
-398.64961845	0.01903439
-398.61628519	0.01926431
-398.58295193	0.01941672
-398.54961867	0.01948593
-398.51628542	0.01907982
-398.48295216	0.01819351
-398.44961890	0.01649124
-398.41628564	0.01387978
-398.38295238	0.01021430
-398.34961912	0.00541481
-398.31628587	-0.00055308
-398.28295261	-0.00767340
-398.24961935	-0.01567806
-398.21628609	-0.02440604
-398.18295283	-0.03322550
-398.14961957	-0.04177786
-398.11628632	-0.04969788
-398.08295306	-0.05671691
-398.04961980	-0.06274491
-398.01628654	-0.06783448
-397.98295328	-0.07208170
-397.94962002	-0.07567599
-397.91628677	-0.07857051
-397.88295351	-0.08104506
-397.84962025	-0.08289220
-397.81628699	-0.08411942
-397.78295373	-0.08448406
-397.74962047	-0.08380076
-397.71628722	-0.08156203
-397.68295396	-0.07722081
-397.64962070	-0.07079195
-397.61628744	-0.06178386
-397.58295418	-0.04995181
-397.54962092	-0.03558011
-397.51628767	-0.01879321
-397.48295441	-0.00012970
-397.44962115	0.01962382
-397.41628789	0.03967927
-397.38295463	0.05906259
-397.34962137	0.07697565
-397.31628812	0.09241763
-397.28295486	0.10472355
-397.24962160	0.11319370
-397.21628834	0.11755600
-397.18295508	0.11758295
-397.14962182	0.11360752
-397.11628857	0.10616627
-397.08295531	0.09584649
-397.04962205	0.08352213
-397.01628879	0.07034943
-396.98295553	0.05699443
-396.94962227	0.04402440
-396.91628902	0.03222069
-396.88295576	0.02145679
-396.84962250	0.01201629
-396.81628924	0.00389590
-396.78295598	-0.00305011
-396.74962272	-0.00890506
-396.71628946	-0.01405402
-396.68295621	-0.01863547
-396.64962295	-0.02276039
-396.61628969	-0.02642315
-396.58295643	-0.02968886
-396.54962317	-0.03230647
-396.51628991	-0.03446310
-396.48295666	-0.03573697
-396.44962340	-0.03581434
-396.41629014	-0.03445995
-396.38295688	-0.03146550
-396.34962362	-0.02667888
-396.31629036	-0.02038803
-396.28295711	-0.01267633
-396.24962385	-0.00433490
-396.21629059	0.00389442
-396.18295733	0.01142280
-396.14962407	0.01748541
-396.11629081	0.02167396
-396.08295756	0.02370358
-396.04962430	0.02373016
-396.01629104	0.02188924
-395.98295778	0.01860687
-395.94962452	0.01423938
-395.91629126	0.00908576
-395.88295801	0.00362250
-395.84962475	-0.00186883
-395.81629149	-0.00721719
-395.78295823	-0.01200882
-395.74962497	-0.01574094
-395.71629171	-0.01828914
-395.68295846	-0.01949107
-395.64962520	-0.01941445
-395.61629194	-0.01832415
-395.58295868	-0.01655342
-395.54962542	-0.01427496
-395.51629216	-0.01160529
-395.48295891	-0.00895087
-395.44962565	-0.00625948
-395.41629239	-0.00368384
-395.38295913	-0.00136795
-395.34962587	0.00053133
-395.31629261	0.00196825
-395.28295936	0.00312710
-395.24962610	0.00376455
-395.21629284	0.00413490
-395.18295958	0.00425217
-395.14962632	0.00418328
-395.11629306	0.00382603
-395.08295981	0.00324447
-395.04962655	0.00232907
-395.01629329	0.00116053
-394.98296003	-0.00027350
-394.94962677	-0.00182384
-394.91629351	-0.00344471
-394.88296026	-0.00505544
-394.84962700	-0.00654777
-394.81629374	-0.00809454
-394.78296048	-0.00957726
-394.74962722	-0.01096659
-394.71629396	-0.01201953
-394.68296071	-0.01275442
-394.64962745	-0.01294316
-394.61629419	-0.01261061
-394.58296093	-0.01161030
-394.54962767	-0.01017147
-394.51629441	-0.00829449
-394.48296116	-0.00606312
-394.44962790	-0.00369112
-394.41629464	-0.00107380
-394.38296138	0.00165740
-394.34962812	0.00432359
-394.31629486	0.00689784
-394.28296161	0.00912304
-394.24962835	0.01056369
-394.21629509	0.01128392
-394.18296183	0.01112302
-394.14962857	0.01013716
-394.11629531	0.00847298
-394.08296206	0.00627070
-394.04962880	0.00364345
-394.01629554	0.00092582
-393.98296228	-0.00179738
-393.94962902	-0.00426571
-393.91629576	-0.00632207
-393.88296251	-0.00797659
-393.84962925	-0.00898966
-393.81629599	-0.00950447
-393.78296273	-0.00954835
-393.74962947	-0.00917782
-393.71629621	-0.00850350
-393.68296296	-0.00732020
-393.64962970	-0.00612674
-393.61629644	-0.00471751
-393.58296318	-0.00356695
-393.54962992	-0.00261277
-393.51629666	-0.00214193
-393.48296341	-0.00189896
-393.44963015	-0.00191321
-393.41629689	-0.00204142
-393.38296363	-0.00221305
-393.34963037	-0.00223862
-393.31629711	-0.00200019
-393.28296386	-0.00164914
-393.24963060	-0.00113503
-393.21629734	-0.00047009
-393.18296408	0.00029201
-393.14963082	0.00096649
-393.11629756	0.00151849
-393.08296431	0.00198192
-393.04963105	0.00232053
-393.01629779	0.00240503
-392.98296453	0.00217607
-392.94963127	0.00207433
-392.91629801	0.00158171
-392.88296475	0.00111018
-392.84963150	0.00051665
-392.81629824	-0.00004711
-392.78296498	-0.00057444
-392.74963172	-0.00069288
-392.71629846	-0.00048027
-392.68296520	0.00017880
-392.64963195	0.00122054
-392.61629869	0.00264511
-392.58296543	0.00409973
-392.54963217	0.00548644
-392.51629891	0.00666156
-392.48296565	0.00741626
-392.44963240	0.00761074
-392.41629914	0.00737744
-392.38296588	0.00657775
-392.34963262	0.00519211
-392.31629936	0.00330345
-392.28296610	0.00097823
-392.24963285	-0.00159396
-392.21629959	-0.00431036
-392.18296633	-0.00668797
-392.14963307	-0.00855216
-392.11629981	-0.00952480
-392.08296655	-0.00970749
-392.04963330	-0.00900556
-392.01630004	-0.00790268
-391.98296678	-0.00664487
-391.94963352	-0.00542417
-391.91630026	-0.00446519
-391.88296700	-0.00377164
-391.84963375	-0.00324022
-391.81630049	-0.00265592
-391.78296723	-0.00201107
-391.74963397	-0.00127882
-391.71630071	-0.00047269
-391.68296745	0.00018179
-391.64963420	0.00100884
-391.61630094	0.00159415
-391.58296768	0.00226354
-391.54963442	0.00294268
-391.51630116	0.00349153
-391.48296790	0.00398290
-391.44963465	0.00449080
-391.41630139	0.00490678
-391.38296813	0.00528467
-391.34963487	0.00564518
-391.31630161	0.00594470
-391.28296835	0.00619824
-391.24963510	0.00637196
-391.21630184	0.00639206
-391.18296858	0.00602103
-391.14963532	0.00523575
-391.11630206	0.00402211
-391.08296880	0.00256075
-391.04963555	0.00096366
-391.01630229	-0.00066688
-390.98296903	-0.00226656
-390.94963577	-0.00388961
-390.91630251	-0.00555817
-390.88296925	-0.00741348
-390.84963600	-0.00946592
-390.81630274	-0.01169811
-390.78296948	-0.01410435
-390.74963622	-0.01656894
-390.71630296	-0.01889954
-390.68296970	-0.02085915
-390.64963645	-0.02294406
-390.61630319	-0.02469076
-390.58296993	-0.02653549
-390.54963667	-0.02840847
-390.51630341	-0.03012267
-390.48297015	-0.03172004
-390.44963690	-0.03287338
-390.41630364	-0.03335550
-390.38297038	-0.03297565
-390.34963712	-0.03155333
-390.31630386	-0.02882897
-390.28297060	-0.02494821
-390.24963735	-0.02000189
-390.21630409	-0.01421388
-390.18297083	-0.00768965
-390.14963757	-0.00064098
-390.11630431	0.00651656
-390.08297105	0.01354589
-390.04963780	0.02014527
-390.01630454	0.02595437
-389.98297128	0.03086540
-389.94963802	0.03462195
-389.91630476	0.03719202
-389.88297150	0.03868821
-389.84963825	0.03892825
-389.81630499	0.03803781
-389.78297173	0.03622814
-389.74963847	0.03352345
-389.71630521	0.03035191
-389.68297195	0.02680273
-389.64963870	0.02332721
-389.61630544	0.02014150
-389.58297218	0.01721713
-389.54963892	0.01458154
-389.51630566	0.01216165
-389.48297240	0.00989838
-389.44963915	0.00758298
-389.41630589	0.00527532
-389.38297263	0.00290351
-389.34963937	0.00049771
-389.31630611	-0.00179565
-389.28297285	-0.00404879
-389.24963959	-0.00606504
-389.21630634	-0.00787095
-389.18297308	-0.00927352
-389.14963982	-0.01022219
-389.11630656	-0.01056253
-389.08297330	-0.01019943
-389.04964004	-0.00920995
-389.01630679	-0.00776947
-388.98297353	-0.00576412
-388.94964027	-0.00367732
-388.91630701	-0.00155155
-388.88297375	0.00032918
-388.84964049	0.00178353
-388.81630724	0.00271924
-388.78297398	0.00295662
-388.74964072	0.00261470
-388.71630746	0.00171251
-388.68297420	0.00030729
-388.64964094	-0.00106108
-388.61630769	-0.00245121
-388.58297443	-0.00364283
-388.54964117	-0.00463266
-388.51630791	-0.00530332
-388.48297465	-0.00571913
-388.44964139	-0.00596728
-388.41630814	-0.00589579
-388.38297488	-0.00556146
-388.34964162	-0.00496820
-388.31630836	-0.00415944
-388.28297510	-0.00333844
-388.24964184	-0.00254581
-388.21630859	-0.00208765
-388.18297533	-0.00191293
-388.14964207	-0.00224207
-388.11630881	-0.00287780
-388.08297555	-0.00362921
-388.04964229	-0.00437976
-388.01630904	-0.00493290
-387.98297578	-0.00528955
-387.94964252	-0.00531166
-387.91630926	-0.00504065
-387.88297600	-0.00454658
-387.84964274	-0.00395902
-387.81630949	-0.00326201
-387.78297623	-0.00235751
-387.74964297	-0.00136547
-387.71630971	-0.00031788
-387.68297645	0.00062926
-387.64964319	0.00147910
-387.61630994	0.00210671
-387.58297668	0.00233369
-387.54964342	0.00228067
-387.51631016	0.00180721
-387.48297690	0.00100431
-387.44964364	0.00004462
-387.41631039	-0.00106113
-387.38297713	-0.00210023
-387.34964387	-0.00295371
-387.31631061	-0.00334528
-387.28297735	-0.00355589
-387.24964409	-0.00345095
-387.21631084	-0.00320930
-387.18297758	-0.00298968
-387.14964432	-0.00291819
-387.11631106	-0.00291710
-387.08297780	-0.00293265
-387.04964454	-0.00307059
-387.01631129	-0.00308915
-386.98297803	-0.00292468
-386.94964477	-0.00280623
-386.91631151	-0.00250883
-386.88297825	-0.00237991
-386.84964499	-0.00232371
-386.81631174	-0.00240280
-386.78297848	-0.00253606
-386.74964522	-0.00283538
-386.71631196	-0.00302502
-386.68297870	-0.00305728
-386.64964544	-0.00316043
-386.61631219	-0.00306133
-386.58297893	-0.00312108
-386.54964567	-0.00346705
-386.51631241	-0.00390752
-386.48297915	-0.00454050
-386.44964589	-0.00528721
-386.41631264	-0.00584766
-386.38297938	-0.00624823
-386.34964612	-0.00639918
-386.31631286	-0.00608876
-386.28297960	-0.00554637
-386.24964634	-0.00481414
-386.21631309	-0.00392610
-386.18297983	-0.00282523
-386.14964657	-0.00164456
-386.11631331	-0.00038658
-386.08298005	0.00079824
-386.04964679	0.00196694
-386.01631354	0.00293959
-385.98298028	0.00386604
-385.94964702	0.00449186
-385.91631376	0.00496239
-385.88298050	0.00519118
-385.84964724	0.00531597
-385.81631399	0.00514968
-385.78298073	0.00486344
-385.74964747	0.00452675
-385.71631421	0.00386842
-385.68298095	0.00328864
-385.64964769	0.00264905
-385.61631443	0.00204620
-385.58298118	0.00157716
-385.54964792	0.00119993
-385.51631466	0.00091243
-385.48298140	0.00052511
-385.44964814	0.00020204
-385.41631488	-0.00016550
-385.38298163	-0.00042335
-385.34964837	-0.00057772
-385.31631511	-0.00071073
-385.28298185	-0.00067154
-385.24964859	-0.00050201
-385.21631533	-0.00038161
-385.18298208	-0.00030823
-385.14964882	-0.00027157
-385.11631556	-0.00031633
-385.08298230	-0.00038038
-385.04964904	-0.00045613
-385.01631578	-0.00053026
-384.98298253	-0.00055910
-384.94964927	-0.00072445
-384.91631601	-0.00108907
-384.88298275	-0.00151608
-384.84964949	-0.00194844
-384.81631623	-0.00268379
-384.78298298	-0.00321242
-384.74964972	-0.00359317
-384.71631646	-0.00401768
-384.68298320	-0.00433406
-384.64964994	-0.00455357
-384.61631668	-0.00486348
-384.58298343	-0.00514397
-384.54965017	-0.00553850
-384.51631691	-0.00581541
-384.48298365	-0.00578849
-384.44965039	-0.00574863
-384.41631713	-0.00535218
-384.38298388	-0.00449705
-384.34965062	-0.00349100
-384.31631736	-0.00217380
-384.28298410	-0.00072766
-384.24965084	0.00076502
-384.21631758	0.00241388
-384.18298433	0.00385617
-384.14965107	0.00517395
-384.11631781	0.00625537
-384.08298455	0.00701352
-384.04965129	0.00740943
-384.01631803	0.00745730
-383.98298478	0.00698938
-383.94965152	0.00608293
-383.91631826	0.00498333
-383.88298500	0.00354600
-383.84965174	0.00192349
-383.81631848	0.00033033
-383.78298523	-0.00116861
-383.74965197	-0.00255046
-383.71631871	-0.00365616
-383.68298545	-0.00450130
-383.64965219	-0.00506642
-383.61631893	-0.00542496
-383.58298568	-0.00550737
-383.54965242	-0.00551389
-383.51631916	-0.00533965
-383.48298590	-0.00512264
-383.44965264	-0.00479770
-383.41631938	-0.00441611
-383.38298613	-0.00398735
-383.34965287	-0.00361974
-383.31631961	-0.00339950
-383.28298635	-0.00343053
-383.24965309	-0.00361656
-383.21631983	-0.00413731
-383.18298658	-0.00496933
-383.14965332	-0.00595514
-383.11632006	-0.00696280
-383.08298680	-0.00802736
-383.04965354	-0.00889260
-383.01632028	-0.00936334
-382.98298703	-0.00962494
-382.94965377	-0.00950982
-382.91632051	-0.00909643
-382.88298725	-0.00827391
-382.84965399	-0.00729477
-382.81632073	-0.00601264
-382.78298748	-0.00435752
-382.74965422	-0.00253947
-382.71632096	-0.00067088
-382.68298770	0.00137128
-382.64965444	0.00339859
-382.61632118	0.00529612
-382.58298793	0.00697834
-382.54965467	0.00837915
-382.51632141	0.00963805
-382.48298815	0.01037938
-382.44965489	0.01073830
-382.41632163	0.01090273
-382.38298838	0.01065692
-382.34965512	0.01024190
-382.31632186	0.00954880
-382.28298860	0.00854777
-382.24965534	0.00729535
-382.21632208	0.00587511
-382.18298883	0.00424717
-382.14965557	0.00252694
-382.11632231	0.00063298
-382.08298905	-0.00128686
-382.04965579	-0.00307372
-382.01632253	-0.00475734
-381.98298927	-0.00628364
-381.94965602	-0.00743648
-381.91632276	-0.00823209
-381.88298950	-0.00889420
-381.84965624	-0.00907923
-381.81632298	-0.00896900
-381.78298972	-0.00878790
-381.74965647	-0.00821985
-381.71632321	-0.00765790
-381.68298995	-0.00676029
-381.64965669	-0.00576681
-381.61632343	-0.00468959
-381.58299017	-0.00357145
-381.54965692	-0.00267533
-381.51632366	-0.00203271
-381.48299040	-0.00157882
-381.44965714	-0.00143654
-381.41632388	-0.00139631
-381.38299062	-0.00156328
-381.34965737	-0.00183029
-381.31632411	-0.00194422
-381.28299085	-0.00195130
-381.24965759	-0.00184421
-381.21632433	-0.00163779
-381.18299107	-0.00139265
-381.14965782	-0.00119626
-381.11632456	-0.00094378
-381.08299130	-0.00065531
-381.04965804	-0.00023378
-381.01632478	0.00016855
-380.98299152	0.00073671
-380.94965827	0.00128412
-380.91632501	0.00199588
-380.88299175	0.00277891
-380.84965849	0.00349932
-380.81632523	0.00418384
-380.78299197	0.00482085
-380.74965872	0.00552289
-380.71632546	0.00618413
-380.68299220	0.00695936
-380.64965894	0.00785351
-380.61632568	0.00873933
-380.58299242	0.00961545
-380.54965917	0.01035460
-380.51632591	0.01082020
-380.48299265	0.01089528
-380.44965939	0.01074861
-380.41632613	0.01019997
-380.38299287	0.00938316
-380.34965962	0.00819173
-380.31632636	0.00683754
-380.28299310	0.00539012
-380.24965984	0.00381569
-380.21632658	0.00225459
-380.18299332	0.00059384
-380.14966007	-0.00083640
-380.11632681	-0.00198698
-380.08299355	-0.00293643
-380.04966029	-0.00354273
-380.01632703	-0.00375090
-379.98299377	-0.00374738
-379.94966052	-0.00357608
-379.91632726	-0.00327484
-379.88299400	-0.00309869
-379.84966074	-0.00281196
-379.81632748	-0.00270251
-379.78299422	-0.00284555
-379.74966097	-0.00304130
-379.71632771	-0.00338728
-379.68299445	-0.00382601
-379.64966119	-0.00441494
-379.61632793	-0.00509295
-379.58299467	-0.00588824
-379.54966142	-0.00683363
-379.51632816	-0.00772847
-379.48299490	-0.00862414
-379.44966164	-0.00950483
-379.41632838	-0.01013340
-379.38299512	-0.01059463
-379.34966187	-0.01067088
-379.31632861	-0.01042525
-379.28299535	-0.00987144
-379.24966209	-0.00912804
-379.21632883	-0.00826787
-379.18299557	-0.00724534
-379.14966232	-0.00633466
-379.11632906	-0.00544549
-379.08299580	-0.00458550
-379.04966254	-0.00376522
-379.01632928	-0.00292141
-378.98299602	-0.00214475
-378.94966277	-0.00135279
-378.91632951	-0.00055978
-378.88299625	0.00020355
-378.84966299	0.00101657
-378.81632973	0.00187208
-378.78299647	0.00269591
-378.74966322	0.00346901
-378.71632996	0.00430229
-378.68299670	0.00509333
-378.64966344	0.00575193
-378.61633018	0.00617772
-378.58299692	0.00638053
-378.54966367	0.00645439
-378.51633041	0.00627593
-378.48299715	0.00598027
-378.44966389	0.00551883
-378.41633063	0.00510617
-378.38299737	0.00474173
-378.34966411	0.00426504
-378.31633086	0.00398073
-378.28299760	0.00364106
-378.24966434	0.00346044
-378.21633108	0.00329146
-378.18299782	0.00317224
-378.14966456	0.00312330
-378.11633131	0.00313976
-378.08299805	0.00312325
-378.04966479	0.00296402
-378.01633153	0.00265531
-377.98299827	0.00209993
-377.94966501	0.00132652
-377.91633176	0.00052684
-377.88299850	-0.00052291
-377.84966524	-0.00149512
-377.81633198	-0.00258589
-377.78299872	-0.00353682
-377.74966546	-0.00448514
-377.71633221	-0.00533688
-377.68299895	-0.00613231
-377.64966569	-0.00674104
-377.61633243	-0.00715545
-377.58299917	-0.00748699
-377.54966591	-0.00773281
-377.51633266	-0.00790610
-377.48299940	-0.00813519
-377.44966614	-0.00840172
-377.41633288	-0.00842728
-377.38299962	-0.00855831
-377.34966636	-0.00855970
-377.31633311	-0.00843072
-377.28299985	-0.00814057
-377.24966659	-0.00773228
-377.21633333	-0.00739481
-377.18300007	-0.00674854
-377.14966681	-0.00586058
-377.11633356	-0.00483245
-377.08300030	-0.00348329
-377.04966704	-0.00196914
-377.01633378	-0.00040538
-376.98300052	0.00115817
-376.94966726	0.00272840
-376.91633401	0.00408803
-376.88300075	0.00516059
-376.84966749	0.00593672
-376.81633423	0.00631342
-376.78300097	0.00625688
-376.74966771	0.00584147
-376.71633446	0.00491872
-376.68300120	0.00354467
-376.64966794	0.00202982
-376.61633468	0.00038173
-376.58300142	-0.00123203
-376.54966816	-0.00251338
-376.51633491	-0.00365067
-376.48300165	-0.00438815
-376.44966839	-0.00472619
-376.41633513	-0.00482394
-376.38300187	-0.00469470
-376.34966861	-0.00437141
-376.31633536	-0.00386181
-376.28300210	-0.00326716
-376.24966884	-0.00249427
-376.21633558	-0.00178427
-376.18300232	-0.00125740
-376.14966906	-0.00082349
-376.11633581	-0.00062703
-376.08300255	-0.00067286
-376.04966929	-0.00105522
-376.01633603	-0.00140095
-375.98300277	-0.00194133
-375.94966951	-0.00252003
-375.91633626	-0.00311865
-375.88300300	-0.00377335
-375.84966974	-0.00422286
-375.81633648	-0.00460646
-375.78300322	-0.00496901
-375.74966996	-0.00528161
-375.71633671	-0.00542020
-375.68300345	-0.00564368
-375.64967019	-0.00567345
-375.61633693	-0.00552515
-375.58300367	-0.00527438
-375.54967041	-0.00451902
-375.51633716	-0.00337164
-375.48300390	-0.00200135
-375.44967064	-0.00015617
-375.41633738	0.00207225
-375.38300412	0.00437292
-375.34967086	0.00696444
-375.31633761	0.00960802
-375.28300435	0.01238687
-375.24967109	0.01522901
-375.21633783	0.01777279
-375.18300457	0.02020834
-375.14967131	0.02223705
-375.11633806	0.02388302
-375.08300480	0.02476624
-375.04967154	0.02491005
-375.01633828	0.02420790
-374.98300502	0.02258222
-374.94967176	0.02005487
-374.91633851	0.01675080
-374.88300525	0.01290437
-374.84967199	0.00874521
-374.81633873	0.00470910
-374.78300547	0.00085525
-374.74967221	-0.00221052
-374.71633896	-0.00450403
-374.68300570	-0.00592628
-374.64967244	-0.00631890
-374.61633918	-0.00578364
-374.58300592	-0.00448102
-374.54967266	-0.00262653
-374.51633940	-0.00053026
-374.48300615	0.00170554
-374.44967289	0.00393317
-374.41633963	0.00588558
-374.38300637	0.00745800
-374.34967311	0.00877098
-374.31633985	0.00968945
-374.28300660	0.01018136
-374.24967334	0.01029503
-374.21634008	0.01012146
-374.18300682	0.00957540
-374.14967356	0.00885909
-374.11634030	0.00798741
-374.08300705	0.00702435
-374.04967379	0.00602642
-374.01634053	0.00499099
-373.98300727	0.00387106
-373.94967401	0.00268561
-373.91634075	0.00148885
-373.88300750	0.00024853
-373.84967424	-0.00110732
-373.81634098	-0.00246890
-373.78300772	-0.00384917
-373.74967446	-0.00526622
-373.71634120	-0.00671585
-373.68300795	-0.00824371
-373.64967469	-0.00964798
-373.61634143	-0.01100624
-373.58300817	-0.01229440
-373.54967491	-0.01327082
-373.51634165	-0.01410645
-373.48300840	-0.01456894
-373.44967514	-0.01474098
-373.41634188	-0.01477034
-373.38300862	-0.01461256
-373.34967536	-0.01426527
-373.31634210	-0.01400883
-373.28300885	-0.01374153
-373.24967559	-0.01352375
-373.21634233	-0.01360624
-373.18300907	-0.01385256
-373.14967581	-0.01445436
-373.11634255	-0.01507997
-373.08300930	-0.01599531
-373.04967604	-0.01690250
-373.01634278	-0.01780064
-372.98300952	-0.01845875
-372.94967626	-0.01896299
-372.91634300	-0.01910323
-372.88300975	-0.01877761
-372.84967649	-0.01815338
-372.81634323	-0.01713288
-372.78300997	-0.01598523
-372.74967671	-0.01471533
-372.71634345	-0.01338100
-372.68301020	-0.01223332
-372.64967694	-0.01128100
-372.61634368	-0.01062735
-372.58301042	-0.01032977
-372.54967716	-0.01015849
-372.51634390	-0.01019976
-372.48301065	-0.01043400
-372.44967739	-0.01052210
-372.41634413	-0.01055298
-372.38301087	-0.01050145
-372.34967761	-0.01023064
-372.31634435	-0.00966857
-372.28301110	-0.00889576
-372.24967784	-0.00789189
-372.21634458	-0.00662714
-372.18301132	-0.00536911
-372.14967806	-0.00395770
-372.11634480	-0.00264991
-372.08301155	-0.00144933
-372.04967829	-0.00035331
-372.01634503	0.00055115
-371.98301177	0.00133443
-371.94967851	0.00195467
-371.91634525	0.00252503
-371.88301200	0.00308087
-371.84967874	0.00377352
-371.81634548	0.00438127
-371.78301222	0.00508157
-371.74967896	0.00590277
-371.71634570	0.00677374
-371.68301245	0.00756032
-371.64967919	0.00838472
-371.61634593	0.00902788
-371.58301267	0.00964211
-371.54967941	0.01011235
-371.51634615	0.01045184
-371.48301290	0.01062000
-371.44967964	0.01080055
-371.41634638	0.01097211
-371.38301312	0.01124853
-371.34967986	0.01150692
-371.31634660	0.01210017
-371.28301335	0.01290951
-371.24968009	0.01384011
-371.21634683	0.01483296
-371.18301357	0.01575126
-371.14968031	0.01659186
-371.11634705	0.01730865
-371.08301380	0.01783166
-371.04968054	0.01789906
-371.01634728	0.01771151
-370.98301402	0.01721236
-370.94968076	0.01631438
-370.91634750	0.01498989
-370.88301424	0.01358663
-370.84968099	0.01220863
-370.81634773	0.01092772
-370.78301447	0.00977515
-370.74968121	0.00894979
-370.71634795	0.00833559
-370.68301469	0.00776702
-370.64968144	0.00729858
-370.61634818	0.00691510
-370.58301492	0.00653547
-370.54968166	0.00619652
-370.51634840	0.00602431
-370.48301514	0.00573273
-370.44968189	0.00565655
-370.41634863	0.00530709
-370.38301537	0.00477273
-370.34968211	0.00415250
-370.31634885	0.00314169
-370.28301559	0.00207528
-370.24968234	0.00076338
-370.21634908	-0.00053756
-370.18301582	-0.00179898
-370.14968256	-0.00285141
-370.11634930	-0.00387703
-370.08301604	-0.00481210
-370.04968279	-0.00559951
-370.01634953	-0.00624648
-369.98301627	-0.00672416
-369.94968301	-0.00696676
-369.91634975	-0.00707265
-369.88301649	-0.00688168
-369.84968324	-0.00659247
-369.81634998	-0.00598360
-369.78301672	-0.00538725
-369.74968346	-0.00482162
-369.71635020	-0.00429016
-369.68301694	-0.00375647
-369.64968369	-0.00335783
-369.61635043	-0.00306338
-369.58301717	-0.00278378
-369.54968391	-0.00264332
-369.51635065	-0.00250894
-369.48301739	-0.00244410
-369.44968414	-0.00240990
-369.41635088	-0.00263005
-369.38301762	-0.00279747
-369.34968436	-0.00316981
-369.31635110	-0.00370132
-369.28301784	-0.00418512
-369.24968459	-0.00482806
-369.21635133	-0.00541039
-369.18301807	-0.00599409
-369.14968481	-0.00662503
-369.11635155	-0.00718433
-369.08301829	-0.00768377
-369.04968504	-0.00829815
-369.01635178	-0.00886494
-368.98301852	-0.00937940
-368.94968526	-0.00975934
-368.91635200	-0.00990851
-368.88301874	-0.00996252
-368.84968549	-0.00965290
-368.81635223	-0.00912018
-368.78301897	-0.00836166
-368.74968571	-0.00724456
-368.71635245	-0.00603060
-368.68301919	-0.00493510
-368.64968594	-0.00387034
-368.61635268	-0.00297351
-368.58301942	-0.00230542
-368.54968616	-0.00175927
-368.51635290	-0.00154055
-368.48301964	-0.00159413
-368.44968639	-0.00196255
-368.41635313	-0.00250362
-368.38301987	-0.00325075
-368.34968661	-0.00411459
-368.31635335	-0.00494735
-368.28302009	-0.00568845
-368.24968684	-0.00622326
-368.21635358	-0.00656159
-368.18302032	-0.00662934
-368.14968706	-0.00620971
-368.11635380	-0.00545584
-368.08302054	-0.00416511
-368.04968729	-0.00249596
-368.01635403	-0.00049920
-367.98302077	0.00168407
-367.94968751	0.00393378
-367.91635425	0.00627894
-367.88302099	0.00846424
-367.84968774	0.01041247
-367.81635448	0.01221884
-367.78302122	0.01366686
-367.74968796	0.01457005
-367.71635470	0.01504985
-367.68302144	0.01498338
-367.64968819	0.01442102
-367.61635493	0.01346539
-367.58302167	0.01211771
-367.54968841	0.01033132
-367.51635515	0.00836653
-367.48302189	0.00636223
-367.44968864	0.00419427
-367.41635538	0.00215810
-367.38302212	0.00038904
-367.34968886	-0.00124563
-367.31635560	-0.00253619
-367.28302234	-0.00325893
-367.24968908	-0.00341640
-367.21635583	-0.00327281
-367.18302257	-0.00263816
-367.14968931	-0.00154973
-367.11635605	-0.00025202
-367.08302279	0.00116922
-367.04968953	0.00261971
-367.01635628	0.00395124
-366.98302302	0.00525349
-366.94968976	0.00629507
-366.91635650	0.00701862
-366.88302324	0.00752381
-366.84968998	0.00758671
-366.81635673	0.00755803
-366.78302347	0.00706252
-366.74969021	0.00621310
-366.71635695	0.00494202
-366.68302369	0.00358583
-366.64969043	0.00177388
-366.61635718	-0.00000282
-366.58302392	-0.00194583
-366.54969066	-0.00366607
-366.51635740	-0.00511363
-366.48302414	-0.00620935
-366.44969088	-0.00699638
-366.41635763	-0.00715849
-366.38302437	-0.00712524
-366.34969111	-0.00670973
-366.31635785	-0.00606981
-366.28302459	-0.00515338
-366.24969133	-0.00406103
-366.21635808	-0.00284099
-366.18302482	-0.00168022
-366.14969156	-0.00053749
-366.11635830	0.00044173
-366.08302504	0.00118309
-366.04969178	0.00163612
-366.01635853	0.00178880
-365.98302527	0.00156440
-365.94969201	0.00090850
-365.91635875	-0.00001106
-365.88302549	-0.00127847
-365.84969223	-0.00278093
-365.81635898	-0.00453153
-365.78302572	-0.00630263
-365.74969246	-0.00817173
-365.71635920	-0.00992974
-365.68302594	-0.01156105
-365.64969268	-0.01316555
-365.61635943	-0.01439686
-365.58302617	-0.01545466
-365.54969291	-0.01612649
-365.51635965	-0.01646701
-365.48302639	-0.01638629
-365.44969313	-0.01589873
-365.41635988	-0.01499833
-365.38302662	-0.01386904
-365.34969336	-0.01240920
-365.31636010	-0.01085663
-365.28302684	-0.00920722
-365.24969358	-0.00765125
-365.21636033	-0.00606291
-365.18302707	-0.00463304
-365.14969381	-0.00321195
-365.11636055	-0.00201806
-365.08302729	-0.00103113
-365.04969403	-0.00022725
-365.01636078	0.00030169
-364.98302752	0.00045464
-364.94969426	0.00031793
-364.91636100	-0.00015392
-364.88302774	-0.00081771
-364.84969448	-0.00153580
-364.81636123	-0.00246867
-364.78302797	-0.00336105
-364.74969471	-0.00417780
-364.71636145	-0.00505033
-364.68302819	-0.00593961
-364.64969493	-0.00674852
-364.61636168	-0.00741953
-364.58302842	-0.00795684
-364.54969516	-0.00834243
-364.51636190	-0.00853078
-364.48302864	-0.00821791
-364.44969538	-0.00796996
-364.41636213	-0.00757245
-364.38302887	-0.00703953
-364.34969561	-0.00660900
-364.31636235	-0.00621116
-364.28302909	-0.00585800
-364.24969583	-0.00566653
-364.21636258	-0.00566628
-364.18302932	-0.00569362
-364.14969606	-0.00612712
-364.11636280	-0.00657728
-364.08302954	-0.00716528
-364.04969628	-0.00780530
-364.01636303	-0.00827429
-363.98302977	-0.00869249
-363.94969651	-0.00892086
-363.91636325	-0.00882116
-363.88302999	-0.00850151
-363.84969673	-0.00790841
-363.81636348	-0.00697548
-363.78303022	-0.00574550
-363.74969696	-0.00457344
-363.71636370	-0.00302558
-363.68303044	-0.00149518
-363.64969718	0.00006916
-363.61636392	0.00162890
-363.58303067	0.00316325
-363.54969741	0.00455373
-363.51636415	0.00584784
-363.48303089	0.00722582
-363.44969763	0.00857224
-363.41636437	0.00969971
-363.38303112	0.01075485
-363.34969786	0.01166794
-363.31636460	0.01248520
-363.28303134	0.01303726
-363.24969808	0.01344579
-363.21636482	0.01356391
-363.18303157	0.01356215
-363.14969831	0.01352082
-363.11636505	0.01321020
-363.08303179	0.01298894
-363.04969853	0.01283428
-363.01636527	0.01269299
-362.98303202	0.01249680
-362.94969876	0.01240597
-362.91636550	0.01220198
-362.88303224	0.01198176
-362.84969898	0.01169667
-362.81636572	0.01119816
-362.78303247	0.01064415
-362.74969921	0.00981201
-362.71636595	0.00887437
-362.68303269	0.00785139
-362.64969943	0.00656007
-362.61636617	0.00498592
-362.58303292	0.00328276
-362.54969966	0.00125147
-362.51636640	-0.00075632
-362.48303314	-0.00291099
-362.44969988	-0.00494182
-362.41636662	-0.00685562
-362.38303337	-0.00855725
-362.34970011	-0.01006780
-362.31636685	-0.01131783
-362.28303359	-0.01231124
-362.24970033	-0.01317061
-362.21636707	-0.01374867
-362.18303382	-0.01417575
-362.14970056	-0.01441817
-362.11636730	-0.01441842
-362.08303404	-0.01409460
-362.04970078	-0.01344798
-362.01636752	-0.01266331
-361.98303427	-0.01173050
-361.94970101	-0.01062806
-361.91636775	-0.00950131
-361.88303449	-0.00825973
-361.84970123	-0.00705655
-361.81636797	-0.00569668
-361.78303472	-0.00422061
-361.74970146	-0.00264885
-361.71636820	-0.00110134
-361.68303494	0.00042922
-361.64970168	0.00188559
-361.61636842	0.00323898
-361.58303517	0.00442093
-361.54970191	0.00568575
-361.51636865	0.00657659
-361.48303539	0.00735802
-361.44970213	0.00815565
-361.41636887	0.00877455
-361.38303562	0.00921424
-361.34970236	0.00928959
-361.31636910	0.00910892
-361.28303584	0.00865947
-361.24970258	0.00800340
-361.21636932	0.00716437
-361.18303607	0.00625758
-361.14970281	0.00516313
-361.11636955	0.00393537
-361.08303629	0.00263917
-361.04970303	0.00132743
-361.01636977	-0.00006961
-360.98303652	-0.00139105
-360.94970326	-0.00259230
-360.91637000	-0.00369289
-360.88303674	-0.00454166
-360.84970348	-0.00516650
-360.81637022	-0.00540417
-360.78303697	-0.00538996
-360.74970371	-0.00512515
-360.71637045	-0.00449280
-360.68303719	-0.00364676
-360.64970393	-0.00266738
-360.61637067	-0.00162569
-360.58303742	-0.00065075
-360.54970416	0.00022035
-360.51637090	0.00093855
-360.48303764	0.00132353
-360.44970438	0.00147810
-360.41637112	0.00136686
-360.38303787	0.00099810
-360.34970461	0.00027918
-360.31637135	-0.00065212
-360.28303809	-0.00170657
-360.24970483	-0.00282897
-360.21637157	-0.00397477
-360.18303832	-0.00505732
-360.14970506	-0.00581964
-360.11637180	-0.00646613
-360.08303854	-0.00674750
-360.04970528	-0.00674984
-360.01637202	-0.00633373
-359.98303876	-0.00568152
-359.94970551	-0.00460392
-359.91637225	-0.00345327
-359.88303899	-0.00190205
-359.84970573	-0.00030108
-359.81637247	0.00137528
-359.78303921	0.00331554
-359.74970596	0.00521703
-359.71637270	0.00708057
-359.68303944	0.00888456
-359.64970618	0.01057320
-359.61637292	0.01215646
-359.58303966	0.01356885
-359.54970641	0.01474669
-359.51637315	0.01561235
-359.48303989	0.01628222
-359.44970663	0.01657677
-359.41637337	0.01638103
-359.38304011	0.01590974
-359.34970686	0.01502078
-359.31637360	0.01353038
-359.28304034	0.01155842
-359.24970708	0.00929162
-359.21637382	0.00662439
-359.18304056	0.00365834
-359.14970731	0.00082395
-359.11637405	-0.00222446
-359.08304079	-0.00515218
-359.04970753	-0.00781347
-359.01637427	-0.01019317
-358.98304101	-0.01226063
-358.94970776	-0.01394486
-358.91637450	-0.01519855
-358.88304124	-0.01612229
-358.84970798	-0.01654144
-358.81637472	-0.01660118
-358.78304146	-0.01631119
-358.74970821	-0.01564759
-358.71637495	-0.01458104
-358.68304169	-0.01345113
-358.64970843	-0.01207620
-358.61637517	-0.01039983
-358.58304191	-0.00873141
-358.54970866	-0.00694911
-358.51637540	-0.00508887
-358.48304214	-0.00327120
-358.44970888	-0.00143825
-358.41637562	0.00030951
-358.38304236	0.00193800
-358.34970911	0.00330905
-358.31637585	0.00437886
-358.28304259	0.00514840
-358.24970933	0.00543976
-358.21637607	0.00524871
-358.18304281	0.00475600
-358.14970956	0.00403515
-358.11637630	0.00289321
-358.08304304	0.00151080
-358.04970978	0.00007200
-358.01637652	-0.00146412
-357.98304326	-0.00291300
-357.94971001	-0.00434497
-357.91637675	-0.00553056
-357.88304349	-0.00626778
-357.84971023	-0.00676937
-357.81637697	-0.00694485
-357.78304371	-0.00674157
-357.74971046	-0.00624413
-357.71637720	-0.00546336
-357.68304394	-0.00459246
-357.64971068	-0.00363347
-357.61637742	-0.00266910
-357.58304416	-0.00188359
-357.54971091	-0.00133281
-357.51637765	-0.00093329
-357.48304439	-0.00083809
-357.44971113	-0.00082728
-357.41637787	-0.00105450
-357.38304461	-0.00139181
-357.34971136	-0.00160961
-357.31637810	-0.00202362
-357.28304484	-0.00246763
-357.24971158	-0.00280053
-357.21637832	-0.00319223
-357.18304506	-0.00341608
-357.14971181	-0.00350609
-357.11637855	-0.00337006
-357.08304529	-0.00305270
-357.04971203	-0.00261660
-357.01637877	-0.00202876
-356.98304551	-0.00132459
-356.94971226	-0.00066469
-356.91637900	-0.00015623
-356.88304574	0.00032238
-356.84971248	0.00064867
-356.81637922	0.00073147
-356.78304596	0.00081848
-356.74971271	0.00071070
-356.71637945	0.00052317
-356.68304619	0.00006994
-356.64971293	-0.00042239
-356.61637967	-0.00104221
-356.58304641	-0.00181894
-356.54971316	-0.00263349
-356.51637990	-0.00364374
-356.48304664	-0.00464389
-356.44971338	-0.00559027
-356.41638012	-0.00636687
-356.38304686	-0.00707829
-356.34971360	-0.00774816
-356.31638035	-0.00826328
-356.28304709	-0.00868960
-356.24971383	-0.00904573
-356.21638057	-0.00928188
-356.18304731	-0.00963522
-356.14971405	-0.00975405
-356.11638080	-0.00974275
-356.08304754	-0.00962976
-356.04971428	-0.00940204
-356.01638102	-0.00912348
-355.98304776	-0.00865376
-355.94971450	-0.00814470
-355.91638125	-0.00757261
-355.88304799	-0.00685319
-355.84971473	-0.00593429
-355.81638147	-0.00488892
-355.78304821	-0.00370300
-355.74971495	-0.00234601
-355.71638170	-0.00077982
-355.68304844	0.00086511
-355.64971518	0.00262803
-355.61638192	0.00428384
-355.58304866	0.00593802
-355.54971540	0.00737384
-355.51638215	0.00867395
-355.48304889	0.00981033
-355.44971563	0.01062061
-355.41638237	0.01130702
-355.38304911	0.01152495
-355.34971585	0.01136352
-355.31638260	0.01098411
-355.28304934	0.01015471
-355.24971608	0.00909897
-355.21638282	0.00774041
-355.18304956	0.00607732
-355.14971630	0.00434153
-355.11638305	0.00245039
-355.08304979	0.00056297
-355.04971653	-0.00123020
-355.01638327	-0.00308596
-354.98305001	-0.00460776
-354.94971675	-0.00580985
-354.91638350	-0.00698003
-354.88305024	-0.00775412
-354.84971698	-0.00836366
-354.81638372	-0.00877849
-354.78305046	-0.00889231
-354.74971720	-0.00888121
-354.71638395	-0.00852564
-354.68305069	-0.00802256
-354.64971743	-0.00734218
-354.61638417	-0.00646689
-354.58305091	-0.00555331
-354.54971765	-0.00456099
-354.51638440	-0.00371154
-354.48305114	-0.00277619
-354.44971788	-0.00189442
-354.41638462	-0.00110859
-354.38305136	-0.00031034
-354.34971810	0.00037683
-354.31638485	0.00106020
-354.28305159	0.00163757
-354.24971833	0.00226135
-354.21638507	0.00279590
-354.18305181	0.00319496
-354.14971855	0.00350491
-354.11638530	0.00370234
-354.08305204	0.00384810
-354.04971878	0.00374651
-354.01638552	0.00357696
-353.98305226	0.00329174
-353.94971900	0.00276263
-353.91638575	0.00221074
-353.88305249	0.00141360
-353.84971923	0.00063595
-353.81638597	-0.00015029
-353.78305271	-0.00091849
-353.74971945	-0.00159726
-353.71638620	-0.00217202
-353.68305294	-0.00268548
-353.64971968	-0.00308984
-353.61638642	-0.00338131
-353.58305316	-0.00358534
-353.54971990	-0.00369145
-353.51638665	-0.00363957
-353.48305339	-0.00357819
-353.44972013	-0.00336308
-353.41638687	-0.00315114
-353.38305361	-0.00281523
-353.34972035	-0.00238877
-353.31638710	-0.00201174
-353.28305384	-0.00151004
-353.24972058	-0.00099816
-353.21638732	-0.00045163
-353.18305406	-0.00005416
-353.14972080	0.00026290
-353.11638755	0.00064739
-353.08305429	0.00068488
-353.04972103	0.00074555
-353.01638777	0.00049141
-352.98305451	0.00003687
-352.94972125	-0.00044010
-352.91638800	-0.00125586
-352.88305474	-0.00198952
-352.84972148	-0.00288903
-352.81638822	-0.00385534
-352.78305496	-0.00457522
-352.74972170	-0.00522340
-352.71638845	-0.00575993
-352.68305519	-0.00598286
-352.64972193	-0.00597136
-352.61638867	-0.00581647
-352.58305541	-0.00537445
-352.54972215	-0.00472296
-352.51638889	-0.00382619
-352.48305564	-0.00284081
-352.44972238	-0.00187686
-352.41638912	-0.00073559
-352.38305586	0.00022971
-352.34972260	0.00110679
-352.31638934	0.00174229
-352.28305609	0.00231355
-352.24972283	0.00248333
-352.21638957	0.00250885
-352.18305631	0.00240322
-352.14972305	0.00198854
-352.11638979	0.00150163
-352.08305654	0.00086373
-352.04972328	0.00017067
-352.01639002	-0.00060115
-351.98305676	-0.00132949
-351.94972350	-0.00204186
-351.91639024	-0.00273358
-351.88305699	-0.00322063
-351.84972373	-0.00372751
-351.81639047	-0.00403511
-351.78305721	-0.00431618
-351.74972395	-0.00447453
-351.71639069	-0.00439287
-351.68305744	-0.00417721
-351.64972418	-0.00382507
-351.61639092	-0.00338158
-351.58305766	-0.00267732
-351.54972440	-0.00201583
-351.51639114	-0.00127980
-351.48305789	-0.00061691
-351.44972463	0.00007619
-351.41639137	0.00055796
-351.38305811	0.00098954
-351.34972485	0.00133897
-351.31639159	0.00157700
-351.28305834	0.00144722
-351.24972508	0.00138190
-351.21639182	0.00106278
-351.18305856	0.00046984
-351.14972530	-0.00015940
-351.11639204	-0.00087815
-351.08305879	-0.00177972
-351.04972553	-0.00252997
-351.01639227	-0.00347077
-350.98305901	-0.00417492
-350.94972575	-0.00496282
-350.91639249	-0.00561705
-350.88305924	-0.00627539
-350.84972598	-0.00681124
-350.81639272	-0.00725352
-350.78305946	-0.00770058
-350.74972620	-0.00799109
-350.71639294	-0.00820248
-350.68305969	-0.00827094
-350.64972643	-0.00831242
-350.61639317	-0.00821882
-350.58305991	-0.00791443
-350.54972665	-0.00745195
-350.51639339	-0.00684236
-350.48306014	-0.00619652
-350.44972688	-0.00520226
-350.41639362	-0.00432259
-350.38306036	-0.00331830
-350.34972710	-0.00227067
-350.31639384	-0.00114910
-350.28306059	-0.00018941
-350.24972733	0.00072023
-350.21639407	0.00152097
-350.18306081	0.00220098
-350.14972755	0.00268433
-350.11639429	0.00295256
-350.08306104	0.00312175
-350.04972778	0.00319176
-350.01639452	0.00314674
-349.98306126	0.00304230
-349.94972800	0.00289742
-349.91639474	0.00268970
-349.88306149	0.00238172
-349.84972823	0.00228628
-349.81639497	0.00213413
-349.78306171	0.00207876
-349.74972845	0.00217320
-349.71639519	0.00234513
-349.68306194	0.00259942
-349.64972868	0.00285314
-349.61639542	0.00298757
-349.58306216	0.00319522
-349.54972890	0.00317951
-349.51639564	0.00298048
-349.48306239	0.00254093
-349.44972913	0.00193694
-349.41639587	0.00109434
-349.38306261	-0.00003545
-349.34972935	-0.00128754
-349.31639609	-0.00272909
-349.28306284	-0.00423501
-349.24972958	-0.00570788
-349.21639632	-0.00712018
-349.18306306	-0.00847074
-349.14972980	-0.00943844
-349.11639654	-0.01027185
-349.08306329	-0.01071681
-349.04973003	-0.01088035
-349.01639677	-0.01071709
-348.98306351	-0.01022653
-348.94973025	-0.00941055
-348.91639699	-0.00851632
-348.88306373	-0.00743605
-348.84973048	-0.00621754
-348.81639722	-0.00498928
-348.78306396	-0.00381562
-348.74973070	-0.00274880
-348.71639744	-0.00188231
-348.68306418	-0.00124455
-348.64973093	-0.00078444
-348.61639767	-0.00070315
-348.58306441	-0.00065906
-348.54973115	-0.00086519
-348.51639789	-0.00101802
-348.48306463	-0.00128841
-348.44973138	-0.00148308
-348.41639812	-0.00159940
-348.38306486	-0.00162561
-348.34973160	-0.00144736
-348.31639834	-0.00118455
-348.28306508	-0.00081224
-348.24973183	-0.00035714
-348.21639857	0.00021696
-348.18306531	0.00092978
-348.14973205	0.00148453
-348.11639879	0.00209698
-348.08306553	0.00256804
-348.04973228	0.00296441
-348.01639902	0.00317737
-347.98306576	0.00331527
-347.94973250	0.00324367
-347.91639924	0.00305357
-347.88306598	0.00278078
-347.84973273	0.00216941
-347.81639947	0.00150283
-347.78306621	0.00070071
-347.74973295	-0.00022905
-347.71639969	-0.00123469
-347.68306643	-0.00246424
-347.64973318	-0.00362157
-347.61639992	-0.00475322
-347.58306666	-0.00591426
-347.54973340	-0.00699289
-347.51640014	-0.00783887
-347.48306688	-0.00841791
-347.44973363	-0.00877106
-347.41640037	-0.00885065
-347.38306711	-0.00870014
-347.34973385	-0.00824489
-347.31640059	-0.00762597
-347.28306733	-0.00673851
-347.24973408	-0.00572020
-347.21640082	-0.00467865
-347.18306756	-0.00362178
-347.14973430	-0.00282797
-347.11640104	-0.00209894
-347.08306778	-0.00171372
-347.04973453	-0.00144449
-347.01640127	-0.00145194
-346.98306801	-0.00170191
-346.94973475	-0.00199160
-346.91640149	-0.00235369
-346.88306823	-0.00273498
-346.84973498	-0.00296171
-346.81640172	-0.00319883
-346.78306846	-0.00335360
-346.74973520	-0.00323755
-346.71640194	-0.00292962
-346.68306868	-0.00237778
-346.64973543	-0.00186584
-346.61640217	-0.00108930
-346.58306891	-0.00034123
-346.54973565	0.00037336
-346.51640239	0.00099430
-346.48306913	0.00146185
-346.44973588	0.00170069
-346.41640262	0.00176021
-346.38306936	0.00176737
-346.34973610	0.00145619
-346.31640284	0.00119792
-346.28306958	0.00095197
-346.24973633	0.00067563
-346.21640307	0.00049282
-346.18306981	0.00032028
-346.14973655	0.00032451
-346.11640329	0.00027869
-346.08307003	0.00033367
-346.04973678	0.00030198
-346.01640352	0.00032190
-345.98307026	0.00035739
-345.94973700	0.00032957
-345.91640374	0.00029036
-345.88307048	0.00017419
-345.84973723	-0.00000546
-345.81640397	-0.00028813
-345.78307071	-0.00066993
-345.74973745	-0.00122283
-345.71640419	-0.00174102
-345.68307093	-0.00232233
-345.64973768	-0.00271482
-345.61640442	-0.00301137
-345.58307116	-0.00319831
-345.54973790	-0.00322029
-345.51640464	-0.00342941
-345.48307138	-0.00339360
-345.44973813	-0.00337289
-345.41640487	-0.00333536
-345.38307161	-0.00326557
-345.34973835	-0.00313022
-345.31640509	-0.00296340
-345.28307183	-0.00272176
-345.24973857	-0.00243436
-345.21640532	-0.00218758
-345.18307206	-0.00194959
-345.14973880	-0.00167265
-345.11640554	-0.00142813
-345.08307228	-0.00108911
-345.04973902	-0.00085216
-345.01640577	-0.00062332
-344.98307251	-0.00027592
-344.94973925	0.00003108
-344.91640599	0.00032343
-344.88307273	0.00053733
-344.84973947	0.00073018
-344.81640622	0.00070064
-344.78307296	0.00057232
-344.74973970	0.00030465
-344.71640644	-0.00004818
-344.68307318	-0.00048233
-344.64973992	-0.00097953
-344.61640667	-0.00145487
-344.58307341	-0.00196047
-344.54974015	-0.00240869
-344.51640689	-0.00282071
-344.48307363	-0.00329672
-344.44974037	-0.00355078
-344.41640712	-0.00393763
-344.38307386	-0.00410152
-344.34974060	-0.00414263
-344.31640734	-0.00422125
-344.28307408	-0.00411447
-344.24974082	-0.00394063
-344.21640757	-0.00388614
-344.18307431	-0.00367277
-344.14974105	-0.00346713
-344.11640779	-0.00346188
-344.08307453	-0.00335337
-344.04974127	-0.00322124
-344.01640802	-0.00325974
-343.98307476	-0.00338288
-343.94974150	-0.00351476
-343.91640824	-0.00366131
-343.88307498	-0.00378283
-343.84974172	-0.00404454
-343.81640847	-0.00426988
-343.78307521	-0.00450280
-343.74974195	-0.00476398
-343.71640869	-0.00493692
-343.68307543	-0.00514081
-343.64974217	-0.00533468
-343.61640892	-0.00557367
-343.58307566	-0.00568430
-343.54974240	-0.00596601
-343.51640914	-0.00627208
-343.48307588	-0.00648106
-343.44974262	-0.00672164
-343.41640937	-0.00690076
-343.38307611	-0.00701249
-343.34974285	-0.00697458
-343.31640959	-0.00680282
-343.28307633	-0.00635695
-343.24974307	-0.00593201
-343.21640982	-0.00527009
-343.18307656	-0.00445722
-343.14974330	-0.00360868
-343.11641004	-0.00266250
-343.08307678	-0.00175738
-343.04974352	-0.00086935
-343.01641027	-0.00012893
-342.98307701	0.00043452
-342.94974375	0.00093086
-342.91641049	0.00118711
-342.88307723	0.00116484
-342.84974397	0.00100234
-342.81641072	0.00072438
-342.78307746	0.00034692
-342.74974420	-0.00018890
-342.71641094	-0.00078395
-342.68307768	-0.00130493
-342.64974442	-0.00177865
-342.61641117	-0.00219558
-342.58307791	-0.00238158
-342.54974465	-0.00231338
-342.51641139	-0.00214223
-342.48307813	-0.00174233
-342.44974487	-0.00138038
-342.41641162	-0.00078945
-342.38307836	-0.00013837
-342.34974510	0.00042859
-342.31641184	0.00086867
-342.28307858	0.00134161
-342.24974532	0.00158661
-342.21641207	0.00164952
-342.18307881	0.00156664
-342.14974555	0.00133148
-342.11641229	0.00087221
-342.08307903	0.00036016
-342.04974577	-0.00034580
-342.01641252	-0.00109532
-341.98307926	-0.00172202
-341.94974600	-0.00231731
-341.91641274	-0.00274508
-341.88307948	-0.00319340
-341.84974622	-0.00340632
-341.81641297	-0.00366057
-341.78307971	-0.00363969
-341.74974645	-0.00364479
-341.71641319	-0.00361995
-341.68307993	-0.00340444
-341.64974667	-0.00322520
-341.61641341	-0.00295649
-341.58308016	-0.00270927
-341.54974690	-0.00242412
-341.51641364	-0.00205628
-341.48308038	-0.00177561
-341.44974712	-0.00148905
-341.41641386	-0.00106792
-341.38308061	-0.00091081
-341.34974735	-0.00060308
-341.31641409	-0.00036280
-341.28308083	-0.00023118
-341.24974757	-0.00026797
-341.21641431	-0.00029628
-341.18308106	-0.00037160
-341.14974780	-0.00055384
-341.11641454	-0.00076146
-341.08308128	-0.00099730
-341.04974802	-0.00113901
-341.01641476	-0.00141506
-340.98308151	-0.00156787
-340.94974825	-0.00173702
-340.91641499	-0.00179743
-340.88308173	-0.00182935
-340.84974847	-0.00166498
-340.81641521	-0.00138952
-340.78308196	-0.00109538
-340.74974870	-0.00072700
-340.71641544	-0.00032310
-340.68308218	-0.00002846
-340.64974892	0.00041755
-340.61641566	0.00061238
-340.58308241	0.00076027
-340.54974915	0.00064924
-340.51641589	0.00060928
-340.48308263	0.00046075
-340.44974937	0.00023766
-340.41641611	-0.00015999
-340.38308286	-0.00063454
-340.34974960	-0.00116843
-340.31641634	-0.00177731
-340.28308308	-0.00247906
-340.24974982	-0.00299525
-340.21641656	-0.00354745
-340.18308331	-0.00399083
-340.14975005	-0.00442534
-340.11641679	-0.00461185
-340.08308353	-0.00478122
-340.04975027	-0.00490902
-340.01641701	-0.00492082
-339.98308376	-0.00484850
-339.94975050	-0.00472526
-339.91641724	-0.00458347
-339.88308398	-0.00417089
-339.84975072	-0.00385692
-339.81641746	-0.00345146
-339.78308421	-0.00302387
-339.74975095	-0.00269694
-339.71641769	-0.00229120
-339.68308443	-0.00191780
-339.64975117	-0.00151408
-339.61641791	-0.00112713
-339.58308466	-0.00067095
-339.54975140	-0.00036512
-339.51641814	-0.00001101
-339.48308488	0.00019435
-339.44975162	0.00039808
-339.41641836	0.00049596
-339.38308511	0.00028476
-339.34975185	0.00000200
-339.31641859	-0.00041637
-339.28308533	-0.00100599
-339.24975207	-0.00162307
-339.21641881	-0.00238548
-339.18308556	-0.00317382
-339.14975230	-0.00386095
-339.11641904	-0.00454509
-339.08308578	-0.00522250
-339.04975252	-0.00574257
-339.01641926	-0.00617323
-338.98308601	-0.00632144
-338.94975275	-0.00621328
-338.91641949	-0.00588506
-338.88308623	-0.00540526
-338.84975297	-0.00475281
-338.81641971	-0.00402632
-338.78308646	-0.00322285
-338.74975320	-0.00237545
-338.71641994	-0.00158142
-338.68308668	-0.00087267
-338.64975342	-0.00020832
-338.61642016	0.00033846
-338.58308691	0.00078880
-338.54975365	0.00110778
-338.51642039	0.00123317
-338.48308713	0.00125892
-338.44975387	0.00107077
-338.41642061	0.00088785
-338.38308736	0.00053525
-338.34975410	0.00012250
-338.31642084	-0.00019734
-338.28308758	-0.00053565
-338.24975432	-0.00092107
-338.21642106	-0.00124252
-338.18308781	-0.00146272
-338.14975455	-0.00176499
-338.11642129	-0.00195661
-338.08308803	-0.00212404
-338.04975477	-0.00214400
-338.01642151	-0.00223945
-337.98308825	-0.00211441
-337.94975500	-0.00190392
-337.91642174	-0.00162109
-337.88308848	-0.00136019
-337.84975522	-0.00106299
-337.81642196	-0.00075401
-337.78308870	-0.00049981
-337.74975545	-0.00032990
-337.71642219	-0.00029967
-337.68308893	-0.00037475
-337.64975567	-0.00057790
-337.61642241	-0.00084636
-337.58308915	-0.00123073
-337.54975590	-0.00175674
-337.51642264	-0.00240602
-337.48308938	-0.00298673
-337.44975612	-0.00365092
-337.41642286	-0.00416019
-337.38308960	-0.00466488
-337.34975635	-0.00498557
-337.31642309	-0.00525328
-337.28308983	-0.00532453
-337.24975657	-0.00532484
-337.21642331	-0.00518489
-337.18309005	-0.00492826
-337.14975680	-0.00455221
-337.11642354	-0.00408549
-337.08309028	-0.00369659
-337.04975702	-0.00325275
-337.01642376	-0.00284707
-336.98309050	-0.00248919
-336.94975725	-0.00218932
-336.91642399	-0.00195274
-336.88309073	-0.00178798
-336.84975747	-0.00167908
-336.81642421	-0.00162183
-336.78309095	-0.00170015
-336.74975770	-0.00182003
-336.71642444	-0.00203832
-336.68309118	-0.00230280
-336.64975792	-0.00252172
-336.61642466	-0.00279548
-336.58309140	-0.00299562
-336.54975815	-0.00318421
-336.51642489	-0.00333928
-336.48309163	-0.00340129
-336.44975837	-0.00342353
-336.41642511	-0.00343494
-336.38309185	-0.00344413
-336.34975860	-0.00340286
-336.31642534	-0.00328206
-336.28309208	-0.00321117
-336.24975882	-0.00309577
-336.21642556	-0.00293232
-336.18309230	-0.00274145
-336.14975905	-0.00253691
-336.11642579	-0.00232102
-336.08309253	-0.00210815
-336.04975927	-0.00187071
-336.01642601	-0.00155105
-335.98309275	-0.00127149
-335.94975950	-0.00097623
-335.91642624	-0.00068215
-335.88309298	-0.00040000
-335.84975972	-0.00015785
-335.81642646	0.00007174
-335.78309320	0.00023721
-335.74975995	0.00036013
-335.71642669	0.00044534
-335.68309343	0.00049901
-335.64976017	0.00049239
-335.61642691	0.00046264
-335.58309365	0.00041759
-335.54976040	0.00039964
-335.51642714	0.00034015
-335.48309388	0.00029758
-335.44976062	0.00027485
-335.41642736	0.00025677
-335.38309410	0.00024740
-335.34976085	0.00024317
-335.31642759	0.00025322
-335.28309433	0.00025099
-335.24976107	0.00026134
-335.21642781	0.00025852
-335.18309455	0.00024535
-335.14976130	0.00023137
-335.11642804	0.00020820
-335.08309478	0.00017540
-335.04976152	0.00013413
-335.01642826	0.00008113
-334.98309500	0.00002491
-334.94976175	-0.00003378
-334.91642849	-0.00008678
-334.88309523	-0.00013885
-334.84976197	-0.00018230
-334.81642871	-0.00022415
-334.78309545	-0.00023880
-334.74976220	-0.00024315
-334.71642894	-0.00024002
-334.68309568	-0.00023021
-334.64976242	-0.00020349
-334.61642916	-0.00017749
-334.58309590	-0.00014751
-334.54976265	-0.00011203
-334.51642939	-0.00008274
-334.48309613	-0.00005198
-334.44976287	-0.00002768
-334.41642961	-0.00000604
-334.38309635	0.00000746
-334.34976310	0.00001699
-334.31642984	0.00002269
-334.28309658	0.00002568
-334.24976332	0.00002538
-334.21643006	0.00002232
-334.18309680	0.00001927
-334.14976354	0.00001526
-334.11643029	0.00001081
-334.08309703	0.00000684
-334.04976377	0.00000424
-334.01643051	0.00000192
-333.98309725	0.00000048
-333.94976399	-0.00000018
-333.91643074	-0.00000030
-333.88309748	-0.00000013
-333.84976422	0.00000000
