# Menlo Systems GmbH ScanControl
# Program Version 1.7.0+git.a90605a3
# Start: -433.90000000 ps, Average over 3000 waveforms. Timestamp: 2024-05-07T15:58:42
# Window type: Tukey, parameters: alpha = 0.1
# User time axis shift: 0 ps
# Time axis offset: 0 ps
# Frequency [THz]	THz Signal [a.u.]
0.00000000	-21.23927697
0.00732601	-25.68863836
0.01465201	-29.87687266
0.02197802	-29.50822703
0.02930403	-37.71342365
0.03663004	-41.32264301
0.04395604	-32.57716461
0.05128205	-35.65427575
0.05860806	-33.38950111
0.06593406	-38.10203141
0.07326007	-34.15734977
0.08058608	-39.07039155
0.08791208	-35.75201742
0.09523809	-38.68913161
0.10256410	-37.55297568
0.10989011	-39.06477707
0.11721611	-42.64576136
0.12454212	-33.74501952
0.13186813	-35.75043032
0.13919413	-34.66624563
0.14652014	-33.17552593
0.15384615	-34.10568408
0.16117216	-34.27396794
0.16849816	-28.28597396
0.17582417	-23.09752349
0.18315018	-23.49979719
0.19047618	-25.46623773
0.19780219	-23.73610890
0.20512820	-24.67885328
0.21245420	-26.27794025
0.21978021	-22.95274351
0.22710622	-17.95091729
0.23443223	-16.18029598
0.24175823	-16.41400633
0.24908424	-17.40442822
0.25641025	-20.51519349
0.26373625	-21.61163465
0.27106226	-20.61073027
0.27838827	-18.55496471
0.28571428	-16.77204867
0.29304028	-11.52684523
0.30036629	-11.31396731
0.30769230	-14.60455070
0.31501830	-16.00708174
0.32234431	-15.81075744
0.32967032	-15.17108919
0.33699633	-14.18665592
0.34432233	-10.39904589
0.35164834	-6.46552688
0.35897435	-7.39917159
0.36630035	-10.46634957
0.37362636	-11.88418761
0.38095237	-13.49503645
0.38827837	-12.95379537
0.39560438	-11.07025650
0.40293039	-8.32598280
0.41025640	-4.99619150
0.41758240	-5.46700516
0.42490841	-8.34236644
0.43223442	-10.23340190
0.43956042	-11.08131549
0.44688643	-10.69589198
0.45421244	-8.03921684
0.46153845	-5.45846067
0.46886445	-2.11369379
0.47619046	-2.17560436
0.48351647	-5.48904031
0.49084247	-7.59714541
0.49816848	-8.52464477
0.50549449	-8.76807802
0.51282049	-6.82172627
0.52014650	-4.41354051
0.52747251	-1.59174597
0.53479852	-1.88524733
0.54212452	-5.28382098
0.54945053	-6.87071065
0.55677654	-8.34152084
0.56410254	-7.57247410
0.57142855	-5.44561240
0.57875456	-2.27373639
0.58608057	0.00000000
0.59340657	-0.76145163
0.60073258	-3.87836858
0.60805859	-6.14870174
0.61538459	-6.68217093
0.62271060	-6.92913401
0.63003661	-4.98586088
0.63736261	-2.41604280
0.64468862	-0.53313904
0.65201463	-1.53028003
0.65934064	-4.40251839
0.66666664	-6.51624445
0.67399265	-6.85784756
0.68131866	-6.65577494
0.68864466	-4.79755890
0.69597067	-2.18272670
0.70329668	-0.15148024
0.71062269	-1.46186884
0.71794869	-4.67069361
0.72527470	-6.19570211
0.73260071	-7.20066147
0.73992671	-6.78515781
0.74725272	-5.41134244
0.75457873	-3.22233167
0.76190473	-1.10389722
0.76923074	-3.05839605
0.77655675	-5.59914554
0.78388276	-7.14860623
0.79120876	-7.54300969
0.79853477	-6.64022040
0.80586078	-4.99035235
0.81318678	-2.17867340
0.82051279	-1.14706034
0.82783880	-3.58198771
0.83516481	-5.74954599
0.84249081	-7.43509525
0.84981682	-7.71375492
0.85714283	-6.89254456
0.86446883	-5.36751202
0.87179484	-2.62651752
0.87912085	-2.49174203
0.88644686	-5.12723686
0.89377286	-7.03800399
0.90109887	-8.42382284
0.90842488	-8.62836460
0.91575088	-7.23735184
0.92307689	-5.33942314
0.93040290	-2.80493672
0.93772890	-3.00725944
0.94505491	-5.56474935
0.95238092	-7.13826265
0.95970693	-8.70281248
0.96703293	-8.97751565
0.97435894	-7.67421385
0.98168495	-6.48199096
0.98901095	-4.97017648
0.99633696	-6.36626895
1.00366297	-8.79379633
1.01098898	-10.22745457
1.01831498	-11.42458488
1.02564099	-10.22048001
1.03296700	-8.94392219
1.04029300	-6.38737423
1.04761901	-5.23225096
1.05494502	-6.97615392
1.06227102	-8.80398605
1.06959703	-10.80942358
1.07692304	-11.24448437
1.08424905	-10.74101400
1.09157505	-10.11754057
1.09890106	-10.16242834
1.10622707	-8.67286242
1.11355307	-10.60704742
1.12087908	-12.35953502
1.12820509	-13.37617099
1.13553110	-12.85744539
1.14285710	-12.15322391
1.15018311	-10.09400024
1.15750912	-9.65629214
1.16483512	-11.88753465
1.17216113	-11.47488341
1.17948714	-12.86474860
1.18681314	-13.39198925
1.19413915	-13.10669590
1.20146516	-12.19821580
1.20879117	-11.70234311
1.21611717	-10.60608943
1.22344318	-12.57349550
1.23076919	-15.73279604
1.23809519	-16.78244002
1.24542120	-16.68167910
1.25274721	-16.00557097
1.26007322	-14.22119522
1.26739922	-12.38699665
1.27472523	-12.61015473
1.28205124	-14.46252402
1.28937724	-16.05849430
1.29670325	-16.93624057
1.30402926	-16.40810233
1.31135527	-15.70527873
1.31868127	-14.46004608
1.32600728	-14.15649426
1.33333329	-16.53497341
1.34065929	-18.75550875
1.34798530	-20.67662882
1.35531131	-20.88743393
1.36263731	-19.89838879
1.36996332	-18.76485323
1.37728933	-16.78703318
1.38461534	-17.60651293
1.39194134	-19.24401397
1.39926735	-20.60749153
1.40659336	-22.09736727
1.41391936	-22.91970021
1.42124537	-20.11950324
1.42857138	-18.56730682
1.43589739	-18.77107001
1.44322339	-20.81006677
1.45054940	-23.21056101
1.45787541	-24.91322371
1.46520141	-25.22358249
1.47252742	-24.79675493
1.47985343	-23.81149428
1.48717943	-22.75349067
1.49450544	-23.84237390
1.50183145	-25.62245000
1.50915746	-26.33321822
1.51648346	-26.35133664
1.52380947	-25.40573376
1.53113548	-24.42355000
1.53846148	-23.29279298
1.54578749	-24.29437414
1.55311350	-26.87347357
1.56043951	-29.18273984
1.56776551	-30.80380580
1.57509152	-31.55017757
1.58241753	-31.81353699
1.58974353	-30.89917492
1.59706954	-31.38937489
1.60439555	-33.98726269
1.61172155	-34.73440735
1.61904756	-34.21956382
1.62637357	-33.67251937
1.63369958	-32.08884900
1.64102558	-31.22628506
1.64835159	-31.20745342
1.65567760	-32.68259435
1.66300360	-37.02281181
1.67032961	-41.93271319
1.67765562	-40.11126123
1.68498163	-36.78651026
1.69230763	-36.29645321
1.69963364	-36.61520303
1.70695965	-38.44153851
1.71428565	-41.61572945
1.72161166	-50.94457649
1.72893767	-43.84918688
1.73626367	-42.39083845
1.74358968	-40.25876485
1.75091569	-39.58647252
1.75824170	-39.65470352
1.76556770	-40.84015403
1.77289371	-41.59506456
1.78021972	-41.06325684
1.78754572	-39.74221088
1.79487173	-40.60352373
1.80219774	-41.42581900
1.80952375	-41.94769394
1.81684975	-43.86131500
1.82417576	-46.13049356
1.83150177	-46.80714415
1.83882777	-46.13982031
1.84615378	-45.76198029
1.85347979	-45.62242802
1.86080580	-45.55348020
1.86813180	-46.63257687
1.87545781	-46.32436922
1.88278382	-44.77604700
1.89010982	-44.56442417
1.89743583	-44.39901400
1.90476184	-44.83683395
1.91208784	-46.05808435
1.91941385	-47.87591138
1.92673986	-48.45379961
1.93406587	-49.85246335
1.94139187	-51.11313323
1.94871788	-51.53843422
1.95604389	-51.36477715
1.96336989	-51.23389290
1.97069590	-50.48217145
1.97802191	-50.19686967
1.98534792	-49.60077872
1.99267392	-49.48989361
1.99999993	-49.09579358
2.00732594	-49.47903266
2.01465194	-51.08545036
2.02197795	-51.70201140
2.02930396	-51.31255416
2.03662996	-53.05780231
2.04395597	-54.35333094
2.05128198	-55.39897563
2.05860799	-58.67850324
2.06593399	-61.75051869
2.07326000	-59.09140152
2.08058601	-58.24613676
2.08791201	-58.71558792
2.09523802	-57.93801772
2.10256403	-58.77239208
2.10989004	-58.53676078
2.11721604	-59.06429404
2.12454205	-59.00207904
2.13186806	-61.25611255
2.13919406	-66.56877488
2.14652007	-68.33814920
2.15384608	-70.89421518
2.16117208	-66.46348468
2.16849809	-65.47945243
2.17582410	-68.82657374
2.18315011	-66.28030183
2.19047611	-63.06885720
2.19780212	-61.99507353
2.20512813	-62.06957903
2.21245413	-62.64899534
2.21978014	-62.86997028
2.22710615	-64.38879676
2.23443216	-65.54923668
2.24175816	-63.94327081
2.24908417	-61.93327284
2.25641018	-60.97240696
2.26373618	-60.01946413
2.27106219	-63.02975633
2.27838820	-62.17023572
2.28571420	-63.48710544
2.29304021	-62.94839742
2.30036622	-61.82067396
2.30769223	-60.86863006
2.31501823	-61.35539121
2.32234424	-61.97537191
2.32967025	-61.10904393
2.33699625	-63.27684485
2.34432226	-63.70545785
2.35164827	-64.15297045
2.35897428	-63.17538730
2.36630028	-63.90945534
2.37362629	-63.96352254
2.38095230	-62.95477241
2.38827830	-63.12835842
2.39560431	-65.06312563
2.40293032	-64.16855268
2.41025633	-64.83582345
2.41758233	-65.99577214
2.42490834	-65.77786813
2.43223435	-64.66904553
2.43956035	-64.73730347
2.44688636	-63.71060300
2.45421237	-65.61669605
2.46153837	-66.56768275
2.46886438	-64.98618176
2.47619039	-66.51199974
2.48351640	-65.49399868
2.49084240	-65.97486188
2.49816841	-67.19884400
2.50549442	-66.60298683
2.51282042	-68.18704309
2.52014643	-67.84663651
2.52747244	-68.84949933
2.53479845	-67.26133632
2.54212445	-67.84083248
2.54945046	-68.04667493
2.55677647	-66.73177744
2.56410247	-67.19398440
2.57142848	-66.54079238
2.57875449	-67.22361258
2.58608049	-66.88282980
2.59340650	-67.73534838
2.60073251	-66.96544429
2.60805852	-68.09541420
2.61538452	-67.80802098
2.62271053	-68.12896484
2.63003654	-69.01150546
2.63736254	-71.73886636
2.64468855	-69.01568153
2.65201456	-68.00319552
2.65934057	-67.17676496
2.66666657	-67.51800078
2.67399258	-68.75202554
2.68131859	-67.38570384
2.68864459	-68.59056772
2.69597060	-69.97343173
2.70329661	-69.48181423
2.71062261	-70.49106406
2.71794862	-69.26948210
2.72527463	-69.42422150
2.73260064	-70.01718262
2.73992664	-69.70516032
2.74725265	-70.77335691
2.75457866	-72.60259962
2.76190466	-70.51294753
2.76923067	-71.49160641
2.77655668	-70.57023723
2.78388269	-74.82502387
2.79120869	-75.73096194
2.79853470	-75.57598877
2.80586071	-73.50831142
2.81318671	-75.29868577
2.82051272	-71.06239175
2.82783873	-71.62875569
2.83516473	-72.26797444
2.84249074	-71.26873766
2.84981675	-70.85571124
2.85714276	-71.93139345
2.86446876	-69.92279088
2.87179477	-73.13728406
2.87912078	-71.36347431
2.88644678	-72.32339023
2.89377279	-70.67911096
2.90109880	-69.84040235
2.90842481	-70.52381065
2.91575081	-72.26834404
2.92307682	-70.64835367
2.93040283	-73.11509413
2.93772883	-73.86215202
2.94505484	-71.20527862
2.95238085	-73.50458799
2.95970686	-71.66136392
2.96703286	-71.88912978
2.97435887	-76.29067479
2.98168488	-76.36849077
2.98901088	-74.93596918
2.99633689	-78.05089067
3.00366290	-74.19224671
3.01098890	-80.35999460
3.01831491	-73.78309722
3.02564092	-75.18590026
3.03296693	-73.47728810
3.04029293	-76.85301026
3.04761894	-78.17892585
3.05494495	-75.79299701
3.06227095	-76.03498477
3.06959696	-76.37067230
3.07692297	-82.54033688
3.08424898	-79.72406065
3.09157498	-81.07206188
3.09890099	-82.57972785
3.10622700	-87.97868208
3.11355300	-77.17972242
3.12087901	-74.84369020
3.12820502	-74.50676674
3.13553102	-76.95551215
3.14285703	-80.04841845
3.15018304	-77.14512316
3.15750905	-77.36115270
3.16483505	-76.36667054
3.17216106	-83.48327922
3.17948707	-86.08978599
3.18681307	-77.71597672
3.19413908	-78.19057288
3.20146509	-80.09729625
3.20879110	-76.13303894
3.21611710	-81.86397248
3.22344311	-81.60311702
3.23076912	-83.04712115
3.23809512	-88.04442654
3.24542113	-83.58366544
3.25274714	-84.84660098
3.26007314	-86.05937070
3.26739915	-77.14843801
3.27472516	-77.77708705
3.28205117	-82.98000768
3.28937717	-77.05628464
3.29670318	-80.36327703
3.30402919	-77.19651549
3.31135519	-79.76309948
3.31868120	-75.27501501
3.32600721	-83.73921387
3.33333322	-82.40816527
3.34065922	-86.27540581
3.34798523	-86.05703493
3.35531124	-83.79871620
3.36263724	-90.56570612
3.36996325	-86.29846015
3.37728926	-83.35611613
3.38461527	-79.16907095
3.39194127	-78.73176755
3.39926728	-82.68661031
3.40659329	-81.81988189
3.41391929	-87.59577347
3.42124530	-86.22885994
3.42857131	-80.78184515
3.43589731	-86.49913457
3.44322332	-85.73828603
3.45054933	-80.65506636
3.45787534	-85.34310540
3.46520134	-80.45181722
3.47252735	-82.02067086
3.47985336	-83.33120305
3.48717936	-81.66131356
3.49450537	-89.47867186
3.50183138	-82.88645890
3.50915739	-88.86879472
3.51648339	-81.82436474
3.52380940	-85.58470600
3.53113541	-82.36137075
3.53846141	-85.71903517
3.54578742	-81.68210381
3.55311343	-90.79128730
3.56043943	-84.94771104
3.56776544	-88.95988830
3.57509145	-82.46972831
3.58241746	-79.01139800
3.58974346	-82.94514746
3.59706947	-89.44732088
3.60439548	-83.04203075
3.61172148	-94.19000208
3.61904749	-87.62959213
3.62637350	-79.64272084
3.63369951	-80.85217188
3.64102551	-84.71578622
3.64835152	-83.02734360
3.65567753	-82.19044658
3.66300353	-89.93634195
3.67032954	-92.60490444
3.67765555	-80.01091331
3.68498155	-82.34582384
3.69230756	-84.36598186
3.69963357	-82.58359479
3.70695958	-87.99339821
3.71428558	-80.60393375
3.72161159	-89.63923628
3.72893760	-82.91265806
3.73626360	-82.59649416
3.74358961	-85.14812212
3.75091562	-92.39398865
3.75824163	-87.58915249
3.76556763	-92.38980783
3.77289364	-78.36340965
3.78021965	-79.08704308
3.78754565	-82.99065809
3.79487166	-81.11388664
3.80219767	-86.79622225
3.80952367	-87.02150570
3.81684968	-90.80633399
3.82417569	-92.48268230
3.83150170	-85.61439938
3.83882770	-88.70839391
3.84615371	-80.72441702
3.85347972	-86.10409065
3.86080572	-82.30268620
3.86813173	-78.05300544
3.87545774	-79.47824196
3.88278375	-83.99104429
3.89010975	-87.78388814
3.89743576	-85.51794423
3.90476177	-90.23073091
3.91208777	-82.27250530
3.91941378	-88.55405332
3.92673979	-83.50251933
3.93406580	-81.34115574
3.94139180	-88.19935874
3.94871781	-95.35721955
3.95604382	-82.60188521
3.96336982	-83.05164919
3.97069583	-93.22411758
3.97802184	-91.31570104
3.98534784	-85.69684369
3.99267385	-84.61604194
3.99999986	-84.50675493
4.00732587	-86.51049500
4.01465187	-83.67268954
4.02197788	-84.49414439
4.02930389	-85.20953742
4.03662989	-95.58910325
4.04395590	-86.58959338
4.05128191	-91.13551732
4.05860792	-82.31065966
4.06593392	-89.36612684
4.07325993	-82.99626681
4.08058594	-95.15279632
4.08791194	-86.72328647
4.09523795	-92.18712764
4.10256396	-82.28764191
4.10988996	-89.23542258
4.11721597	-81.81715871
4.12454198	-89.08909207
4.13186799	-80.96362626
4.13919399	-91.56113880
4.14652000	-79.86266685
4.15384601	-87.36316152
4.16117201	-81.41427728
4.16849802	-84.57556388
4.17582403	-88.92654771
4.18315004	-94.62322377
4.19047604	-89.57125587
4.19780205	-85.58403718
4.20512806	-81.51271025
4.21245406	-82.89707711
4.21978007	-78.61988366
4.22710608	-90.89271236
4.23443208	-79.03337204
4.24175809	-79.90686463
4.24908410	-83.84905578
4.25641011	-83.11652379
4.26373611	-81.97221371
4.27106212	-84.20786064
4.27838813	-87.84187703
4.28571413	-86.67460651
4.29304014	-82.70387866
4.30036615	-81.75231978
4.30769216	-77.99296051
4.31501816	-84.77490773
4.32234417	-79.44569178
4.32967018	-79.72105407
4.33699618	-83.18340873
4.34432219	-98.23739453
4.35164820	-80.68185915
4.35897420	-83.68604951
4.36630021	-80.47225287
4.37362622	-79.09396416
4.38095223	-89.33866428
4.38827823	-76.35903370
4.39560424	-78.35506831
4.40293025	-83.05883337
4.41025625	-81.15316527
4.41758226	-99.12530535
4.42490827	-88.48369022
4.43223428	-87.29979092
4.43956028	-83.68122733
4.44688629	-85.61722833
4.45421230	-83.50176241
4.46153830	-91.33577925
4.46886431	-86.99546298
4.47619032	-86.06402667
4.48351633	-80.86295175
4.49084233	-91.83133473
4.49816834	-78.38795414
4.50549435	-80.84353403
4.51282035	-89.87079665
4.52014636	-88.27621043
4.52747237	-87.29547845
4.53479837	-81.41031000
4.54212438	-79.68451375
4.54945039	-80.24363582
4.55677640	-89.19399999
4.56410240	-76.34011590
4.57142841	-78.54575402
4.57875442	-105.55933376
4.58608042	-86.12289774
4.59340643	-89.68825989
4.60073244	-88.90070764
4.60805845	-82.10186563
4.61538445	-97.53116492
4.62271046	-85.21766925
4.63003647	-84.54496155
4.63736247	-78.26907236
4.64468848	-91.70880682
4.65201449	-78.13454119
4.65934049	-79.61417746
4.66666650	-79.16240663
4.67399251	-79.77967122
4.68131852	-78.70929781
4.68864452	-79.87488387
4.69597053	-80.68539305
4.70329654	-94.38901518
4.71062254	-88.67075304
4.71794855	-91.62128783
4.72527456	-79.28963017
4.73260057	-81.76875606
4.73992657	-81.33472343
4.74725258	-80.14156012
4.75457859	-88.73803178
4.76190459	-80.62969691
4.76923060	-87.78646761
4.77655661	-78.57636713
4.78388261	-81.89036414
4.79120862	-79.79861433
4.79853463	-83.68203768
4.80586064	-89.65938795
4.81318664	-85.97504435
4.82051265	-96.34358270
4.82783866	-91.38604600
4.83516466	-81.05678550
4.84249067	-83.50454617
4.84981668	-81.40032284
4.85714269	-80.34541276
4.86446869	-95.69985796
4.87179470	-94.29158514
4.87912071	-92.28893525
4.88644671	-86.52446711
4.89377272	-83.69592470
4.90109873	-81.48555563
4.90842473	-81.92749620
4.91575074	-87.46813949
4.92307675	-91.63260566
4.93040276	-84.97480777
4.93772876	-85.81441799
4.94505477	-82.44555282
4.95238078	-83.93775101
4.95970678	-82.85170717
4.96703279	-82.11251857
4.97435880	-82.27435942
4.98168481	-81.43970561
4.98901081	-84.81473333
4.99633682	-85.29711875
5.00366283	-92.74006701
5.01098883	-81.76792008
5.01831484	-83.92361289
5.02564085	-83.72507747
5.03296686	-94.44650771
5.04029286	-86.74326493
5.04761887	-105.82786098
5.05494488	-95.89761299
5.06227088	-83.18885178
5.06959689	-82.62263351
5.07692290	-86.32420302
5.08424890	-78.91829484
5.09157491	-78.83674975
5.09890092	-89.53941303
5.10622693	-84.93100522
5.11355293	-81.00505447
5.12087894	-81.40642687
5.12820495	-86.01218806
5.13553095	-79.14894534
5.14285696	-82.09151037
5.15018297	-86.16704255
5.15750898	-85.00858301
5.16483498	-86.14635702
5.17216099	-88.28850812
5.17948700	-97.09722557
5.18681300	-96.64002367
5.19413901	-87.71057943
5.20146502	-86.06960411
5.20879102	-95.27719615
5.21611703	-92.95256208
5.22344304	-82.92533106
5.23076905	-83.31500082
5.23809505	-91.55243001
5.24542106	-91.36713959
5.25274707	-80.62792284
5.26007307	-82.10236954
5.26739908	-89.72000589
5.27472509	-79.60850475
5.28205110	-87.73915082
5.28937710	-81.11908903
5.29670311	-85.04017989
5.30402912	-85.03259016
5.31135512	-90.83645443
5.31868113	-81.28957173
5.32600714	-85.41327051
5.33333314	-83.98878280
5.34065915	-93.40612240
5.34798516	-97.41813724
5.35531117	-82.36781443
5.36263717	-83.30403535
5.36996318	-85.95803397
5.37728919	-82.03495815
5.38461519	-92.55352045
5.39194120	-87.54219526
5.39926721	-81.98909027
5.40659322	-83.20428656
5.41391922	-84.09050728
5.42124523	-92.92823566
5.42857124	-104.02878588
5.43589724	-86.26389240
5.44322325	-96.37830209
5.45054926	-84.44356737
5.45787527	-86.67913497
5.46520127	-86.64327999
5.47252728	-81.75558398
5.47985329	-78.48111067
5.48717929	-81.77334963
5.49450530	-85.65464052
5.50183131	-100.51593633
5.50915731	-89.27239550
5.51648332	-81.66314937
5.52380933	-96.86671298
5.53113534	-91.03835891
5.53846134	-83.16121069
5.54578735	-84.33672304
5.55311336	-89.57896272
5.56043936	-88.68116321
5.56776537	-87.72468289
5.57509138	-88.23351555
5.58241739	-87.11001650
5.58974339	-95.93446970
5.59706940	-88.69714116
5.60439541	-83.88014104
5.61172141	-89.24733165
5.61904742	-88.36748658
5.62637343	-86.59983705
5.63369943	-82.79472729
5.64102544	-83.51958696
5.64835145	-91.56181481
5.65567746	-81.58979218
5.66300346	-83.11910619
5.67032947	-90.12772214
5.67765548	-90.52787932
5.68498148	-89.11900821
5.69230749	-89.48389164
5.69963350	-82.43644777
5.70695951	-82.13225573
5.71428551	-90.83873125
5.72161152	-88.76099634
5.72893753	-92.76625947
5.73626353	-100.10118114
5.74358954	-89.92635399
5.75091555	-83.88744965
5.75824155	-82.59126429
5.76556756	-89.68046205
5.77289357	-94.18054044
5.78021958	-88.02488330
5.78754558	-89.13450264
5.79487159	-87.48153236
5.80219760	-83.52598480
5.80952360	-85.11524192
5.81684961	-90.28209756
5.82417562	-92.58225174
5.83150163	-106.93835069
5.83882763	-83.38663697
5.84615364	-88.20348720
5.85347965	-96.24535081
5.86080565	-85.85355744
5.86813166	-92.09436131
5.87545767	-83.29288248
5.88278367	-82.63788017
5.89010968	-91.25980242
5.89743569	-87.50312618
5.90476170	-86.68028658
5.91208770	-93.41295940
5.91941371	-84.86656799
5.92673972	-89.49406727
5.93406572	-98.63889473
5.94139173	-88.35445134
5.94871774	-81.61532142
5.95604375	-95.30036285
5.96336975	-81.09033612
5.97069576	-105.98982509
5.97802177	-82.82340719
5.98534777	-93.79533999
5.99267378	-86.82591447
5.99999979	-94.06111833
6.00732580	-95.17272761
6.01465180	-99.36582283
6.02197781	-88.12437744
6.02930382	-91.32098435
6.03662982	-84.16788317
6.04395583	-85.27953854
6.05128184	-84.25225270
6.05860784	-86.44623590
6.06593385	-79.75917468
6.07325986	-90.52212214
6.08058587	-86.62801913
6.08791187	-84.13057078
6.09523788	-84.07648111
6.10256389	-84.07805934
6.10988989	-86.92496816
6.11721590	-90.63488160
6.12454191	-84.42140643
6.13186792	-90.30045682
6.13919392	-80.00867310
6.14651993	-95.07447211
6.15384594	-86.14700784
6.16117194	-95.52290988
6.16849795	-83.19829958
6.17582396	-81.56606333
6.18314996	-86.00397769
6.19047597	-91.90334980
6.19780198	-90.50238170
6.20512799	-87.05419693
6.21245399	-86.55826251
6.21978000	-82.96270115
6.22710601	-91.23867385
6.23443201	-83.59402543
6.24175802	-92.91805672
6.24908403	-89.37245105
6.25641004	-81.74962198
6.26373604	-87.01249557
6.27106205	-85.95641735
6.27838806	-90.07116197
6.28571406	-85.52583263
6.29304007	-80.96155016
6.30036608	-82.35687219
6.30769208	-87.76220722
6.31501809	-91.73294251
6.32234410	-83.38563878
6.32967011	-92.56494057
6.33699611	-84.63918536
6.34432212	-90.35420256
6.35164813	-118.03250933
6.35897413	-85.41536577
6.36630014	-83.10026878
6.37362615	-98.14924994
6.38095216	-85.08806016
6.38827816	-86.82934826
6.39560417	-87.19043708
6.40293018	-83.06637498
6.41025618	-79.67989449
6.41758219	-83.55915953
6.42490820	-92.49685812
6.43223420	-82.80304162
6.43956021	-79.23550356
6.44688622	-85.05775518
6.45421223	-78.77070140
6.46153823	-81.72429555
6.46886424	-84.10595551
6.47619025	-81.06707112
6.48351625	-90.42700701
6.49084226	-83.11302072
6.49816827	-83.93651526
6.50549428	-83.01118513
6.51282028	-80.98500289
6.52014629	-85.47565785
6.52747230	-91.27587516
6.53479830	-90.25768055
6.54212431	-91.66961741
6.54945032	-86.74739948
6.55677633	-100.15136873
6.56410233	-79.64307283
6.57142834	-80.82279463
6.57875435	-83.81597141
6.58608035	-79.98898092
6.59340636	-90.52096769
6.60073237	-89.16217061
6.60805837	-89.08945858
6.61538438	-81.04913461
6.62271039	-83.78678834
6.63003640	-90.51341162
6.63736240	-80.58770475
6.64468841	-86.21911106
6.65201442	-81.18980574
6.65934042	-101.98205035
6.66666643	-93.95567461
6.67399244	-83.03180315
6.68131845	-95.55238059
6.68864445	-88.35651427
6.69597046	-82.74988312
6.70329647	-92.22620911
6.71062247	-78.20794610
6.71794848	-89.60713195
6.72527449	-79.10886574
6.73260049	-88.42323931
6.73992650	-84.57732435
6.74725251	-82.08137953
6.75457852	-84.04364520
6.76190452	-83.47293693
6.76923053	-83.53937016
6.77655654	-89.77632285
6.78388254	-88.57562011
6.79120855	-88.26120306
6.79853456	-87.46810003
6.80586057	-82.17961186
6.81318657	-84.06861322
6.82051258	-95.96357094
6.82783859	-85.72667355
6.83516459	-88.88109479
6.84249060	-88.20828846
6.84981661	-87.04920490
6.85714261	-88.45161351
6.86446862	-97.12101344
6.87179463	-97.03600577
6.87912064	-86.08362848
6.88644664	-90.63531037
6.89377265	-87.60607790
6.90109866	-90.74116930
6.90842466	-83.39472374
6.91575067	-83.89684365
6.92307668	-82.85203328
6.93040269	-85.56318197
6.93772869	-85.84312401
6.94505470	-93.94764218
6.95238071	-80.47576209
6.95970671	-85.06464157
6.96703272	-86.29479716
6.97435873	-84.71186708
6.98168473	-97.21201944
6.98901074	-86.99504616
6.99633675	-90.65043865
7.00366276	-96.64162776
7.01098876	-91.40838933
7.01831477	-86.61401951
7.02564078	-85.32380221
7.03296678	-83.51743869
7.04029279	-82.18386190
7.04761880	-96.88734011
7.05494481	-97.64879067
7.06227081	-80.58059717
7.06959682	-80.44884163
7.07692283	-89.93192351
7.08424883	-84.61069545
7.09157484	-86.28043236
7.09890085	-85.87882271
7.10622686	-84.42603545
7.11355286	-87.29774454
7.12087887	-89.80896138
7.12820488	-83.96241119
7.13553088	-95.06575257
7.14285689	-86.17696155
7.15018290	-86.76990800
7.15750890	-82.76723853
7.16483491	-96.86994714
7.17216092	-94.74311110
7.17948693	-96.03204562
7.18681293	-87.79789873
7.19413894	-83.56667972
7.20146495	-86.06844929
7.20879095	-87.99025205
7.21611696	-79.55898962
7.22344297	-86.02691502
7.23076898	-89.27021246
7.23809498	-93.48723393
7.24542099	-87.25615238
7.25274700	-88.92881652
7.26007300	-80.92208544
7.26739901	-80.24409900
7.27472502	-88.65200632
7.28205102	-82.52481101
7.28937703	-89.17659675
7.29670304	-90.32288691
7.30402905	-109.13585075
7.31135505	-89.24743363
7.31868106	-96.06345842
7.32600707	-80.99705534
7.33333307	-85.01670872
7.34065908	-88.95889796
7.34798509	-102.01327178
7.35531110	-85.37464500
7.36263710	-95.22788055
7.36996311	-85.24757098
7.37728912	-85.37757939
7.38461512	-93.92451345
7.39194113	-87.82036260
7.39926714	-80.52499717
7.40659314	-80.33455589
7.41391915	-84.26109180
7.42124516	-88.33364198
7.42857117	-82.48476737
7.43589717	-86.30404616
7.44322318	-94.58403680
7.45054919	-105.83304798
7.45787519	-94.50983056
7.46520120	-102.05489447
7.47252721	-83.64927562
7.47985322	-81.42180815
7.48717922	-85.38481008
7.49450523	-94.05560816
7.50183124	-80.99653318
7.50915724	-92.63090077
7.51648325	-81.52284208
7.52380926	-83.89794698
7.53113526	-80.59563179
7.53846127	-85.43905403
7.54578728	-86.82900326
7.55311329	-82.04953034
7.56043929	-78.17989251
7.56776530	-89.44535115
7.57509131	-88.42710859
7.58241731	-83.43412656
7.58974332	-82.16547441
7.59706933	-87.22503376
7.60439534	-80.46964035
7.61172134	-83.51814403
7.61904735	-81.80659560
7.62637336	-83.46920094
7.63369936	-91.25128150
7.64102537	-87.21510502
7.64835138	-82.53969051
7.65567739	-88.93721530
7.66300339	-83.51246048
7.67032940	-82.96391648
7.67765541	-94.47149377
7.68498141	-90.40756687
7.69230742	-91.15511725
7.69963343	-95.17103310
7.70695943	-85.22671646
7.71428544	-86.27368111
7.72161145	-89.60515890
7.72893746	-91.54576041
7.73626346	-86.65236076
7.74358947	-98.80428927
7.75091548	-87.66548858
7.75824148	-89.36450412
7.76556749	-89.99601639
7.77289350	-84.90853719
7.78021951	-88.74256947
7.78754551	-88.43280944
7.79487152	-82.93253016
7.80219753	-81.39978540
7.80952353	-89.61548306
7.81684954	-93.12744938
7.82417555	-85.97750857
7.83150155	-84.35468926
7.83882756	-87.02458758
7.84615357	-86.19849730
7.85347958	-86.03583191
7.86080558	-95.33979984
7.86813159	-85.51708690
7.87545760	-82.80888717
7.88278360	-93.43257032
7.89010961	-84.75055230
7.89743562	-78.42982032
7.90476163	-81.61834950
7.91208763	-89.71747884
7.91941364	-83.45718009
7.92673965	-87.43874341
7.93406565	-84.74727624
7.94139166	-79.28340945
7.94871767	-85.01856776
7.95604367	-95.42820549
7.96336968	-81.48302853
7.97069569	-81.24689957
7.97802170	-98.41893911
7.98534770	-84.41785085
7.99267371	-92.74996583
7.99999972	-95.31627146
8.00732572	-83.10177772
8.01465173	-84.99959301
8.02197774	-83.90264900
8.02930375	-84.95366721
8.03662975	-87.59180810
8.04395576	-89.24437065
8.05128177	-89.37383879
8.05860777	-90.29976494
8.06593378	-87.04948776
8.07325979	-86.39978206
8.08058580	-92.33960530
8.08791180	-81.51278529
8.09523781	-80.73305897
8.10256382	-111.07499470
8.10988982	-85.59086333
8.11721583	-88.29709758
8.12454184	-90.36344655
8.13186784	-91.63159315
8.13919385	-87.09715117
8.14651986	-84.80424028
8.15384587	-86.12780049
8.16117187	-81.04099275
8.16849788	-85.53155235
8.17582389	-84.51690040
8.18314989	-86.39131993
8.19047590	-96.90290672
8.19780191	-91.31770457
8.20512792	-90.92790062
8.21245392	-84.16258576
8.21977993	-88.06889551
8.22710594	-79.84953793
8.23443194	-85.77976043
8.24175795	-81.39608908
8.24908396	-84.32756129
8.25640996	-90.26313069
8.26373597	-84.83974403
8.27106198	-86.59430954
8.27838799	-90.87596059
8.28571399	-83.38651835
8.29304000	-86.00204073
8.30036601	-88.00921294
8.30769201	-82.91599391
8.31501802	-86.03978574
8.32234403	-87.59737365
8.32967004	-88.81045467
8.33699604	-102.71650658
8.34432205	-85.41347420
8.35164806	-86.14643171
8.35897406	-94.36732482
8.36630007	-90.23132143
8.37362608	-88.72536542
8.38095208	-86.12423374
8.38827809	-92.61539465
8.39560410	-83.38140188
8.40293011	-94.32199000
8.41025611	-100.22145371
8.41758212	-92.99181769
8.42490813	-83.72623759
8.43223413	-83.50479239
8.43956014	-91.51755880
8.44688615	-85.46481457
8.45421216	-81.29491603
8.46153816	-93.24934941
8.46886417	-98.30848780
8.47619018	-90.13787657
8.48351618	-82.86092796
8.49084219	-79.22772062
8.49816820	-86.66401536
8.50549420	-82.41287282
8.51282021	-85.91400512
8.52014622	-96.87965790
8.52747223	-85.13400161
8.53479823	-94.00366956
8.54212424	-82.10854641
8.54945025	-86.81130264
8.55677625	-99.32396092
8.56410226	-91.41264190
8.57142827	-86.55493535
8.57875428	-89.10242356
8.58608028	-93.40582693
8.59340629	-89.89938244
8.60073230	-85.95126698
8.60805830	-87.04979618
8.61538431	-86.28880705
8.62271032	-82.32329918
8.63003633	-90.55296756
8.63736233	-87.74653614
8.64468834	-93.57441683
8.65201435	-82.86597913
8.65934035	-90.66111585
8.66666636	-86.36314691
8.67399237	-85.81974961
8.68131837	-100.78159591
8.68864438	-91.08725610
8.69597039	-84.56237116
8.70329640	-90.87435202
8.71062240	-93.94154071
8.71794841	-87.47403879
8.72527442	-84.76770737
8.73260042	-82.46845951
8.73992643	-87.43077479
8.74725244	-85.98024829
8.75457845	-86.67796824
8.76190445	-87.39999970
8.76923046	-83.62246799
8.77655647	-86.78399321
8.78388247	-79.80784166
8.79120848	-83.83111214
8.79853449	-89.66478151
8.80586049	-87.49585007
8.81318650	-87.80349016
8.82051251	-84.71593795
8.82783852	-84.95449029
8.83516452	-87.11736746
8.84249053	-79.18975084
8.84981654	-82.52280201
8.85714254	-84.40625237
8.86446855	-78.30815739
8.87179456	-84.95536577
8.87912057	-82.89073744
8.88644657	-82.91092245
8.89377258	-89.69405695
8.90109859	-91.33014637
8.90842459	-100.70612120
8.91575060	-83.62026675
8.92307661	-82.29416934
8.93040261	-96.55322941
8.93772862	-91.48262199
8.94505463	-90.17672296
8.95238064	-93.06266732
8.95970664	-86.60080084
8.96703265	-90.75313714
8.97435866	-85.05064387
8.98168466	-86.22586198
8.98901067	-84.33677385
8.99633668	-95.50820484
9.00366269	-86.43129014
9.01098869	-89.13506815
9.01831470	-86.62078604
9.02564071	-84.87781177
9.03296671	-89.17659965
9.04029272	-82.81359225
9.04761873	-91.18836868
9.05494473	-85.39340724
9.06227074	-92.16576588
9.06959675	-84.47964588
9.07692276	-84.07966106
9.08424876	-83.33490365
9.09157477	-92.68418767
9.09890078	-84.21132519
9.10622678	-87.26701489
9.11355279	-84.34841574
9.12087880	-85.33874345
9.12820481	-94.42856076
9.13553081	-96.25442011
9.14285682	-99.72965969
9.15018283	-88.05955000
9.15750883	-84.40305723
9.16483484	-88.01481497
9.17216085	-85.80995180
9.17948686	-84.07188580
9.18681286	-82.27431592
9.19413887	-83.10329765
9.20146488	-86.16255420
9.20879088	-83.74847277
9.21611689	-85.25091622
9.22344290	-82.27405361
9.23076890	-93.55668210
9.23809491	-84.46814281
9.24542092	-85.30955677
9.25274693	-88.42298116
9.26007293	-83.19466376
9.26739894	-91.36631870
9.27472495	-88.92643751
9.28205095	-78.39361986
9.28937696	-81.27252924
9.29670297	-80.91478561
9.30402898	-88.29655050
9.31135498	-83.92097092
9.31868099	-84.47218369
9.32600700	-88.31909539
9.33333300	-81.57300551
9.34065901	-103.58117251
9.34798502	-80.22128634
9.35531102	-88.17918662
9.36263703	-99.37428698
9.36996304	-95.31904164
9.37728905	-83.98468057
9.38461505	-86.18815896
9.39194106	-82.95831227
9.39926707	-87.51331321
9.40659307	-87.96078357
9.41391908	-88.48790865
9.42124509	-89.28560578
9.42857110	-86.37649788
9.43589710	-86.18657422
9.44322311	-84.96510638
9.45054912	-86.16439211
9.45787512	-85.63575757
9.46520113	-99.29582446
9.47252714	-87.54605112
9.47985314	-83.09269497
9.48717915	-95.65734888
9.49450516	-86.17425019
9.50183117	-84.15664516
9.50915717	-91.06504555
9.51648318	-88.36280159
9.52380919	-81.40108900
9.53113519	-91.32441437
9.53846120	-82.48466372
9.54578721	-88.26869888
9.55311322	-83.91217614
9.56043922	-89.15191030
9.56776523	-81.85090485
9.57509124	-87.88634721
9.58241724	-84.06092361
9.58974325	-81.24436553
9.59706926	-102.97531852
9.60439526	-83.96911330
9.61172127	-90.45595525
9.61904728	-86.70759055
9.62637329	-79.25010516
9.63369929	-84.53509216
9.64102530	-81.95439023
9.64835131	-88.29308408
9.65567731	-80.11570279
9.66300332	-83.57733040
9.67032933	-98.16749960
9.67765534	-83.12004227
9.68498134	-80.95247369
9.69230735	-88.62341677
9.69963336	-81.22055081
9.70695936	-82.36463451
9.71428537	-84.67040188
9.72161138	-88.18842165
9.72893739	-84.88078022
9.73626339	-89.06008555
9.74358940	-79.01126009
9.75091541	-85.02776275
9.75824141	-82.58753406
9.76556742	-93.78728531
9.77289343	-82.48396548
9.78021943	-90.07404160
9.78754544	-84.89850655
9.79487145	-96.25768548
9.80219746	-90.13875528
9.80952346	-93.18829969
9.81684947	-80.24626967
9.82417548	-80.35710966
9.83150148	-83.97065394
9.83882749	-84.72674541
9.84615350	-81.73273041
9.85347951	-85.18927452
9.86080551	-84.33469704
9.86813152	-88.53580969
9.87545753	-86.24259237
9.88278353	-87.62698281
9.89010954	-86.34941769
9.89743555	-90.29273513
9.90476155	-86.67562034
9.91208756	-82.20328811
9.91941357	-84.60328591
9.92673958	-89.14857466
9.93406558	-98.22673812
9.94139159	-87.27071139
9.94871760	-87.37472195
9.95604360	-91.83830864
9.96336961	-108.73653893
9.97069562	-81.97822462
9.97802163	-82.28530722
9.98534763	-87.78766466
9.99267364	-82.82871916
9.99999965	-109.56591031
10.00732565	-88.72673401
10.01465166	-104.85176042
10.02197767	-92.16865310
10.02930367	-90.89164001
10.03662968	-93.59499605
10.04395569	-88.10077635
10.05128170	-86.65936709
10.05860770	-95.57979919
10.06593371	-89.47234505
10.07325972	-80.08578136
10.08058572	-80.40769589
10.08791173	-83.74004069
10.09523774	-84.85342998
10.10256375	-96.41956865
10.10988975	-88.37520385
10.11721576	-81.51456628
10.12454177	-79.62940759
10.13186777	-86.82720078
10.13919378	-92.67059659
10.14651979	-104.55086458
10.15384580	-93.92761109
10.16117180	-81.86958851
10.16849781	-81.47671174
10.17582382	-87.79007799
10.18314982	-86.40036031
10.19047583	-85.47088025
10.19780184	-85.53531475
10.20512784	-107.18194909
10.21245385	-83.03797628
10.21977986	-81.11051286
10.22710587	-86.20450654
10.23443187	-90.87125794
10.24175788	-98.32442679
10.24908389	-90.63422347
10.25640989	-85.34101181
10.26373590	-80.64057998
10.27106191	-82.82728946
10.27838792	-79.57981828
10.28571392	-87.57069640
10.29303993	-81.41261592
10.30036594	-83.94498964
10.30769194	-87.16540225
10.31501795	-86.06669809
10.32234396	-86.49908591
10.32966996	-85.49476622
10.33699597	-84.72228537
10.34432198	-105.79744128
10.35164799	-86.06327829
10.35897399	-76.83028302
10.36630000	-86.00453635
10.37362601	-84.88496713
10.38095201	-91.35623421
10.38827802	-83.32044273
10.39560403	-85.09968103
10.40293004	-101.31885046
10.41025604	-87.65621436
10.41758205	-101.56991921
10.42490806	-96.17235977
10.43223406	-99.44340488
10.43956007	-86.80923764
10.44688608	-90.95210039
10.45421208	-82.43294112
10.46153809	-93.76945274
10.46886410	-84.80278334
10.47619011	-88.21890800
10.48351611	-83.49090146
10.49084212	-85.87548202
10.49816813	-88.41155264
10.50549413	-79.44917999
10.51282014	-94.47131208
10.52014615	-80.42207879
10.52747216	-103.60621819
10.53479816	-87.53037676
10.54212417	-86.83311139
10.54945018	-91.86478875
10.55677618	-88.33342964
10.56410219	-99.81347431
10.57142820	-92.50511399
10.57875420	-87.71455440
10.58608021	-81.59062299
10.59340622	-92.67072055
10.60073223	-88.92495513
10.60805823	-99.54014993
10.61538424	-88.47930953
10.62271025	-92.96584462
10.63003625	-87.05991080
10.63736226	-91.35196251
10.64468827	-88.72167120
10.65201428	-81.54256067
10.65934028	-93.75736874
10.66666629	-82.51848831
10.67399230	-94.86301504
10.68131830	-94.24333861
10.68864431	-83.74246401
10.69597032	-82.77868501
10.70329633	-97.15029506
10.71062233	-86.71280187
10.71794834	-91.26423688
10.72527435	-89.68966646
10.73260035	-82.87260595
10.73992636	-89.99663521
10.74725237	-84.64563741
10.75457837	-90.93850789
10.76190438	-85.36948209
10.76923039	-90.16706081
10.77655640	-81.76698704
10.78388240	-85.65955822
10.79120841	-85.08250197
10.79853442	-86.29896445
10.80586042	-77.34154729
10.81318643	-76.87430799
10.82051244	-79.96775037
10.82783845	-89.56675926
10.83516445	-87.01787662
10.84249046	-85.82563973
10.84981647	-98.15058168
10.85714247	-97.02864680
10.86446848	-89.94341585
10.87179449	-94.07775571
10.87912049	-81.34914960
10.88644650	-85.40581868
10.89377251	-90.68980684
10.90109852	-88.99899871
10.90842452	-86.12401416
10.91575053	-99.93225192
10.92307654	-85.70810567
10.93040254	-83.05199884
10.93772855	-82.55022651
10.94505456	-84.19603021
10.95238057	-83.46176204
10.95970657	-90.91886403
10.96703258	-91.34827160
10.97435859	-89.20935382
10.98168459	-96.88905022
10.98901060	-84.67731173
10.99633661	-92.12743504
11.00366261	-90.03536025
11.01098862	-99.41250686
11.01831463	-86.32646547
11.02564064	-92.98868780
11.03296664	-88.95136465
11.04029265	-83.63577261
11.04761866	-81.86492957
11.05494466	-95.48837975
11.06227067	-86.35895783
11.06959668	-88.56148469
11.07692269	-85.33578138
11.08424869	-95.55592347
11.09157470	-92.03416780
11.09890071	-81.17193720
11.10622671	-87.99896662
11.11355272	-87.69080088
11.12087873	-95.21669148
11.12820473	-93.95172617
11.13553074	-97.39506487
11.14285675	-84.76918031
11.15018276	-86.11018997
11.15750876	-94.03438471
11.16483477	-85.35066855
11.17216078	-94.56147231
11.17948678	-79.34634747
11.18681279	-91.51844175
11.19413880	-94.35519081
11.20146481	-86.03447684
11.20879081	-86.29206089
11.21611682	-92.68435048
11.22344283	-89.57011144
11.23076883	-102.38755601
11.23809484	-90.81879083
11.24542085	-90.48350489
11.25274686	-86.86272770
11.26007286	-92.80792922
11.26739887	-94.19278387
11.27472488	-89.63112053
11.28205088	-92.56470450
11.28937689	-88.37349421
11.29670290	-99.17316960
11.30402890	-84.01713329
11.31135491	-85.87664825
11.31868092	-81.93569533
11.32600693	-105.47625592
11.33333293	-90.37013830
11.34065894	-88.41253143
11.34798495	-87.23116594
11.35531095	-85.56759135
11.36263696	-86.10569777
11.36996297	-91.33458529
11.37728898	-84.63980536
11.38461498	-83.68488369
11.39194099	-86.77936688
11.39926700	-88.28711385
11.40659300	-84.33047356
11.41391901	-90.37173281
11.42124502	-81.08968630
11.42857102	-89.12462297
11.43589703	-85.80791502
11.44322304	-86.59640030
11.45054905	-88.39136516
11.45787505	-82.14478540
11.46520106	-83.80631233
11.47252707	-91.55641329
11.47985307	-87.87171318
11.48717908	-86.43111454
11.49450509	-88.53566822
11.50183110	-86.03412374
11.50915710	-97.25109927
11.51648311	-91.31662009
11.52380912	-100.30869049
11.53113512	-85.71901519
11.53846113	-86.59648093
11.54578714	-87.41446371
11.55311314	-80.72504080
11.56043915	-83.44260870
11.56776516	-81.96341382
11.57509117	-97.49472506
11.58241717	-83.15113917
11.58974318	-94.64523253
11.59706919	-85.64122232
11.60439519	-88.64413276
11.61172120	-84.59926245
11.61904721	-87.35750496
11.62637322	-82.08308669
11.63369922	-82.96746610
11.64102523	-84.20454885
11.64835124	-88.37352628
11.65567724	-85.92570883
11.66300325	-86.05872314
11.67032926	-97.81728435
11.67765526	-82.34470004
11.68498127	-88.38598548
11.69230728	-91.78211832
11.69963329	-102.64656744
11.70695929	-86.84565251
11.71428530	-87.82231454
11.72161131	-85.60167549
11.72893731	-83.62675466
11.73626332	-101.15054622
11.74358933	-88.97702837
11.75091534	-84.23312189
11.75824134	-84.11655552
11.76556735	-92.85706662
11.77289336	-90.47603826
11.78021936	-105.06184375
11.78754537	-86.75272958
11.79487138	-93.25574499
11.80219739	-84.16277890
11.80952339	-102.16561355
11.81684940	-86.24077646
11.82417541	-80.96185727
11.83150141	-80.92677288
11.83882742	-103.24490993
11.84615343	-84.83574020
11.85347943	-97.17492857
11.86080544	-82.40411309
11.86813145	-85.25234539
11.87545746	-98.79811544
11.88278346	-90.21734857
11.89010947	-86.27634294
11.89743548	-84.75536986
11.90476148	-94.86623817
11.91208749	-86.55212074
11.91941350	-101.28870350
11.92673951	-92.54330813
11.93406551	-84.73144583
11.94139152	-82.49307021
11.94871753	-99.25256358
11.95604353	-96.90106403
11.96336954	-83.65133861
11.97069555	-84.72838401
11.97802155	-84.20795956
11.98534756	-89.21095693
11.99267357	-85.30694318
11.99999958	-86.73426711
12.00732558	-86.19159750
12.01465159	-91.33468168
12.02197760	-85.84082607
12.02930360	-82.33600827
12.03662961	-86.96454906
12.04395562	-90.98363106
12.05128163	-84.63602588
12.05860763	-89.90272446
12.06593364	-95.15289712
12.07325965	-95.74590204
12.08058565	-90.02157544
12.08791166	-88.68398912
12.09523767	-99.11849811
12.10256367	-84.58881830
12.10988968	-82.75293659
12.11721569	-89.77835941
12.12454170	-88.08918804
12.13186770	-92.12572918
12.13919371	-92.84917751
12.14651972	-93.08383729
12.15384572	-91.55729214
12.16117173	-87.84503874
12.16849774	-95.45078088
12.17582375	-83.03885291
12.18314975	-80.32578498
12.19047576	-83.00163607
12.19780177	-96.71013812
12.20512777	-89.06559296
12.21245378	-90.84348172
12.21977979	-103.29874494
12.22710580	-87.05087366
12.23443180	-95.99575403
12.24175781	-89.83873151
12.24908382	-97.96838333
12.25640982	-90.16772742
12.26373583	-89.58710627
12.27106184	-93.93253981
12.27838784	-92.47304725
12.28571385	-96.61352731
12.29303986	-99.32549642
12.30036587	-90.14252094
12.30769187	-85.11947864
12.31501788	-81.26782392
12.32234389	-88.56400301
12.32966989	-84.93976853
12.33699590	-95.14470170
12.34432191	-96.28166923
12.35164792	-95.81293096
12.35897392	-90.84723999
12.36629993	-82.23644983
12.37362594	-81.39132796
12.38095194	-81.59137125
12.38827795	-87.33670595
12.39560396	-80.84135572
12.40292996	-92.12840434
12.41025597	-82.57082820
12.41758198	-91.51442638
12.42490799	-91.74148598
12.43223399	-86.28140155
12.43956000	-92.89787852
12.44688601	-85.45239435
12.45421201	-99.29057652
12.46153802	-91.97956498
12.46886403	-86.95912838
12.47619004	-95.29661764
12.48351604	-92.35907145
12.49084205	-90.25450396
12.49816806	-87.94345485
12.50549406	-89.19736203
12.51282007	-92.52800674
12.52014608	-96.85167946
12.52747208	-87.95371050
12.53479809	-98.07583813
12.54212410	-83.22038449
12.54945011	-86.46719994
12.55677611	-87.74147018
12.56410212	-82.76926952
12.57142813	-83.13814506
12.57875413	-83.41454862
12.58608014	-83.43310511
12.59340615	-85.33230300
12.60073216	-98.80880580
12.60805816	-88.91165638
12.61538417	-91.53027273
12.62271018	-89.92180652
12.63003618	-81.30438960
12.63736219	-83.13666927
12.64468820	-94.48934857
12.65201420	-85.49410265
12.65934021	-84.01013172
12.66666622	-85.90849483
12.67399223	-88.50786240
12.68131823	-84.18360565
12.68864424	-87.30592019
12.69597025	-81.54960582
12.70329625	-95.99408733
12.71062226	-88.38816909
12.71794827	-88.37074200
12.72527428	-89.73099695
12.73260028	-97.44986067
12.73992629	-91.63621276
12.74725230	-82.47682903
12.75457830	-81.76204363
12.76190431	-90.74974466
12.76923032	-83.94221444
12.77655633	-86.09380113
12.78388233	-98.92464406
12.79120834	-91.38480422
12.79853435	-85.37514178
12.80586035	-92.65297030
12.81318636	-89.09005221
12.82051237	-96.62719783
12.82783837	-89.61218737
12.83516438	-87.34566205
12.84249039	-84.06999128
12.84981640	-92.09481073
12.85714240	-79.92384826
12.86446841	-85.99449938
12.87179442	-83.99041528
12.87912042	-83.08223057
12.88644643	-86.64067835
12.89377244	-86.60754493
12.90109845	-91.16647167
12.90842445	-94.64424714
12.91575046	-97.58704896
12.92307647	-90.94389370
12.93040247	-91.07788403
12.93772848	-86.29933640
12.94505449	-96.21880544
12.95238049	-101.64506275
12.95970650	-89.19799304
12.96703251	-104.20448938
12.97435852	-92.94214450
12.98168452	-97.98773398
12.98901053	-90.16566917
12.99633654	-90.14387835
13.00366254	-90.58438387
13.01098855	-79.81297617
13.01831456	-87.88788086
13.02564057	-89.06190811
13.03296657	-87.35816381
13.04029258	-83.49548504
13.04761859	-83.87176408
13.05494459	-87.99092741
13.06227060	-90.37427932
13.06959661	-79.77301839
13.07692261	-83.49364342
13.08424862	-81.95937180
13.09157463	-82.07865396
13.09890064	-88.74620931
13.10622664	-82.76383650
13.11355265	-87.17660896
13.12087866	-95.92863639
13.12820466	-96.89177181
13.13553067	-101.59526946
13.14285668	-87.64962116
13.15018269	-89.47469731
13.15750869	-92.42774027
13.16483470	-88.55386126
13.17216071	-94.83348006
13.17948671	-94.33470478
13.18681272	-89.04095683
13.19413873	-87.97247188
13.20146473	-92.34710650
13.20879074	-83.98662630
13.21611675	-84.75079598
13.22344276	-91.33884447
13.23076876	-85.86290540
13.23809477	-85.45417095
13.24542078	-89.23462468
13.25274678	-87.79343755
13.26007279	-91.92884028
13.26739880	-89.20299671
13.27472481	-82.38965396
13.28205081	-91.80548715
13.28937682	-90.46812529
13.29670283	-106.73218658
13.30402883	-91.97603002
13.31135484	-84.42837692
13.31868085	-86.57697801
13.32600686	-88.38183024
13.33333286	-86.19881065
13.34065887	-85.07166827
13.34798488	-97.33240926
13.35531088	-86.42213607
13.36263689	-85.21367984
13.36996290	-99.13662103
13.37728890	-91.98718062
13.38461491	-100.95283436
13.39194092	-98.50903838
13.39926693	-91.94637406
13.40659293	-89.68678936
13.41391894	-92.11566241
13.42124495	-87.24274855
13.42857095	-85.81636214
13.43589696	-89.22500607
13.44322297	-87.11015770
13.45054898	-86.91204608
13.45787498	-94.27203446
13.46520099	-84.90211329
13.47252700	-90.30555027
13.47985300	-92.79111251
13.48717901	-89.15208131
13.49450502	-83.63753811
13.50183102	-87.00919265
13.50915703	-94.03779526
13.51648304	-93.70399166
13.52380905	-92.06133430
13.53113505	-86.66760608
13.53846106	-86.59625311
13.54578707	-87.61367443
13.55311307	-83.14622911
13.56043908	-83.30215259
13.56776509	-86.26217612
13.57509110	-91.33607718
13.58241710	-91.55344074
13.58974311	-90.63325259
13.59706912	-106.15351744
13.60439512	-88.32554689
13.61172113	-91.56627725
13.61904714	-85.05374488
13.62637314	-83.22653427
13.63369915	-95.05278978
13.64102516	-87.11455476
13.64835117	-84.08238442
13.65567717	-80.40952099
13.66300318	-86.76702707
13.67032919	-82.84290753
13.67765519	-91.86406067
13.68498120	-81.20549467
13.69230721	-80.97176385
13.69963322	-86.12239259
13.70695922	-99.19758914
13.71428523	-88.97048158
13.72161124	-89.37211627
13.72893724	-87.47713628
13.73626325	-95.35649278
13.74358926	-84.27208685
13.75091526	-90.35601160
13.75824127	-83.36207333
13.76556728	-93.81788465
13.77289329	-86.78239244
13.78021929	-86.11937013
13.78754530	-93.34317504
13.79487131	-93.71141742
13.80219731	-96.05591585
13.80952332	-90.01894612
13.81684933	-102.06711845
13.82417534	-90.06996729
13.83150134	-86.72144759
13.83882735	-89.82205919
13.84615336	-84.79266044
13.85347936	-84.15106648
13.86080537	-97.86825872
13.86813138	-90.55029215
13.87545739	-96.47590527
13.88278339	-94.47053196
13.89010940	-101.27582484
13.89743541	-88.95870028
13.90476141	-86.05144968
13.91208742	-90.21376337
13.91941343	-83.05761483
13.92673943	-87.70317280
13.93406544	-87.49658899
13.94139145	-83.59938884
13.94871746	-95.32384247
13.95604346	-91.56396177
13.96336947	-92.12967806
13.97069548	-88.05517919
13.97802148	-86.72980876
13.98534749	-88.09084250
13.99267350	-108.02508090
13.99999951	-85.12342611
14.00732551	-92.97219411
14.01465152	-90.71805024
14.02197753	-91.82667013
14.02930353	-84.58858327
14.03662954	-89.73542240
14.04395555	-80.96364664
14.05128155	-91.94895237
14.05860756	-85.28182665
14.06593357	-97.01953722
14.07325958	-86.34013517
14.08058558	-86.69118130
14.08791159	-84.32962262
14.09523760	-81.48386186
14.10256360	-87.39286309
14.10988961	-89.60908998
14.11721562	-80.38888567
14.12454163	-81.22814682
14.13186763	-97.20087912
14.13919364	-82.56886941
14.14651965	-80.57281962
14.15384565	-90.22597408
14.16117166	-84.06682253
14.16849767	-85.75733824
14.17582367	-90.24076753
14.18314968	-85.78194078
14.19047569	-82.90495055
14.19780170	-93.39883195
14.20512770	-87.95550644
14.21245371	-88.94745823
14.21977972	-102.78988775
14.22710572	-88.51307465
14.23443173	-94.23068049
14.24175774	-93.21004483
14.24908375	-97.49520525
14.25640975	-89.24853405
14.26373576	-86.19790913
14.27106177	-82.24058268
14.27838777	-91.69271963
14.28571378	-90.35467808
14.29303979	-91.55206656
14.30036580	-87.46939943
14.30769180	-101.79266969
14.31501781	-97.80080536
14.32234382	-91.44881555
14.32966982	-85.90428229
14.33699583	-86.69734565
14.34432184	-89.57603034
14.35164784	-88.23580881
14.35897385	-101.01187375
14.36629986	-86.19345041
14.37362587	-86.53467189
14.38095187	-86.86666449
14.38827788	-85.18005249
14.39560389	-87.57352489
14.40292989	-90.48825114
14.41025590	-91.75748730
14.41758191	-86.35100580
14.42490792	-84.47631932
14.43223392	-97.00945571
14.43955993	-90.09426200
14.44688594	-81.75814981
14.45421194	-92.76658309
14.46153795	-86.95968680
14.46886396	-89.74396317
14.47618996	-85.76203036
14.48351597	-89.18688857
14.49084198	-87.32522396
14.49816799	-98.85355588
14.50549399	-88.91275911
14.51282000	-86.76611371
14.52014601	-84.56886258
14.52747201	-87.69014738
14.53479802	-87.50744367
14.54212403	-82.70560699
14.54945004	-85.33328325
14.55677604	-84.12656949
14.56410205	-86.03188891
14.57142806	-90.57808752
14.57875406	-84.60354664
14.58608007	-82.97839897
14.59340608	-84.99302875
14.60073208	-81.08706354
14.60805809	-83.36822050
14.61538410	-86.42698682
14.62271011	-87.77337717
14.63003611	-97.17314162
14.63736212	-86.52819364
14.64468813	-96.47415150
14.65201413	-82.13964781
14.65934014	-82.55160636
14.66666615	-87.90821916
14.67399216	-88.34111618
14.68131816	-89.56183609
14.68864417	-90.47166947
14.69597018	-90.40948491
14.70329618	-85.76621561
14.71062219	-104.67554415
14.71794820	-91.44270675
14.72527420	-83.50511767
14.73260021	-91.52855795
14.73992622	-82.00849786
14.74725223	-86.42925666
14.75457823	-87.76596986
14.76190424	-88.66279581
14.76923025	-94.02738945
14.77655625	-85.86876790
14.78388226	-87.86487107
14.79120827	-80.65004509
14.79853428	-83.26532542
14.80586028	-86.63310459
14.81318629	-97.50447022
14.82051230	-86.04154557
14.82783830	-102.88744793
14.83516431	-93.62650090
14.84249032	-86.18335417
14.84981633	-86.90793321
14.85714233	-86.56065857
14.86446834	-91.39230744
14.87179435	-94.62339702
14.87912035	-93.51928487
14.88644636	-92.90129507
14.89377237	-106.58103926
14.90109837	-102.83991302
14.90842438	-93.31828955
14.91575039	-97.58182499
14.92307640	-92.01717403
14.93040240	-96.18052924
14.93772841	-92.56897590
14.94505442	-85.84462870
14.95238042	-91.08170532
14.95970643	-84.97940069
14.96703244	-83.97379792
14.97435845	-89.20676416
14.98168445	-84.31034859
14.98901046	-107.50693966
14.99633647	-87.18937126
