# Menlo Systems GmbH ScanControl
# Program Version 1.7.0+git.a90605a3
# Start: -433.90000000 ps, Average over 3000 waveforms. Timestamp: 2024-05-07T15:58:42
# Window type: Tukey, parameters: alpha = 0.1
# User time axis shift: 0 ps
# Time axis offset: 0 ps
# Time [ps]	THz Signal [a.u.]
-433.81620597	0.00000000
-433.78287264	-0.00000001
-433.74953930	-0.00000004
-433.71620597	-0.00000008
-433.68287263	-0.00000009
-433.64953930	-0.00000026
-433.61620596	-0.00000032
-433.58287263	-0.00000073
-433.54953930	-0.00000071
-433.51620596	-0.00000069
-433.48287263	-0.00000018
-433.44953929	0.00000007
-433.41620596	0.00000018
-433.38287262	-0.00000011
-433.34953929	-0.00000043
-433.31620595	-0.00000026
-433.28287262	0.00000159
-433.24953929	0.00000086
-433.21620595	0.00000229
-433.18287262	0.00000349
-433.14953928	0.00000286
-433.11620595	0.00000482
-433.08287261	0.00000201
-433.04953928	0.00000675
-433.01620594	0.00000503
-432.98287261	0.00000084
-432.94953927	0.00000613
-432.91620594	0.00000782
-432.88287261	0.00000906
-432.84953927	0.00000950
-432.81620594	0.00001317
-432.78287260	0.00001431
-432.74953927	0.00001582
-432.71620593	0.00001352
-432.68287260	0.00000679
-432.64953926	0.00001082
-432.61620593	0.00001231
-432.58287259	0.00001052
-432.54953926	0.00001382
-432.51620593	0.00001504
-432.48287259	0.00002378
-432.44953926	0.00002104
-432.41620592	0.00000532
-432.38287259	0.00001091
-432.34953925	0.00002385
-432.31620592	0.00001978
-432.28287258	0.00000357
-432.24953925	0.00000937
-432.21620592	0.00000755
-432.18287258	0.00001502
-432.14953925	0.00001192
-432.11620591	0.00000893
-432.08287258	0.00002128
-432.04953924	0.00000090
-432.01620591	0.00001374
-431.98287257	-0.00000245
-431.94953924	0.00001956
-431.91620590	0.00001360
-431.88287257	0.00000498
-431.84953924	-0.00000305
-431.81620590	0.00001111
-431.78287257	-0.00000412
-431.74953923	0.00000319
-431.71620590	0.00002186
-431.68287256	0.00002361
-431.64953923	0.00001881
-431.61620589	0.00000029
-431.58287256	0.00000343
-431.54953922	0.00003386
-431.51620589	0.00000152
-431.48287256	0.00004094
-431.44953922	0.00005911
-431.41620589	0.00001638
-431.38287255	0.00000428
-431.34953922	0.00001577
-431.31620588	0.00002409
-431.28287255	0.00000673
-431.24953921	0.00002269
-431.21620588	0.00001457
-431.18287255	-0.00000073
-431.14953921	0.00001663
-431.11620588	-0.00002005
-431.08287254	-0.00000166
-431.04953921	0.00002845
-431.01620587	0.00002631
-430.98287254	0.00005675
-430.94953920	0.00004329
-430.91620587	0.00004787
-430.88287253	0.00006027
-430.84953920	0.00002570
-430.81620587	0.00004182
-430.78287253	0.00005988
-430.74953920	0.00006233
-430.71620586	0.00008218
-430.68287253	0.00006385
-430.64953919	0.00006948
-430.61620586	0.00009574
-430.58287252	0.00007875
-430.54953919	0.00003531
-430.51620586	0.00008130
-430.48287252	0.00010633
-430.44953919	0.00012039
-430.41620585	0.00009391
-430.38287252	0.00007390
-430.34953918	0.00008103
-430.31620585	0.00015819
-430.28287251	0.00008893
-430.24953918	0.00011144
-430.21620584	0.00008739
-430.18287251	0.00008095
-430.14953918	0.00007115
-430.11620584	0.00012839
-430.08287251	0.00010336
-430.04953917	0.00014930
-430.01620584	0.00010510
-429.98287250	0.00011797
-429.94953917	0.00016987
-429.91620583	0.00008563
-429.88287250	0.00011883
-429.84953916	0.00016601
-429.81620583	0.00018049
-429.78287250	0.00020603
-429.74953916	0.00018954
-429.71620583	0.00015934
-429.68287249	0.00015996
-429.64953916	0.00019669
-429.61620582	0.00019211
-429.58287249	0.00018550
-429.54953915	0.00021186
-429.51620582	0.00026450
-429.48287249	0.00020640
-429.44953915	0.00025090
-429.41620582	0.00025338
-429.38287248	0.00020496
-429.34953915	0.00027743
-429.31620581	0.00023489
-429.28287248	0.00020787
-429.24953914	0.00023038
-429.21620581	0.00014891
-429.18287247	0.00019712
-429.14953914	0.00018280
-429.11620581	0.00014939
-429.08287247	0.00014240
-429.04953914	0.00019631
-429.01620580	0.00015434
-428.98287247	0.00016570
-428.94953913	0.00018882
-428.91620580	0.00013885
-428.88287246	0.00010286
-428.84953913	0.00003990
-428.81620580	0.00015025
-428.78287246	0.00014849
-428.74953913	0.00005881
-428.71620579	0.00009503
-428.68287246	0.00009087
-428.64953912	0.00011862
-428.61620579	0.00017379
-428.58287245	0.00008683
-428.54953912	0.00011290
-428.51620578	0.00019632
-428.48287245	0.00019521
-428.44953912	0.00008291
-428.41620578	0.00007110
-428.38287245	0.00008885
-428.34953911	0.00014036
-428.31620578	0.00011036
-428.28287244	0.00010365
-428.24953911	0.00008469
-428.21620577	0.00017518
-428.18287244	0.00013166
-428.14953910	0.00004375
-428.11620577	0.00007868
-428.08287244	0.00013743
-428.04953910	0.00013168
-428.01620577	0.00015096
-427.98287243	0.00002377
-427.94953910	0.00007642
-427.91620576	0.00004778
-427.88287243	0.00005051
-427.84953909	0.00001258
-427.81620576	0.00004191
-427.78287243	0.00003483
-427.74953909	0.00002714
-427.71620576	0.00000111
-427.68287242	0.00001075
-427.64953909	0.00006415
-427.61620575	0.00005899
-427.58287242	0.00002031
-427.54953908	0.00004614
-427.51620575	0.00000663
-427.48287241	-0.00003907
-427.44953908	0.00001324
-427.41620575	0.00000837
-427.38287241	-0.00008036
-427.34953908	0.00005085
-427.31620574	0.00000387
-427.28287241	0.00005730
-427.24953907	0.00003165
-427.21620574	-0.00002342
-427.18287240	0.00005774
-427.14953907	0.00012128
-427.11620573	0.00014153
-427.08287240	0.00013457
-427.04953907	0.00016879
-427.01620573	0.00018125
-426.98287240	0.00018399
-426.94953906	0.00015574
-426.91620573	0.00026420
-426.88287239	0.00030713
-426.84953906	0.00027262
-426.81620572	0.00026726
-426.78287239	0.00028319
-426.74953906	0.00025948
-426.71620572	0.00035427
-426.68287239	0.00027091
-426.64953905	0.00031264
-426.61620572	0.00027038
-426.58287238	0.00030051
-426.54953905	0.00033528
-426.51620571	0.00030741
-426.48287238	0.00031957
-426.44953904	0.00033464
-426.41620571	0.00031863
-426.38287238	0.00032925
-426.34953904	0.00033913
-426.31620571	0.00038613
-426.28287237	0.00030796
-426.24953904	0.00038069
-426.21620570	0.00034528
-426.18287237	0.00038146
-426.14953903	0.00036760
-426.11620570	0.00037568
-426.08287237	0.00032799
-426.04953903	0.00035184
-426.01620570	0.00036415
-425.98287236	0.00036760
-425.94953903	0.00038804
-425.91620569	0.00022987
-425.88287236	0.00028725
-425.84953902	0.00031145
-425.81620569	0.00038627
-425.78287235	0.00027430
-425.74953902	0.00031060
-425.71620569	0.00025237
-425.68287235	0.00024886
-425.64953902	0.00026781
-425.61620568	0.00027520
-425.58287235	0.00026156
-425.54953901	0.00024141
-425.51620568	0.00022866
-425.48287234	0.00023086
-425.44953901	0.00025376
-425.41620567	0.00033735
-425.38287234	0.00036165
-425.34953901	0.00021597
-425.31620567	0.00023074
-425.28287234	0.00022790
-425.24953900	0.00026272
-425.21620567	0.00031991
-425.18287233	0.00042974
-425.14953900	0.00031725
-425.11620566	0.00032998
-425.08287233	0.00036466
-425.04953900	0.00028787
-425.01620566	0.00032128
-424.98287233	0.00030180
-424.94953899	0.00032613
-424.91620566	0.00031998
-424.88287232	0.00032933
-424.84953899	0.00034614
-424.81620565	0.00027847
-424.78287232	0.00031631
-424.74953898	0.00034276
-424.71620565	0.00037021
-424.68287232	0.00034807
-424.64953898	0.00033330
-424.61620565	0.00034784
-424.58287231	0.00032495
-424.54953898	0.00038467
-424.51620564	0.00043902
-424.48287231	0.00037602
-424.44953897	0.00047365
-424.41620564	0.00033950
-424.38287231	0.00035532
-424.34953897	0.00033874
-424.31620564	0.00040098
-424.28287230	0.00044243
-424.24953897	0.00042168
-424.21620563	0.00045206
-424.18287230	0.00041299
-424.14953896	0.00040110
-424.11620563	0.00045590
-424.08287229	0.00049451
-424.04953896	0.00045447
-424.01620563	0.00046386
-423.98287229	0.00052946
-423.94953896	0.00045033
-423.91620562	0.00050399
-423.88287229	0.00059282
-423.84953895	0.00047819
-423.81620562	0.00049079
-423.78287228	0.00054553
-423.74953895	0.00058529
-423.71620561	0.00055270
-423.68287228	0.00060234
-423.64953895	0.00049383
-423.61620561	0.00057610
-423.58287228	0.00062848
-423.54953894	0.00057005
-423.51620561	0.00056915
-423.48287227	0.00057413
-423.44953894	0.00059108
-423.41620560	0.00056337
-423.38287227	0.00053751
-423.34953894	0.00051813
-423.31620560	0.00048107
-423.28287227	0.00053630
-423.24953893	0.00053218
-423.21620560	0.00049851
-423.18287226	0.00051105
-423.14953893	0.00056663
-423.11620559	0.00056106
-423.08287226	0.00052412
-423.04953892	0.00049731
-423.01620559	0.00056026
-422.98287226	0.00054096
-422.94953892	0.00053477
-422.91620559	0.00058721
-422.88287225	0.00064029
-422.84953892	0.00056638
-422.81620558	0.00061003
-422.78287225	0.00060356
-422.74953891	0.00058298
-422.71620558	0.00060888
-422.68287224	0.00066398
-422.64953891	0.00065529
-422.61620558	0.00066123
-422.58287224	0.00069096
-422.54953891	0.00073658
-422.51620557	0.00078317
-422.48287224	0.00076506
-422.44953890	0.00080474
-422.41620557	0.00076487
-422.38287223	0.00080622
-422.34953890	0.00079674
-422.31620557	0.00086996
-422.28287223	0.00092713
-422.24953890	0.00091685
-422.21620556	0.00091542
-422.18287223	0.00090029
-422.14953889	0.00087631
-422.11620556	0.00097485
-422.08287222	0.00094747
-422.04953889	0.00099319
-422.01620555	0.00101800
-421.98287222	0.00102323
-421.94953889	0.00104842
-421.91620555	0.00103279
-421.88287222	0.00108310
-421.84953888	0.00111827
-421.81620555	0.00115017
-421.78287221	0.00107420
-421.74953888	0.00115728
-421.71620554	0.00115242
-421.68287221	0.00112299
-421.64953888	0.00113470
-421.61620554	0.00114490
-421.58287221	0.00113798
-421.54953887	0.00116715
-421.51620554	0.00113567
-421.48287220	0.00099975
-421.44953887	0.00100237
-421.41620553	0.00091392
-421.38287220	0.00075821
-421.34953886	0.00065742
-421.31620553	0.00048014
-421.28287220	0.00030473
-421.24953886	0.00005375
-421.21620553	-0.00010122
-421.18287219	-0.00044196
-421.14953886	-0.00074486
-421.11620552	-0.00102123
-421.08287219	-0.00138964
-421.04953885	-0.00171106
-421.01620552	-0.00213307
-420.98287218	-0.00258589
-420.94953885	-0.00297351
-420.91620552	-0.00338032
-420.88287218	-0.00369830
-420.84953885	-0.00399617
-420.81620551	-0.00421366
-420.78287218	-0.00434744
-420.74953884	-0.00437753
-420.71620551	-0.00437545
-420.68287217	-0.00416425
-420.64953884	-0.00386969
-420.61620551	-0.00347021
-420.58287217	-0.00279360
-420.54953884	-0.00212206
-420.51620550	-0.00120407
-420.48287217	-0.00021328
-420.44953883	0.00086241
-420.41620550	0.00199678
-420.38287216	0.00318427
-420.34953883	0.00435422
-420.31620549	0.00552821
-420.28287216	0.00650141
-420.24953883	0.00744019
-420.21620549	0.00818244
-420.18287216	0.00868289
-420.14953882	0.00900038
-420.11620549	0.00910824
-420.08287215	0.00892723
-420.04953882	0.00846444
-420.01620548	0.00777716
-419.98287215	0.00687462
-419.94953882	0.00583932
-419.91620548	0.00457457
-419.88287215	0.00326731
-419.84953881	0.00188344
-419.81620548	0.00060873
-419.78287214	-0.00058696
-419.74953881	-0.00181775
-419.71620547	-0.00268553
-419.68287214	-0.00342493
-419.64953880	-0.00406266
-419.61620547	-0.00444566
-419.58287214	-0.00445493
-419.54953880	-0.00436794
-419.51620547	-0.00416721
-419.48287213	-0.00366844
-419.44953880	-0.00309394
-419.41620546	-0.00250851
-419.38287213	-0.00182465
-419.34953879	-0.00128506
-419.31620546	-0.00068309
-419.28287212	-0.00026500
-419.24953879	0.00011599
-419.21620546	0.00036819
-419.18287212	0.00046131
-419.14953879	0.00052712
-419.11620545	0.00054406
-419.08287212	0.00030521
-419.04953878	0.00018024
-419.01620545	0.00004776
-418.98287211	-0.00020895
-418.94953878	-0.00031951
-418.91620545	-0.00049029
-418.88287211	-0.00059777
-418.84953878	-0.00060195
-418.81620544	-0.00053718
-418.78287211	-0.00040836
-418.74953877	-0.00023329
-418.71620544	0.00001444
-418.68287210	0.00024262
-418.64953877	0.00037338
-418.61620543	0.00068375
-418.58287210	0.00088363
-418.54953877	0.00122808
-418.51620543	0.00137196
-418.48287210	0.00152394
-418.44953876	0.00153578
-418.41620543	0.00163681
-418.38287209	0.00163797
-418.34953876	0.00172708
-418.31620542	0.00172799
-418.28287209	0.00172494
-418.24953875	0.00178874
-418.21620542	0.00180632
-418.18287209	0.00185998
-418.14953875	0.00197009
-418.11620542	0.00199924
-418.08287208	0.00206376
-418.04953875	0.00208360
-418.01620541	0.00214254
-417.98287208	0.00221125
-417.94953874	0.00220905
-417.91620541	0.00225249
-417.88287208	0.00222240
-417.84953874	0.00217710
-417.81620541	0.00213715
-417.78287207	0.00204672
-417.74953874	0.00196286
-417.71620540	0.00180195
-417.68287207	0.00163716
-417.64953873	0.00154410
-417.61620540	0.00138487
-417.58287206	0.00134135
-417.54953873	0.00120642
-417.51620540	0.00115464
-417.48287206	0.00104272
-417.44953873	0.00105624
-417.41620539	0.00103753
-417.38287206	0.00099134
-417.34953872	0.00097112
-417.31620539	0.00099593
-417.28287205	0.00105376
-417.24953872	0.00098182
-417.21620539	0.00105723
-417.18287205	0.00090505
-417.14953872	0.00085747
-417.11620538	0.00085204
-417.08287205	0.00067418
-417.04953871	0.00051263
-417.01620538	0.00028509
-416.98287204	0.00010043
-416.94953871	-0.00011330
-416.91620537	-0.00038678
-416.88287204	-0.00059547
-416.84953871	-0.00083735
-416.81620537	-0.00106479
-416.78287204	-0.00124935
-416.74953870	-0.00149536
-416.71620537	-0.00164301
-416.68287203	-0.00181036
-416.64953870	-0.00194134
-416.61620536	-0.00199986
-416.58287203	-0.00205652
-416.54953869	-0.00212427
-416.51620536	-0.00213051
-416.48287203	-0.00203658
-416.44953869	-0.00194296
-416.41620536	-0.00177807
-416.38287202	-0.00162940
-416.34953869	-0.00133917
-416.31620535	-0.00111137
-416.28287202	-0.00078065
-416.24953868	-0.00043865
-416.21620535	-0.00004005
-416.18287202	0.00040554
-416.14953868	0.00076265
-416.11620535	0.00117920
-416.08287201	0.00168426
-416.04953868	0.00224325
-416.01620534	0.00269613
-415.98287201	0.00323742
-415.94953867	0.00363955
-415.91620534	0.00409739
-415.88287200	0.00435316
-415.84953867	0.00465193
-415.81620534	0.00483373
-415.78287200	0.00500808
-415.74953867	0.00509499
-415.71620533	0.00499817
-415.68287200	0.00479093
-415.64953866	0.00452374
-415.61620533	0.00420832
-415.58287199	0.00393383
-415.54953866	0.00346796
-415.51620533	0.00302825
-415.48287199	0.00250115
-415.44953866	0.00195099
-415.41620532	0.00142414
-415.38287199	0.00084904
-415.34953865	0.00030963
-415.31620532	-0.00022562
-415.28287198	-0.00077147
-415.24953865	-0.00131010
-415.21620531	-0.00192258
-415.18287198	-0.00244207
-415.14953865	-0.00302490
-415.11620531	-0.00347653
-415.08287198	-0.00413436
-415.04953864	-0.00472456
-415.01620531	-0.00529864
-414.98287197	-0.00591619
-414.94953864	-0.00647778
-414.91620530	-0.00705175
-414.88287197	-0.00757268
-414.84953863	-0.00804870
-414.81620530	-0.00850850
-414.78287197	-0.00886740
-414.74953863	-0.00911872
-414.71620530	-0.00923076
-414.68287196	-0.00920071
-414.64953863	-0.00908848
-414.61620529	-0.00890377
-414.58287196	-0.00850568
-414.54953862	-0.00809921
-414.51620529	-0.00756027
-414.48287196	-0.00703508
-414.44953862	-0.00636110
-414.41620529	-0.00567716
-414.38287195	-0.00499027
-414.34953862	-0.00417113
-414.31620528	-0.00348553
-414.28287195	-0.00270355
-414.24953861	-0.00194079
-414.21620528	-0.00104281
-414.18287194	-0.00038103
-414.14953861	0.00034461
-414.11620528	0.00113360
-414.08287194	0.00182774
-414.04953861	0.00259027
-414.01620527	0.00323584
-413.98287194	0.00388881
-413.94953860	0.00448598
-413.91620527	0.00500152
-413.88287193	0.00555616
-413.84953860	0.00596440
-413.81620526	0.00628187
-413.78287193	0.00651933
-413.74953860	0.00665103
-413.71620526	0.00681529
-413.68287193	0.00692342
-413.64953859	0.00690106
-413.61620526	0.00689110
-413.58287192	0.00690714
-413.54953859	0.00681123
-413.51620525	0.00672473
-413.48287192	0.00664204
-413.44953859	0.00649157
-413.41620525	0.00646386
-413.38287192	0.00636847
-413.34953858	0.00633995
-413.31620525	0.00621016
-413.28287191	0.00611693
-413.24953858	0.00599722
-413.21620524	0.00594088
-413.18287191	0.00571750
-413.14953857	0.00549678
-413.11620524	0.00528796
-413.08287191	0.00503327
-413.04953857	0.00472377
-413.01620524	0.00433229
-412.98287190	0.00391834
-412.94953857	0.00339872
-412.91620523	0.00296553
-412.88287190	0.00244765
-412.84953856	0.00195168
-412.81620523	0.00145644
-412.78287190	0.00085585
-412.74953856	0.00043259
-412.71620523	0.00002153
-412.68287189	-0.00056066
-412.64953856	-0.00095379
-412.61620522	-0.00128763
-412.58287189	-0.00159666
-412.54953855	-0.00194034
-412.51620522	-0.00209015
-412.48287188	-0.00223984
-412.44953855	-0.00235787
-412.41620522	-0.00243483
-412.38287188	-0.00245896
-412.34953855	-0.00247284
-412.31620521	-0.00239801
-412.28287188	-0.00231792
-412.24953854	-0.00220680
-412.21620521	-0.00205977
-412.18287187	-0.00193553
-412.14953854	-0.00182915
-412.11620520	-0.00166742
-412.08287187	-0.00155086
-412.04953854	-0.00150862
-412.01620520	-0.00137777
-411.98287187	-0.00134563
-411.94953853	-0.00119851
-411.91620520	-0.00114203
-411.88287186	-0.00103042
-411.84953853	-0.00095973
-411.81620519	-0.00079795
-411.78287186	-0.00068691
-411.74953853	-0.00055976
-411.71620519	-0.00051828
-411.68287186	-0.00030811
-411.64953852	-0.00025579
-411.61620519	-0.00004011
-411.58287185	0.00023071
-411.54953852	0.00051527
-411.51620518	0.00106414
-411.48287185	0.00149749
-411.44953851	0.00197240
-411.41620518	0.00250125
-411.38287185	0.00321319
-411.34953851	0.00381653
-411.31620518	0.00448676
-411.28287184	0.00505900
-411.24953851	0.00571416
-411.21620517	0.00631096
-411.18287184	0.00673356
-411.14953850	0.00705924
-411.11620517	0.00721471
-411.08287184	0.00719744
-411.04953850	0.00699035
-411.01620517	0.00647689
-410.98287183	0.00586621
-410.94953850	0.00498542
-410.91620516	0.00400864
-410.88287183	0.00282588
-410.84953849	0.00158767
-410.81620516	0.00023190
-410.78287182	-0.00108062
-410.74953849	-0.00234205
-410.71620516	-0.00352972
-410.68287182	-0.00458020
-410.64953849	-0.00537682
-410.61620515	-0.00594271
-410.58287182	-0.00624281
-410.54953848	-0.00621467
-410.51620515	-0.00605484
-410.48287181	-0.00553268
-410.44953848	-0.00468571
-410.41620514	-0.00365976
-410.38287181	-0.00238041
-410.34953848	-0.00098556
-410.31620514	0.00053870
-410.28287181	0.00224709
-410.24953847	0.00397118
-410.21620514	0.00574280
-410.18287180	0.00759636
-410.14953847	0.00949198
-410.11620513	0.01136541
-410.08287180	0.01327965
-410.04953847	0.01514898
-410.01620513	0.01716181
-409.98287180	0.01924831
-409.94953846	0.02134380
-409.91620513	0.02344552
-409.88287179	0.02557326
-409.84953846	0.02782203
-409.81620512	0.03001678
-409.78287179	0.03228155
-409.74953845	0.03447765
-409.71620512	0.03659666
-409.68287179	0.03886302
-409.64953845	0.04082075
-409.61620512	0.04278063
-409.58287178	0.04461005
-409.54953845	0.04627794
-409.51620511	0.04782031
-409.48287178	0.04926946
-409.44953844	0.05053150
-409.41620511	0.05168456
-409.38287177	0.05263723
-409.34953844	0.05350400
-409.31620511	0.05415439
-409.28287177	0.05465029
-409.24953844	0.05482781
-409.21620510	0.05478010
-409.18287177	0.05447636
-409.14953843	0.05368358
-409.11620510	0.05234751
-409.08287176	0.05049208
-409.04953843	0.04778933
-409.01620510	0.04420722
-408.98287176	0.03932038
-408.94953843	0.03315350
-408.91620509	0.02536578
-408.88287176	0.01556392
-408.84953842	0.00368587
-408.81620509	-0.01073964
-408.78287175	-0.02782214
-408.74953842	-0.04806117
-408.71620508	-0.07143662
-408.68287175	-0.09831520
-408.64953842	-0.12878165
-408.61620508	-0.16289417
-408.58287175	-0.20030484
-408.54953841	-0.24080379
-408.51620508	-0.28383148
-408.48287174	-0.32879990
-408.44953841	-0.37462488
-408.41620507	-0.41997386
-408.38287174	-0.46366013
-408.34953841	-0.50362430
-408.31620507	-0.53805690
-408.28287174	-0.56473183
-408.24953840	-0.58165829
-408.21620507	-0.58649296
-408.18287173	-0.57741055
-408.14953840	-0.55250451
-408.11620506	-0.51047720
-408.08287173	-0.45036532
-408.04953839	-0.37239460
-408.01620506	-0.27713222
-407.98287173	-0.16586266
-407.94953839	-0.04111149
-407.91620506	0.09422062
-407.88287172	0.23614270
-407.84953839	0.38041884
-407.81620505	0.52189874
-407.78287172	0.65536291
-407.74953838	0.77566756
-407.71620505	0.87794789
-407.68287171	0.95788217
-407.64953838	1.01177531
-407.61620505	1.03682449
-407.58287171	1.03145958
-407.54953838	0.99541309
-407.51620504	0.92975576
-407.48287171	0.83702752
-407.44953837	0.72063568
-407.41620504	0.58534516
-407.38287170	0.43642961
-407.34953837	0.27973536
-407.31620504	0.12156903
-407.28287170	-0.03185007
-407.24953837	-0.17434729
-407.21620503	-0.30070468
-407.18287170	-0.40646458
-407.14953836	-0.48843988
-407.11620503	-0.54479186
-407.08287169	-0.57491210
-407.04953836	-0.57995310
-407.01620502	-0.56233619
-406.98287169	-0.52540551
-406.94953836	-0.47365015
-406.91620502	-0.41173444
-406.88287169	-0.34442938
-406.84953835	-0.27613427
-406.81620502	-0.21100064
-406.78287168	-0.15199113
-406.74953835	-0.10153574
-406.71620501	-0.06106261
-406.68287168	-0.03088194
-406.64953835	-0.01060747
-406.61620501	0.00099136
-406.58287168	0.00551549
-406.54953834	0.00497443
-406.51620501	0.00131163
-406.48287167	-0.00340456
-406.44953834	-0.00770764
-406.41620500	-0.01013906
-406.38287167	-0.01015594
-406.34953833	-0.00741173
-406.31620500	-0.00196733
-406.28287167	0.00553789
-406.24953833	0.01425848
-406.21620500	0.02334030
-406.18287166	0.03171314
-406.14953833	0.03876872
-406.11620499	0.04352091
-406.08287166	0.04592598
-406.04953832	0.04574873
-406.01620499	0.04335930
-405.98287165	0.03888340
-405.94953832	0.03306794
-405.91620499	0.02644658
-405.88287165	0.01976009
-405.84953832	0.01342670
-405.81620498	0.00826223
-405.78287165	0.00423711
-405.74953831	0.00175970
-405.71620498	0.00073380
-405.68287164	0.00092858
-405.64953831	0.00220590
-405.61620498	0.00408080
-405.58287164	0.00640578
-405.54953831	0.00858918
-405.51620497	0.01052690
-405.48287164	0.01177370
-405.44953830	0.01219230
-405.41620497	0.01156057
-405.38287163	0.00996488
-405.34953830	0.00734570
-405.31620496	0.00381646
-405.28287163	-0.00036206
-405.24953830	-0.00506903
-405.21620496	-0.01009099
-405.18287163	-0.01506818
-405.14953829	-0.01965644
-405.11620496	-0.02370838
-405.08287162	-0.02702892
-405.04953829	-0.02932634
-405.01620495	-0.03047477
-404.98287162	-0.03059416
-404.94953828	-0.02961391
-404.91620495	-0.02747434
-404.88287162	-0.02461013
-404.84953828	-0.02103913
-404.81620495	-0.01701174
-404.78287161	-0.01274654
-404.74953828	-0.00845363
-404.71620494	-0.00420711
-404.68287161	-0.00026657
-404.64953827	0.00332057
-404.61620494	0.00653607
-404.58287161	0.00930764
-404.54953827	0.01160604
-404.51620494	0.01341402
-404.48287160	0.01462219
-404.44953827	0.01547281
-404.41620493	0.01575167
-404.38287160	0.01551066
-404.34953826	0.01473253
-404.31620493	0.01341287
-404.28287159	0.01149079
-404.24953826	0.00902949
-404.21620493	0.00615621
-404.18287159	0.00297892
-404.14953826	-0.00051737
-404.11620492	-0.00402104
-404.08287159	-0.00741774
-404.04953825	-0.01051896
-404.01620492	-0.01309616
-403.98287158	-0.01522062
-403.94953825	-0.01655578
-403.91620492	-0.01723962
-403.88287158	-0.01718450
-403.84953825	-0.01660429
-403.81620491	-0.01532960
-403.78287158	-0.01361789
-403.74953824	-0.01168269
-403.71620491	-0.00947499
-403.68287157	-0.00713968
-403.64953824	-0.00506337
-403.61620490	-0.00307956
-403.58287157	-0.00142102
-403.54953824	-0.00005687
-403.51620490	0.00083144
-403.48287157	0.00137914
-403.44953823	0.00160983
-403.41620490	0.00174817
-403.38287156	0.00174327
-403.34953823	0.00176229
-403.31620489	0.00191264
-403.28287156	0.00224331
-403.24953822	0.00287523
-403.21620489	0.00380460
-403.18287156	0.00495773
-403.14953822	0.00633714
-403.11620489	0.00793421
-403.08287155	0.00952766
-403.04953822	0.01107350
-403.01620488	0.01246700
-402.98287155	0.01348643
-402.94953821	0.01408616
-402.91620488	0.01421960
-402.88287155	0.01399131
-402.84953821	0.01318280
-402.81620488	0.01193358
-402.78287154	0.01039265
-402.74953821	0.00867022
-402.71620487	0.00671676
-402.68287154	0.00478444
-402.64953820	0.00308183
-402.61620487	0.00146715
-402.58287153	0.00009986
-402.54953820	-0.00091541
-402.51620487	-0.00161294
-402.48287153	-0.00202350
-402.44953820	-0.00216195
-402.41620486	-0.00215214
-402.38287153	-0.00196778
-402.34953819	-0.00165529
-402.31620486	-0.00130583
-402.28287152	-0.00097248
-402.24953819	-0.00075067
-402.21620486	-0.00060386
-402.18287152	-0.00053007
-402.14953819	-0.00041853
-402.11620485	-0.00043816
-402.08287152	-0.00049420
-402.04953818	-0.00050157
-402.01620485	-0.00056829
-401.98287151	-0.00060831
-401.94953818	-0.00049772
-401.91620484	-0.00052847
-401.88287151	-0.00039617
-401.84953818	-0.00027526
-401.81620484	-0.00018738
-401.78287151	-0.00003828
-401.74953817	0.00011908
-401.71620484	0.00016866
-401.68287150	0.00019623
-401.64953817	0.00026554
-401.61620483	0.00038523
-401.58287150	0.00047769
-401.54953816	0.00057065
-401.51620483	0.00071937
-401.48287150	0.00106830
-401.44953816	0.00133732
-401.41620483	0.00172096
-401.38287149	0.00224397
-401.34953816	0.00278613
-401.31620482	0.00331806
-401.28287149	0.00397808
-401.24953815	0.00456986
-401.21620482	0.00528072
-401.18287149	0.00592936
-401.14953815	0.00649082
-401.11620482	0.00700686
-401.08287148	0.00737454
-401.04953815	0.00773733
-401.01620481	0.00784513
-400.98287148	0.00785208
-400.94953814	0.00761264
-400.91620481	0.00701508
-400.88287147	0.00631817
-400.84953814	0.00530413
-400.81620481	0.00416485
-400.78287147	0.00279980
-400.74953814	0.00120074
-400.71620480	-0.00049636
-400.68287147	-0.00221920
-400.64953813	-0.00381098
-400.61620480	-0.00537566
-400.58287146	-0.00672676
-400.54953813	-0.00779888
-400.51620479	-0.00857216
-400.48287146	-0.00897235
-400.44953813	-0.00901011
-400.41620479	-0.00870975
-400.38287146	-0.00810955
-400.34953812	-0.00728736
-400.31620479	-0.00626388
-400.28287145	-0.00525340
-400.24953812	-0.00414889
-400.21620478	-0.00336167
-400.18287145	-0.00275945
-400.14953812	-0.00251460
-400.11620478	-0.00265983
-400.08287145	-0.00329633
-400.04953811	-0.00446904
-400.01620478	-0.00616569
-399.98287144	-0.00816918
-399.94953811	-0.01074147
-399.91620477	-0.01371030
-399.88287144	-0.01684576
-399.84953810	-0.02012674
-399.81620477	-0.02328701
-399.78287144	-0.02628139
-399.74953810	-0.02880335
-399.71620477	-0.03086246
-399.68287143	-0.03216225
-399.64953810	-0.03241916
-399.61620476	-0.03165657
-399.58287143	-0.02970858
-399.54953809	-0.02664318
-399.51620476	-0.02224960
-399.48287143	-0.01668995
-399.44953809	-0.01005228
-399.41620476	-0.00251819
-399.38287142	0.00576687
-399.34953809	0.01451539
-399.31620475	0.02335290
-399.28287142	0.03191884
-399.24953808	0.03981352
-399.21620475	0.04676583
-399.18287141	0.05238599
-399.14953808	0.05630534
-399.11620475	0.05820315
-399.08287141	0.05806126
-399.04953808	0.05576497
-399.01620474	0.05142457
-398.98287141	0.04509079
-398.94953807	0.03701184
-398.91620474	0.02768923
-398.88287140	0.01757363
-398.84953807	0.00715029
-398.81620473	-0.00307321
-398.78287140	-0.01256306
-398.74953807	-0.02077221
-398.71620473	-0.02733762
-398.68287140	-0.03194634
-398.64953806	-0.03456144
-398.61620473	-0.03479442
-398.58287139	-0.03321260
-398.54953806	-0.02976063
-398.51620472	-0.02497894
-398.48287139	-0.01931142
-398.44953806	-0.01316252
-398.41620472	-0.00703188
-398.38287139	-0.00147683
-398.34953805	0.00314928
-398.31620472	0.00657394
-398.28287138	0.00879033
-398.24953805	0.00955827
-398.21620471	0.00914764
-398.18287138	0.00771428
-398.14953804	0.00548102
-398.11620471	0.00277797
-398.08287138	0.00001342
-398.04953804	-0.00265990
-398.01620471	-0.00494523
-397.98287137	-0.00662937
-397.94953804	-0.00770561
-397.91620470	-0.00808613
-397.88287137	-0.00793335
-397.84953803	-0.00723672
-397.81620470	-0.00624162
-397.78287137	-0.00512913
-397.74953803	-0.00397711
-397.71620470	-0.00285843
-397.68287136	-0.00192286
-397.64953803	-0.00121813
-397.61620469	-0.00073013
-397.58287136	-0.00035941
-397.54953802	-0.00009682
-397.51620469	0.00021944
-397.48287135	0.00050184
-397.44953802	0.00080995
-397.41620469	0.00140250
-397.38287135	0.00204758
-397.34953802	0.00282768
-397.31620468	0.00374430
-397.28287135	0.00450902
-397.24953801	0.00524642
-397.21620468	0.00600431
-397.18287134	0.00644258
-397.14953801	0.00669942
-397.11620467	0.00659379
-397.08287134	0.00624221
-397.04953801	0.00558094
-397.01620467	0.00454941
-396.98287134	0.00328826
-396.94953800	0.00174958
-396.91620467	-0.00002083
-396.88287133	-0.00188242
-396.84953800	-0.00394060
-396.81620466	-0.00587330
-396.78287133	-0.00762215
-396.74953800	-0.00919453
-396.71620466	-0.01060890
-396.68287133	-0.01157210
-396.64953799	-0.01205770
-396.61620466	-0.01222946
-396.58287132	-0.01170659
-396.54953799	-0.01076061
-396.51620465	-0.00936006
-396.48287132	-0.00765092
-396.44953798	-0.00561329
-396.41620465	-0.00339489
-396.38287132	-0.00114291
-396.34953798	0.00115276
-396.31620465	0.00327475
-396.28287131	0.00517140
-396.24953798	0.00675313
-396.21620464	0.00807791
-396.18287131	0.00902763
-396.14953797	0.00952968
-396.11620464	0.00979626
-396.08287130	0.00958178
-396.04953797	0.00902298
-396.01620464	0.00804998
-395.98287130	0.00690135
-395.94953797	0.00541583
-395.91620463	0.00365479
-395.88287130	0.00166630
-395.84953796	-0.00036081
-395.81620463	-0.00245997
-395.78287129	-0.00446067
-395.74953796	-0.00639802
-395.71620463	-0.00816791
-395.68287129	-0.00958479
-395.64953796	-0.01068535
-395.61620462	-0.01135781
-395.58287129	-0.01140299
-395.54953795	-0.01092013
-395.51620462	-0.00996665
-395.48287128	-0.00853117
-395.44953795	-0.00665161
-395.41620461	-0.00445751
-395.38287128	-0.00214129
-395.34953795	0.00021046
-395.31620461	0.00235327
-395.28287128	0.00423701
-395.24953794	0.00569376
-395.21620461	0.00669795
-395.18287127	0.00693904
-395.14953794	0.00663598
-395.11620460	0.00566223
-395.08287127	0.00404948
-395.04953794	0.00206217
-395.01620460	-0.00028433
-394.98287127	-0.00274120
-394.94953793	-0.00518183
-394.91620460	-0.00740093
-394.88287126	-0.00926815
-394.84953793	-0.01056460
-394.81620459	-0.01127762
-394.78287126	-0.01134603
-394.74953792	-0.01066560
-394.71620459	-0.00947148
-394.68287126	-0.00771554
-394.64953792	-0.00564846
-394.61620459	-0.00324438
-394.58287125	-0.00091112
-394.54953792	0.00151644
-394.51620458	0.00349750
-394.48287125	0.00512586
-394.44953791	0.00635732
-394.41620458	0.00708992
-394.38287124	0.00731569
-394.34953791	0.00704688
-394.31620458	0.00638814
-394.28287124	0.00543331
-394.24953791	0.00429068
-394.21620457	0.00292580
-394.18287124	0.00155766
-394.14953790	0.00033383
-394.11620457	-0.00076054
-394.08287123	-0.00177820
-394.04953790	-0.00246915
-394.01620457	-0.00290651
-393.98287123	-0.00320131
-393.94953790	-0.00332581
-393.91620456	-0.00317644
-393.88287123	-0.00292591
-393.84953789	-0.00254898
-393.81620456	-0.00215369
-393.78287122	-0.00176269
-393.74953789	-0.00117293
-393.71620455	-0.00069235
-393.68287122	-0.00023517
-393.64953789	0.00021909
-393.61620455	0.00062889
-393.58287122	0.00099417
-393.54953788	0.00121401
-393.51620455	0.00133388
-393.48287121	0.00144476
-393.44953788	0.00134542
-393.41620454	0.00108056
-393.38287121	0.00068520
-393.34953788	0.00019476
-393.31620454	-0.00044875
-393.28287121	-0.00112845
-393.24953787	-0.00181567
-393.21620454	-0.00253218
-393.18287120	-0.00302633
-393.14953787	-0.00340520
-393.11620453	-0.00343644
-393.08287120	-0.00311831
-393.04953786	-0.00240381
-393.01620453	-0.00123063
-392.98287120	0.00044580
-392.94953786	0.00255374
-392.91620453	0.00503626
-392.88287119	0.00791512
-392.84953786	0.01113229
-392.81620452	0.01436016
-392.78287119	0.01761231
-392.74953785	0.02069158
-392.71620452	0.02359375
-392.68287118	0.02606006
-392.64953785	0.02805731
-392.61620452	0.02959414
-392.58287118	0.03038616
-392.54953785	0.03063110
-392.51620451	0.03036719
-392.48287118	0.02940156
-392.44953784	0.02808582
-392.41620451	0.02619134
-392.38287117	0.02402951
-392.34953784	0.02151580
-392.31620451	0.01886667
-392.28287117	0.01612687
-392.24953784	0.01331174
-392.21620450	0.01044993
-392.18287117	0.00748209
-392.14953783	0.00469631
-392.11620450	0.00195603
-392.08287116	-0.00095693
-392.04953783	-0.00384194
-392.01620449	-0.00662226
-391.98287116	-0.00948678
-391.94953783	-0.01267803
-391.91620449	-0.01596913
-391.88287116	-0.01966970
-391.84953782	-0.02392234
-391.81620449	-0.02870268
-391.78287115	-0.03419642
-391.74953782	-0.04043339
-391.71620448	-0.04741276
-391.68287115	-0.05532212
-391.64953781	-0.06414291
-391.61620448	-0.07372055
-391.58287115	-0.08392870
-391.54953781	-0.09474416
-391.51620448	-0.10569971
-391.48287114	-0.11659225
-391.44953781	-0.12711824
-391.41620447	-0.13679163
-391.38287114	-0.14527389
-391.34953780	-0.15207561
-391.31620447	-0.15679380
-391.28287114	-0.15908235
-391.24953780	-0.15859967
-391.21620447	-0.15487260
-391.18287113	-0.14794263
-391.14953780	-0.13748865
-391.11620446	-0.12356985
-391.08287113	-0.10630372
-391.04953779	-0.08569893
-391.01620446	-0.06203797
-390.98287112	-0.03572715
-390.94953779	-0.00703559
-390.91620446	0.02361277
-390.88287112	0.05556853
-390.84953779	0.08835045
-390.81620445	0.12131437
-390.78287112	0.15388622
-390.74953778	0.18535332
-390.71620445	0.21505505
-390.68287111	0.24217632
-390.64953778	0.26607164
-390.61620445	0.28596988
-390.58287111	0.30142990
-390.54953778	0.31153413
-390.51620444	0.31592332
-390.48287111	0.31414607
-390.44953777	0.30597237
-390.41620444	0.29121033
-390.38287110	0.26991053
-390.34953777	0.24224529
-390.31620443	0.20888637
-390.28287110	0.17027928
-390.24953777	0.12745438
-390.21620443	0.08128897
-390.18287110	0.03303417
-390.14953776	-0.01583910
-390.11620443	-0.06407469
-390.08287109	-0.11023515
-390.04953776	-0.15300073
-390.01620442	-0.19103385
-389.98287109	-0.22314950
-389.94953775	-0.24832933
-389.91620442	-0.26583307
-389.88287109	-0.27522212
-389.84953775	-0.27638357
-389.81620442	-0.26957850
-389.78287108	-0.25518422
-389.74953775	-0.23385134
-389.71620441	-0.20675261
-389.68287108	-0.17500840
-389.64953774	-0.14009155
-389.61620441	-0.10366008
-389.58287108	-0.06696328
-389.54953774	-0.03149694
-389.51620441	0.00133410
-389.48287107	0.03035085
-389.44953774	0.05470871
-389.41620440	0.07364316
-389.38287107	0.08682429
-389.34953773	0.09409559
-389.31620440	0.09589109
-389.28287106	0.09235073
-389.24953773	0.08433510
-389.21620440	0.07287754
-389.18287106	0.05882824
-389.14953773	0.04348159
-389.11620439	0.02777882
-389.08287106	0.01289111
-389.04953772	-0.00037652
-389.01620439	-0.01124580
-388.98287105	-0.01936658
-388.94953772	-0.02423861
-388.91620439	-0.02593550
-388.88287105	-0.02469376
-388.84953772	-0.02104883
-388.81620438	-0.01516323
-388.78287105	-0.00816774
-388.74953771	-0.00054676
-388.71620438	0.00691489
-388.68287104	0.01358810
-388.64953771	0.01897690
-388.61620437	0.02262834
-388.58287104	0.02423023
-388.54953771	0.02381179
-388.51620437	0.02174700
-388.48287104	0.01787759
-388.44953770	0.01292575
-388.41620437	0.00730784
-388.38287103	0.00153024
-388.34953770	-0.00398026
-388.31620436	-0.00872453
-388.28287103	-0.01232631
-388.24953769	-0.01465909
-388.21620436	-0.01573065
-388.18287103	-0.01537385
-388.14953769	-0.01400181
-388.11620436	-0.01174680
-388.08287102	-0.00910487
-388.04953769	-0.00639847
-388.01620435	-0.00403732
-387.98287102	-0.00218135
-387.94953768	-0.00124293
-387.91620435	-0.00135253
-387.88287102	-0.00230953
-387.84953768	-0.00414266
-387.81620435	-0.00663413
-387.78287101	-0.00938013
-387.74953768	-0.01214585
-387.71620434	-0.01454923
-387.68287101	-0.01625047
-387.64953767	-0.01704261
-387.61620434	-0.01669574
-387.58287100	-0.01515344
-387.54953767	-0.01252809
-387.51620434	-0.00893146
-387.48287100	-0.00465425
-387.44953767	0.00001082
-387.41620433	0.00461079
-387.38287100	0.00887736
-387.34953766	0.01260993
-387.31620433	0.01529267
-387.28287099	0.01686847
-387.24953766	0.01728513
-387.21620432	0.01654798
-387.18287099	0.01496396
-387.14953766	0.01239829
-387.11620432	0.00924445
-387.08287099	0.00588510
-387.04953765	0.00246696
-387.01620432	-0.00070680
-386.98287098	-0.00339986
-386.94953765	-0.00545097
-386.91620431	-0.00687577
-386.88287098	-0.00760900
-386.84953765	-0.00760765
-386.81620431	-0.00720371
-386.78287098	-0.00632810
-386.74953764	-0.00513612
-386.71620431	-0.00397621
-386.68287097	-0.00281831
-386.64953764	-0.00190074
-386.61620430	-0.00119029
-386.58287097	-0.00073484
-386.54953763	-0.00060757
-386.51620430	-0.00061805
-386.48287097	-0.00081583
-386.44953763	-0.00116342
-386.41620430	-0.00144053
-386.38287096	-0.00176434
-386.34953763	-0.00198529
-386.31620429	-0.00208034
-386.28287096	-0.00217347
-386.24953762	-0.00209863
-386.21620429	-0.00186267
-386.18287096	-0.00170697
-386.14953762	-0.00149941
-386.11620429	-0.00128182
-386.08287095	-0.00115077
-386.04953762	-0.00089401
-386.01620428	-0.00079145
-385.98287095	-0.00059208
-385.94953761	-0.00036592
-385.91620428	-0.00006332
-385.88287094	0.00046118
-385.84953761	0.00098859
-385.81620428	0.00176367
-385.78287094	0.00258189
-385.74953761	0.00345381
-385.71620427	0.00428472
-385.68287094	0.00514739
-385.64953760	0.00591425
-385.61620427	0.00648359
-385.58287093	0.00682522
-385.54953760	0.00688853
-385.51620426	0.00675794
-385.48287093	0.00633087
-385.44953760	0.00571746
-385.41620426	0.00476657
-385.38287093	0.00371871
-385.34953759	0.00273866
-385.31620426	0.00162044
-385.28287092	0.00061524
-385.24953759	-0.00038111
-385.21620425	-0.00116321
-385.18287092	-0.00195341
-385.14953759	-0.00236369
-385.11620425	-0.00265530
-385.08287092	-0.00285867
-385.04953758	-0.00284521
-385.01620425	-0.00271551
-384.98287091	-0.00249680
-384.94953758	-0.00216765
-384.91620424	-0.00178828
-384.88287091	-0.00145916
-384.84953757	-0.00107943
-384.81620424	-0.00087293
-384.78287091	-0.00064084
-384.74953757	-0.00057445
-384.71620424	-0.00056854
-384.68287090	-0.00070469
-384.64953757	-0.00086882
-384.61620423	-0.00115843
-384.58287090	-0.00154186
-384.54953756	-0.00184182
-384.51620423	-0.00237076
-384.48287090	-0.00273304
-384.44953756	-0.00298934
-384.41620423	-0.00321390
-384.38287089	-0.00333305
-384.34953756	-0.00330080
-384.31620422	-0.00317386
-384.28287089	-0.00280615
-384.24953755	-0.00240317
-384.21620422	-0.00186925
-384.18287088	-0.00113505
-384.14953755	-0.00041600
-384.11620422	0.00023153
-384.08287088	0.00109514
-384.04953755	0.00182348
-384.01620421	0.00245758
-383.98287088	0.00298197
-383.94953754	0.00332625
-383.91620421	0.00344963
-383.88287087	0.00339140
-383.84953754	0.00311860
-383.81620420	0.00249211
-383.78287087	0.00172185
-383.74953754	0.00096272
-383.71620420	-0.00001856
-383.68287087	-0.00101206
-383.64953753	-0.00190226
-383.61620420	-0.00271666
-383.58287086	-0.00348899
-383.54953753	-0.00390325
-383.51620419	-0.00417399
-383.48287086	-0.00411804
-383.44953753	-0.00389705
-383.41620419	-0.00364838
-383.38287086	-0.00297186
-383.34953752	-0.00232717
-383.31620419	-0.00175487
-383.28287085	-0.00112487
-383.24953752	-0.00068340
-383.21620418	-0.00038542
-383.18287085	-0.00036202
-383.14953751	-0.00046329
-383.11620418	-0.00093582
-383.08287085	-0.00153348
-383.04953751	-0.00244673
-383.01620418	-0.00347587
-382.98287084	-0.00452145
-382.94953751	-0.00569394
-382.91620417	-0.00677414
-382.88287084	-0.00781802
-382.84953750	-0.00862066
-382.81620417	-0.00931705
-382.78287083	-0.00972782
-382.74953750	-0.00995375
-382.71620417	-0.00985554
-382.68287083	-0.00957997
-382.64953750	-0.00903031
-382.61620416	-0.00824749
-382.58287083	-0.00732091
-382.54953749	-0.00623113
-382.51620416	-0.00498134
-382.48287082	-0.00365830
-382.44953749	-0.00221233
-382.41620416	-0.00085593
-382.38287082	0.00053749
-382.34953749	0.00200057
-382.31620415	0.00338191
-382.28287082	0.00481960
-382.24953748	0.00619208
-382.21620415	0.00755876
-382.18287081	0.00886392
-382.14953748	0.01004337
-382.11620414	0.01122057
-382.08287081	0.01231406
-382.04953748	0.01322134
-382.01620414	0.01397760
-381.98287081	0.01460014
-381.94953747	0.01484567
-381.91620414	0.01483008
-381.88287080	0.01465397
-381.84953747	0.01404650
-381.81620413	0.01312665
-381.78287080	0.01197997
-381.74953747	0.01037103
-381.71620413	0.00860503
-381.68287080	0.00655856
-381.64953746	0.00437073
-381.61620413	0.00205449
-381.58287079	-0.00038011
-381.54953746	-0.00282409
-381.51620412	-0.00514320
-381.48287079	-0.00730084
-381.44953745	-0.00923738
-381.41620412	-0.01091554
-381.38287079	-0.01213317
-381.34953745	-0.01299989
-381.31620412	-0.01343662
-381.28287078	-0.01346750
-381.24953745	-0.01303768
-381.21620411	-0.01212434
-381.18287078	-0.01086138
-381.14953744	-0.00938050
-381.11620411	-0.00756369
-381.08287077	-0.00564200
-381.04953744	-0.00367018
-381.01620411	-0.00176914
-380.98287077	-0.00003785
-380.94953744	0.00137225
-380.91620410	0.00247320
-380.88287077	0.00323665
-380.84953743	0.00357238
-380.81620410	0.00362728
-380.78287076	0.00328317
-380.74953743	0.00263699
-380.71620410	0.00176650
-380.68287076	0.00087901
-380.64953743	-0.00021321
-380.61620409	-0.00105445
-380.58287076	-0.00179232
-380.54953742	-0.00247394
-380.51620409	-0.00284019
-380.48287075	-0.00287285
-380.44953742	-0.00275170
-380.41620408	-0.00241714
-380.38287075	-0.00188719
-380.34953742	-0.00132244
-380.31620408	-0.00056643
-380.28287075	0.00011684
-380.24953741	0.00080166
-380.21620408	0.00138961
-380.18287074	0.00185704
-380.14953741	0.00214045
-380.11620407	0.00241657
-380.08287074	0.00251374
-380.04953741	0.00253975
-380.01620407	0.00254479
-379.98287074	0.00242071
-379.94953740	0.00238398
-379.91620407	0.00233878
-379.88287073	0.00225760
-379.84953740	0.00224914
-379.81620406	0.00218333
-379.78287073	0.00211335
-379.74953739	0.00188771
-379.71620406	0.00172485
-379.68287073	0.00133518
-379.64953739	0.00082119
-379.61620406	0.00014086
-379.58287072	-0.00066491
-379.54953739	-0.00165200
-379.51620405	-0.00269339
-379.48287072	-0.00382726
-379.44953738	-0.00483335
-379.41620405	-0.00579784
-379.38287071	-0.00667953
-379.34953738	-0.00721049
-379.31620405	-0.00741512
-379.28287071	-0.00725446
-379.24953738	-0.00664297
-379.21620404	-0.00559610
-379.18287071	-0.00429035
-379.14953737	-0.00257318
-379.11620404	-0.00072307
-379.08287070	0.00133794
-379.04953737	0.00322941
-379.01620404	0.00512239
-378.98287070	0.00664400
-378.94953737	0.00781143
-378.91620403	0.00853618
-378.88287070	0.00871084
-378.84953736	0.00821564
-378.81620403	0.00728923
-378.78287069	0.00576787
-378.74953736	0.00390444
-378.71620402	0.00173865
-378.68287069	-0.00068110
-378.64953736	-0.00313779
-378.61620402	-0.00548190
-378.58287069	-0.00761600
-378.54953735	-0.00936563
-378.51620402	-0.01065504
-378.48287068	-0.01138187
-378.44953735	-0.01164129
-378.41620401	-0.01128071
-378.38287068	-0.01038162
-378.34953734	-0.00907737
-378.31620401	-0.00733526
-378.28287068	-0.00526371
-378.24953734	-0.00299847
-378.21620401	-0.00073566
-378.18287067	0.00137004
-378.14953734	0.00335543
-378.11620400	0.00505682
-378.08287067	0.00649540
-378.04953733	0.00753710
-378.01620400	0.00807632
-377.98287067	0.00821496
-377.94953733	0.00794597
-377.91620400	0.00723523
-377.88287066	0.00626162
-377.84953733	0.00493120
-377.81620399	0.00350289
-377.78287066	0.00181541
-377.74953732	0.00006114
-377.71620399	-0.00162705
-377.68287065	-0.00315455
-377.64953732	-0.00448413
-377.61620399	-0.00559299
-377.58287065	-0.00637839
-377.54953732	-0.00678400
-377.51620398	-0.00686521
-377.48287065	-0.00659843
-377.44953731	-0.00601162
-377.41620398	-0.00505822
-377.38287064	-0.00386959
-377.34953731	-0.00257517
-377.31620398	-0.00105299
-377.28287064	0.00035776
-377.24953731	0.00179070
-377.21620397	0.00296744
-377.18287064	0.00408170
-377.14953730	0.00484036
-377.11620397	0.00538481
-377.08287063	0.00555666
-377.04953730	0.00542877
-377.01620396	0.00497462
-376.98287063	0.00438167
-376.94953730	0.00358106
-376.91620396	0.00266544
-376.88287063	0.00165715
-376.84953729	0.00060426
-376.81620396	-0.00033548
-376.78287062	-0.00118236
-376.74953729	-0.00181304
-376.71620395	-0.00218333
-376.68287062	-0.00230816
-376.64953728	-0.00212240
-376.61620395	-0.00163097
-376.58287062	-0.00089004
-376.54953728	0.00003900
-376.51620395	0.00124108
-376.48287061	0.00248040
-376.44953728	0.00388472
-376.41620394	0.00514113
-376.38287061	0.00650971
-376.34953727	0.00765649
-376.31620394	0.00867936
-376.28287061	0.00936218
-376.24953727	0.00974770
-376.21620394	0.00974975
-376.18287060	0.00948397
-376.14953727	0.00889858
-376.11620393	0.00804461
-376.08287060	0.00697840
-376.04953726	0.00563538
-376.01620393	0.00418033
-375.98287059	0.00275912
-375.94953726	0.00139643
-375.91620393	0.00015563
-375.88287059	-0.00088770
-375.84953726	-0.00166709
-375.81620392	-0.00210920
-375.78287059	-0.00222117
-375.74953725	-0.00199487
-375.71620392	-0.00137039
-375.68287058	-0.00037776
-375.64953725	0.00077517
-375.61620392	0.00212927
-375.58287058	0.00353386
-375.54953725	0.00502744
-375.51620391	0.00632901
-375.48287058	0.00747494
-375.44953724	0.00827040
-375.41620391	0.00876153
-375.38287057	0.00885735
-375.34953724	0.00847324
-375.31620390	0.00772672
-375.28287057	0.00648297
-375.24953724	0.00481332
-375.21620390	0.00290267
-375.18287057	0.00070897
-375.14953723	-0.00165602
-375.11620390	-0.00412415
-375.08287056	-0.00668928
-375.04953723	-0.00904164
-375.01620389	-0.01134829
-374.98287056	-0.01346552
-374.94953722	-0.01543817
-374.91620389	-0.01715589
-374.88287056	-0.01869662
-374.84953722	-0.02006826
-374.81620389	-0.02134701
-374.78287055	-0.02245679
-374.74953722	-0.02347577
-374.71620388	-0.02466200
-374.68287055	-0.02577377
-374.64953721	-0.02696922
-374.61620388	-0.02835863
-374.58287055	-0.02981171
-374.54953721	-0.03132437
-374.51620388	-0.03303381
-374.48287054	-0.03480772
-374.44953721	-0.03652349
-374.41620387	-0.03823537
-374.38287054	-0.03966929
-374.34953720	-0.04086554
-374.31620387	-0.04166243
-374.28287053	-0.04201909
-374.24953720	-0.04177001
-374.21620387	-0.04077237
-374.18287053	-0.03914358
-374.14953720	-0.03657134
-374.11620386	-0.03313871
-374.08287053	-0.02880358
-374.04953719	-0.02353931
-374.01620386	-0.01750248
-373.98287052	-0.01050115
-373.94953719	-0.00266797
-373.91620385	0.00579687
-373.88287052	0.01479975
-373.84953719	0.02420760
-373.81620385	0.03391404
-373.78287052	0.04364114
-373.74953718	0.05325799
-373.71620385	0.06250731
-373.68287051	0.07118987
-373.64953718	0.07917950
-373.61620384	0.08602984
-373.58287051	0.09181102
-373.54953718	0.09628833
-373.51620384	0.09914317
-373.48287051	0.10045638
-373.44953717	0.09999541
-373.41620384	0.09777908
-373.38287050	0.09375804
-373.34953717	0.08788430
-373.31620383	0.08028059
-373.28287050	0.07112940
-373.24953716	0.06044593
-373.21620383	0.04848524
-373.18287050	0.03548698
-373.14953716	0.02163511
-373.11620383	0.00734566
-373.08287049	-0.00710642
-373.04953716	-0.02140433
-373.01620382	-0.03532194
-372.98287049	-0.04836497
-372.94953715	-0.06040552
-372.91620382	-0.07103260
-372.88287049	-0.08005540
-372.84953715	-0.08718665
-372.81620382	-0.09220783
-372.78287048	-0.09525442
-372.74953715	-0.09612720
-372.71620381	-0.09456864
-372.68287048	-0.09110040
-372.64953714	-0.08557045
-372.61620381	-0.07812966
-372.58287047	-0.06914508
-372.54953714	-0.05886849
-372.51620381	-0.04750657
-372.48287047	-0.03544922
-372.44953714	-0.02315992
-372.41620380	-0.01098215
-372.38287047	0.00089357
-372.34953713	0.01197536
-372.31620380	0.02202799
-372.28287046	0.03068228
-372.24953713	0.03776376
-372.21620379	0.04314345
-372.18287046	0.04664879
-372.14953713	0.04837568
-372.11620379	0.04820487
-372.08287046	0.04639940
-372.04953712	0.04299886
-372.01620379	0.03832783
-371.98287045	0.03255337
-371.94953712	0.02600351
-371.91620378	0.01899274
-371.88287045	0.01178809
-371.84953712	0.00480128
-371.81620378	-0.00183623
-371.78287045	-0.00775156
-371.74953711	-0.01274198
-371.71620378	-0.01669497
-371.68287044	-0.01951981
-371.64953711	-0.02105244
-371.61620377	-0.02151491
-371.58287044	-0.02078032
-371.54953710	-0.01901421
-371.51620377	-0.01639800
-371.48287044	-0.01314220
-371.44953710	-0.00946905
-371.41620377	-0.00550484
-371.38287043	-0.00167154
-371.34953710	0.00194410
-371.31620376	0.00510522
-371.28287043	0.00782384
-371.24953709	0.00972796
-371.21620376	0.01092572
-371.18287043	0.01135288
-371.14953709	0.01103317
-371.11620376	0.01008187
-371.08287042	0.00861302
-371.04953709	0.00676123
-371.01620375	0.00468489
-370.98287042	0.00248531
-370.94953708	0.00058335
-370.91620375	-0.00119025
-370.88287041	-0.00266781
-370.84953708	-0.00368415
-370.81620375	-0.00424790
-370.78287041	-0.00429390
-370.74953708	-0.00401104
-370.71620374	-0.00338946
-370.68287041	-0.00244820
-370.64953707	-0.00143155
-370.61620374	-0.00046884
-370.58287040	0.00037003
-370.54953707	0.00109382
-370.51620373	0.00150719
-370.48287040	0.00168537
-370.44953707	0.00145686
-370.41620373	0.00089212
-370.38287040	0.00024377
-370.34953706	-0.00059294
-370.31620373	-0.00146452
-370.28287039	-0.00225040
-370.24953706	-0.00285302
-370.21620372	-0.00304813
-370.18287039	-0.00295460
-370.14953706	-0.00254456
-370.11620372	-0.00172173
-370.08287039	-0.00057103
-370.04953705	0.00083131
-370.01620372	0.00246160
-369.98287038	0.00404740
-369.94953705	0.00542973
-369.91620371	0.00657719
-369.88287038	0.00743594
-369.84953704	0.00783262
-369.81620371	0.00764044
-369.78287038	0.00702618
-369.74953704	0.00587205
-369.71620371	0.00420131
-369.68287037	0.00223401
-369.64953704	0.00012221
-369.61620370	-0.00226898
-369.58287037	-0.00442989
-369.54953703	-0.00659455
-369.51620370	-0.00839973
-369.48287036	-0.00977767
-369.44953703	-0.01083002
-369.41620370	-0.01146536
-369.38287036	-0.01152615
-369.34953703	-0.01126678
-369.31620369	-0.01077874
-369.28287036	-0.00987975
-369.24953702	-0.00900669
-369.21620369	-0.00799476
-369.18287035	-0.00713360
-369.14953702	-0.00640959
-369.11620369	-0.00579284
-369.08287035	-0.00547407
-369.04953702	-0.00533275
-369.01620368	-0.00546998
-368.98287035	-0.00576554
-368.94953701	-0.00617177
-368.91620368	-0.00665158
-368.88287034	-0.00712568
-368.84953701	-0.00756406
-368.81620367	-0.00780408
-368.78287034	-0.00795605
-368.74953701	-0.00793891
-368.71620367	-0.00767336
-368.68287034	-0.00717708
-368.64953700	-0.00661484
-368.61620367	-0.00592056
-368.58287033	-0.00510872
-368.54953700	-0.00422048
-368.51620366	-0.00339126
-368.48287033	-0.00247465
-368.44953700	-0.00173869
-368.41620366	-0.00115193
-368.38287033	-0.00064730
-368.34953699	-0.00030534
-368.31620366	-0.00010497
-368.28287032	-0.00009891
-368.24953699	-0.00009504
-368.21620365	-0.00032129
-368.18287032	-0.00051305
-368.14953698	-0.00063997
-368.11620365	-0.00079105
-368.08287032	-0.00090511
-368.04953698	-0.00094055
-368.01620365	-0.00077567
-367.98287031	-0.00047165
-367.94953698	-0.00012511
-367.91620364	0.00045256
-367.88287031	0.00108796
-367.84953697	0.00178244
-367.81620364	0.00255483
-367.78287030	0.00329304
-367.74953697	0.00398517
-367.71620364	0.00464578
-367.68287030	0.00516168
-367.64953697	0.00564171
-367.61620363	0.00587785
-367.58287030	0.00601117
-367.54953696	0.00597321
-367.51620363	0.00576404
-367.48287029	0.00541201
-367.44953696	0.00506258
-367.41620363	0.00449870
-367.38287029	0.00407753
-367.34953696	0.00347538
-367.31620362	0.00291010
-367.28287029	0.00248760
-367.24953695	0.00219662
-367.21620362	0.00196663
-367.18287028	0.00184726
-367.14953695	0.00188548
-367.11620361	0.00208220
-367.08287028	0.00228018
-367.04953695	0.00267559
-367.01620361	0.00301081
-366.98287028	0.00348019
-366.94953694	0.00377907
-366.91620361	0.00409932
-366.88287027	0.00437331
-366.84953694	0.00442868
-366.81620360	0.00436763
-366.78287027	0.00411393
-366.74953694	0.00375050
-366.71620360	0.00315979
-366.68287027	0.00244621
-366.64953693	0.00157947
-366.61620360	0.00073621
-366.58287026	-0.00027584
-366.54953693	-0.00127931
-366.51620359	-0.00223462
-366.48287026	-0.00319921
-366.44953692	-0.00405367
-366.41620359	-0.00463797
-366.38287026	-0.00528712
-366.34953692	-0.00556968
-366.31620359	-0.00581299
-366.28287025	-0.00573834
-366.24953692	-0.00544982
-366.21620358	-0.00508481
-366.18287025	-0.00467902
-366.14953691	-0.00414053
-366.11620358	-0.00361423
-366.08287024	-0.00310765
-366.04953691	-0.00257061
-366.01620358	-0.00226472
-365.98287024	-0.00204090
-365.94953691	-0.00200481
-365.91620357	-0.00220383
-365.88287024	-0.00260705
-365.84953690	-0.00317475
-365.81620357	-0.00389569
-365.78287023	-0.00463704
-365.74953690	-0.00547102
-365.71620357	-0.00633409
-365.68287023	-0.00705796
-365.64953690	-0.00761803
-365.61620356	-0.00796309
-365.58287023	-0.00825593
-365.54953689	-0.00817440
-365.51620356	-0.00778981
-365.48287022	-0.00724127
-365.44953689	-0.00647350
-365.41620355	-0.00554079
-365.38287022	-0.00449718
-365.34953689	-0.00337517
-365.31620355	-0.00226333
-365.28287022	-0.00112793
-365.24953688	-0.00012122
-365.21620355	0.00081432
-365.18287021	0.00162203
-365.14953688	0.00225359
-365.11620354	0.00270156
-365.08287021	0.00299521
-365.04953687	0.00312139
-365.01620354	0.00308226
-364.98287021	0.00289687
-364.94953687	0.00253821
-364.91620354	0.00213539
-364.88287020	0.00151974
-364.84953687	0.00076950
-364.81620353	-0.00000595
-364.78287020	-0.00077465
-364.74953686	-0.00154397
-364.71620353	-0.00225650
-364.68287020	-0.00298790
-364.64953686	-0.00363530
-364.61620353	-0.00400534
-364.58287019	-0.00434528
-364.54953686	-0.00449878
-364.51620352	-0.00447382
-364.48287019	-0.00430646
-364.44953685	-0.00405418
-364.41620352	-0.00363869
-364.38287018	-0.00320587
-364.34953685	-0.00282299
-364.31620352	-0.00240504
-364.28287018	-0.00205820
-364.24953685	-0.00181326
-364.21620351	-0.00171878
-364.18287018	-0.00175058
-364.14953684	-0.00192003
-364.11620351	-0.00221050
-364.08287017	-0.00256008
-364.04953684	-0.00312576
-364.01620351	-0.00365891
-363.98287017	-0.00414637
-363.94953684	-0.00453803
-363.91620350	-0.00495959
-363.88287017	-0.00510728
-363.84953683	-0.00495726
-363.81620350	-0.00471362
-363.78287016	-0.00402375
-363.74953683	-0.00322936
-363.71620349	-0.00213311
-363.68287016	-0.00083371
-363.64953683	0.00063997
-363.61620349	0.00209070
-363.58287016	0.00359346
-363.54953682	0.00505790
-363.51620349	0.00631278
-363.48287015	0.00720775
-363.44953682	0.00787960
-363.41620348	0.00814658
-363.38287015	0.00801639
-363.34953681	0.00755392
-363.31620348	0.00653310
-363.28287015	0.00522736
-363.24953681	0.00376899
-363.21620348	0.00207245
-363.18287014	0.00018491
-363.14953681	-0.00158277
-363.11620347	-0.00347000
-363.08287014	-0.00504556
-363.04953680	-0.00639782
-363.01620347	-0.00738238
-362.98287014	-0.00808161
-362.94953680	-0.00836338
-362.91620347	-0.00819312
-362.88287013	-0.00773247
-362.84953680	-0.00689187
-362.81620346	-0.00589485
-362.78287013	-0.00471645
-362.74953679	-0.00328867
-362.71620346	-0.00193552
-362.68287012	-0.00067990
-362.64953679	0.00042043
-362.61620346	0.00128752
-362.58287012	0.00193118
-362.54953679	0.00222324
-362.51620345	0.00231183
-362.48287012	0.00206057
-362.44953678	0.00158038
-362.41620345	0.00067263
-362.38287011	-0.00018213
-362.34953678	-0.00123000
-362.31620345	-0.00227397
-362.28287011	-0.00336021
-362.24953678	-0.00420124
-362.21620344	-0.00498568
-362.18287011	-0.00559422
-362.14953677	-0.00579943
-362.11620344	-0.00574897
-362.08287010	-0.00537532
-362.04953677	-0.00470766
-362.01620343	-0.00384526
-361.98287010	-0.00271022
-361.94953677	-0.00146432
-361.91620343	-0.00003104
-361.88287010	0.00133036
-361.84953676	0.00268901
-361.81620343	0.00399088
-361.78287009	0.00492026
-361.74953676	0.00566117
-361.71620342	0.00613795
-361.68287009	0.00619227
-361.64953675	0.00589065
-361.61620342	0.00527269
-361.58287009	0.00432714
-361.54953675	0.00302329
-361.51620342	0.00149956
-361.48287008	-0.00018014
-361.44953675	-0.00204642
-361.41620341	-0.00386432
-361.38287008	-0.00564420
-361.34953674	-0.00728894
-361.31620341	-0.00857745
-361.28287008	-0.00979349
-361.24953674	-0.01051253
-361.21620341	-0.01090179
-361.18287007	-0.01087840
-361.14953674	-0.01041797
-361.11620340	-0.00967375
-361.08287007	-0.00855900
-361.04953673	-0.00713252
-361.01620340	-0.00556878
-360.98287006	-0.00387072
-360.94953673	-0.00200566
-360.91620340	-0.00016834
-360.88287006	0.00150620
-360.84953673	0.00300414
-360.81620339	0.00422046
-360.78287006	0.00515411
-360.74953672	0.00576896
-360.71620339	0.00597421
-360.68287005	0.00570031
-360.64953672	0.00507464
-360.61620338	0.00411808
-360.58287005	0.00280956
-360.54953672	0.00129543
-360.51620338	-0.00043784
-360.48287005	-0.00226550
-360.44953671	-0.00404910
-360.41620338	-0.00583733
-360.38287004	-0.00744940
-360.34953671	-0.00868337
-360.31620337	-0.00971607
-360.28287004	-0.01040629
-360.24953671	-0.01065494
-360.21620337	-0.01056059
-360.18287004	-0.01016218
-360.14953670	-0.00931909
-360.11620337	-0.00827517
-360.08287003	-0.00708190
-360.04953670	-0.00579052
-360.01620336	-0.00446678
-359.98287003	-0.00327458
-359.94953669	-0.00212635
-359.91620336	-0.00125586
-359.88287003	-0.00064633
-359.84953669	-0.00028742
-359.81620336	-0.00019583
-359.78287002	-0.00034278
-359.74953669	-0.00077466
-359.71620335	-0.00132734
-359.68287002	-0.00195343
-359.64953668	-0.00269887
-359.61620335	-0.00325747
-359.58287002	-0.00367637
-359.54953668	-0.00399959
-359.51620335	-0.00414684
-359.48287001	-0.00392590
-359.44953668	-0.00341354
-359.41620334	-0.00269308
-359.38287001	-0.00170149
-359.34953667	-0.00039954
-359.31620334	0.00106344
-359.28287000	0.00257378
-359.24953667	0.00421174
-359.21620334	0.00568198
-359.18287000	0.00719439
-359.14953667	0.00848348
-359.11620333	0.00950162
-359.08287000	0.01036077
-359.04953666	0.01086781
-359.01620333	0.01100354
-358.98286999	0.01077646
-358.94953666	0.01031749
-358.91620332	0.00958448
-358.88286999	0.00863785
-358.84953666	0.00759024
-358.81620332	0.00639398
-358.78286999	0.00523236
-358.74953665	0.00396694
-358.71620332	0.00277643
-358.68286998	0.00177133
-358.64953665	0.00094872
-358.61620331	0.00013624
-358.58286998	-0.00034121
-358.54953665	-0.00078623
-358.51620331	-0.00111436
-358.48286998	-0.00126667
-358.44953664	-0.00137826
-358.41620331	-0.00144666
-358.38286997	-0.00161214
-358.34953664	-0.00179771
-358.31620330	-0.00218233
-358.28286997	-0.00258349
-358.24953663	-0.00330480
-358.21620330	-0.00410188
-358.18286997	-0.00507040
-358.14953663	-0.00625978
-358.11620330	-0.00744469
-358.08286996	-0.00876941
-358.04953663	-0.01020500
-358.01620329	-0.01160411
-357.98286996	-0.01295232
-357.94953662	-0.01425617
-357.91620329	-0.01543516
-357.88286996	-0.01643899
-357.84953662	-0.01727541
-357.81620329	-0.01791089
-357.78286995	-0.01831146
-357.74953662	-0.01835561
-357.71620328	-0.01827855
-357.68286995	-0.01807716
-357.64953661	-0.01761731
-357.61620328	-0.01699825
-357.58286994	-0.01614841
-357.54953661	-0.01531073
-357.51620328	-0.01430542
-357.48286994	-0.01324012
-357.44953661	-0.01221050
-357.41620327	-0.01100385
-357.38286994	-0.00993718
-357.34953660	-0.00886192
-357.31620327	-0.00780953
-357.28286993	-0.00671205
-357.24953660	-0.00567029
-357.21620326	-0.00469909
-357.18286993	-0.00370950
-357.14953660	-0.00258330
-357.11620326	-0.00158923
-357.08286993	-0.00058467
-357.04953659	0.00050409
-357.01620326	0.00176010
-356.98286992	0.00288740
-356.94953659	0.00414214
-356.91620325	0.00539225
-356.88286992	0.00684677
-356.84953659	0.00845605
-356.81620325	0.01013182
-356.78286992	0.01187841
-356.74953658	0.01377834
-356.71620325	0.01581975
-356.68286991	0.01778905
-356.64953658	0.01991566
-356.61620324	0.02190902
-356.58286991	0.02376371
-356.54953657	0.02548695
-356.51620324	0.02698752
-356.48286991	0.02813124
-356.44953657	0.02890855
-356.41620324	0.02926600
-356.38286990	0.02908083
-356.34953657	0.02842817
-356.31620323	0.02709311
-356.28286990	0.02527410
-356.24953656	0.02284583
-356.21620323	0.01977838
-356.18286989	0.01623948
-356.14953656	0.01224115
-356.11620323	0.00761749
-356.08286989	0.00282730
-356.04953656	-0.00221400
-356.01620322	-0.00749419
-355.98286989	-0.01270319
-355.94953655	-0.01779510
-355.91620322	-0.02259002
-355.88286988	-0.02709384
-355.84953655	-0.03113850
-355.81620322	-0.03451974
-355.78286988	-0.03719308
-355.74953655	-0.03915124
-355.71620321	-0.04020094
-355.68286988	-0.04040914
-355.64953654	-0.03969343
-355.61620321	-0.03809392
-355.58286987	-0.03574668
-355.54953654	-0.03265713
-355.51620320	-0.02889406
-355.48286987	-0.02447926
-355.44953654	-0.01964656
-355.41620320	-0.01451883
-355.38286987	-0.00928595
-355.34953653	-0.00406432
-355.31620320	0.00115140
-355.28286986	0.00611908
-355.24953653	0.01064891
-355.21620319	0.01461478
-355.18286986	0.01802509
-355.14953653	0.02084750
-355.11620319	0.02283680
-355.08286986	0.02393508
-355.04953652	0.02435456
-355.01620319	0.02395728
-354.98286985	0.02264585
-354.94953652	0.02068685
-354.91620318	0.01807431
-354.88286985	0.01475522
-354.84953651	0.01097965
-354.81620318	0.00691458
-354.78286985	0.00255582
-354.74953651	-0.00192248
-354.71620318	-0.00622566
-354.68286984	-0.01028944
-354.64953651	-0.01403837
-354.61620317	-0.01726058
-354.58286984	-0.01990330
-354.54953650	-0.02181670
-354.51620317	-0.02288174
-354.48286983	-0.02319065
-354.44953650	-0.02271711
-354.41620317	-0.02148937
-354.38286983	-0.01945985
-354.34953650	-0.01689803
-354.31620316	-0.01373174
-354.28286983	-0.01028255
-354.24953649	-0.00661297
-354.21620316	-0.00284994
-354.18286982	0.00058719
-354.14953649	0.00390079
-354.11620316	0.00690753
-354.08286982	0.00933077
-354.04953649	0.01115940
-354.01620315	0.01254109
-353.98286982	0.01311053
-353.94953648	0.01293721
-353.91620315	0.01225798
-353.88286981	0.01101891
-353.84953648	0.00929411
-353.81620314	0.00716410
-353.78286981	0.00478024
-353.74953648	0.00229047
-353.71620314	-0.00024259
-353.68286981	-0.00265481
-353.64953647	-0.00495886
-353.61620314	-0.00695513
-353.58286980	-0.00853794
-353.54953647	-0.00976043
-353.51620313	-0.01047976
-353.48286980	-0.01074032
-353.44953647	-0.01059004
-353.41620313	-0.01003045
-353.38286980	-0.00907051
-353.34953646	-0.00788669
-353.31620313	-0.00651934
-353.28286979	-0.00496379
-353.24953646	-0.00348965
-353.21620312	-0.00208507
-353.18286979	-0.00076986
-353.14953645	0.00030336
-353.11620312	0.00120304
-353.08286979	0.00174466
-353.04953645	0.00210116
-353.01620312	0.00221254
-352.98286978	0.00201690
-352.94953645	0.00168859
-352.91620311	0.00123531
-352.88286978	0.00073186
-352.84953644	0.00018472
-352.81620311	-0.00022070
-352.78286977	-0.00059865
-352.74953644	-0.00079348
-352.71620311	-0.00097742
-352.68286977	-0.00090022
-352.64953644	-0.00061383
-352.61620310	-0.00043228
-352.58286977	-0.00019789
-352.54953643	0.00016250
-352.51620310	0.00035344
-352.48286976	0.00041979
-352.44953643	0.00041131
-352.41620310	0.00002906
-352.38286976	-0.00049088
-352.34953643	-0.00115086
-352.31620309	-0.00218673
-352.28286976	-0.00329798
-352.24953642	-0.00462400
-352.21620309	-0.00594924
-352.18286975	-0.00734079
-352.14953642	-0.00865944
-352.11620308	-0.00992430
-352.08286975	-0.01100233
-352.04953642	-0.01197533
-352.01620308	-0.01260337
-351.98286975	-0.01307694
-351.94953641	-0.01316839
-351.91620308	-0.01315726
-351.88286974	-0.01275751
-351.84953641	-0.01230869
-351.81620307	-0.01159945
-351.78286974	-0.01081774
-351.74953640	-0.00986242
-351.71620307	-0.00898732
-351.68286974	-0.00808322
-351.64953640	-0.00711196
-351.61620307	-0.00621303
-351.58286973	-0.00527824
-351.54953640	-0.00441712
-351.51620306	-0.00359026
-351.48286973	-0.00279375
-351.44953639	-0.00197940
-351.41620306	-0.00119769
-351.38286973	-0.00044858
-351.34953639	0.00048870
-351.31620306	0.00144992
-351.28286972	0.00220121
-351.24953639	0.00288911
-351.21620305	0.00373582
-351.18286972	0.00442979
-351.14953638	0.00504404
-351.11620305	0.00541829
-351.08286971	0.00579758
-351.04953638	0.00584497
-351.01620305	0.00569275
-350.98286971	0.00534806
-350.94953638	0.00477567
-350.91620304	0.00411004
-350.88286971	0.00308106
-350.84953637	0.00205320
-350.81620304	0.00099960
-350.78286970	-0.00010973
-350.74953637	-0.00127917
-350.71620304	-0.00224122
-350.68286970	-0.00311171
-350.64953637	-0.00378653
-350.61620303	-0.00433136
-350.58286970	-0.00467008
-350.54953636	-0.00476233
-350.51620303	-0.00464824
-350.48286969	-0.00440550
-350.44953636	-0.00399168
-350.41620302	-0.00350587
-350.38286969	-0.00288615
-350.34953636	-0.00226548
-350.31620302	-0.00160475
-350.28286969	-0.00102027
-350.24953635	-0.00048397
-350.21620302	-0.00002405
-350.18286968	0.00039542
-350.14953635	0.00057123
-350.11620301	0.00069641
-350.08286968	0.00083643
-350.04953634	0.00081900
-350.01620301	0.00076973
-349.98286968	0.00075410
-349.94953634	0.00059122
-349.91620301	0.00038490
-349.88286967	0.00021749
-349.84953634	0.00002281
-349.81620300	-0.00014477
-349.78286967	-0.00030134
-349.74953633	-0.00051276
-349.71620300	-0.00070309
-349.68286967	-0.00093614
-349.64953633	-0.00116592
-349.61620300	-0.00139788
-349.58286966	-0.00179087
-349.54953633	-0.00206666
-349.51620299	-0.00232489
-349.48286966	-0.00267128
-349.44953632	-0.00305455
-349.41620299	-0.00333875
-349.38286965	-0.00364686
-349.34953632	-0.00389268
-349.31620299	-0.00411182
-349.28286965	-0.00428617
-349.24953632	-0.00423214
-349.21620298	-0.00427987
-349.18286965	-0.00423120
-349.14953631	-0.00396415
-349.11620298	-0.00376809
-349.08286964	-0.00347144
-349.04953631	-0.00303268
-349.01620298	-0.00262990
-348.98286964	-0.00226614
-348.94953631	-0.00185174
-348.91620297	-0.00155060
-348.88286964	-0.00139948
-348.84953630	-0.00118304
-348.81620297	-0.00107029
-348.78286963	-0.00115281
-348.74953630	-0.00129430
-348.71620296	-0.00159895
-348.68286963	-0.00197323
-348.64953630	-0.00242682
-348.61620296	-0.00301599
-348.58286963	-0.00361805
-348.54953629	-0.00421487
-348.51620296	-0.00479840
-348.48286962	-0.00548884
-348.44953629	-0.00599895
-348.41620295	-0.00640961
-348.38286962	-0.00670949
-348.34953628	-0.00680948
-348.31620295	-0.00671606
-348.28286962	-0.00649727
-348.24953628	-0.00610805
-348.21620295	-0.00550464
-348.18286961	-0.00478154
-348.14953628	-0.00398896
-348.11620294	-0.00312447
-348.08286961	-0.00234051
-348.04953627	-0.00150226
-348.01620294	-0.00072117
-347.98286961	-0.00018953
-347.94953627	0.00024829
-347.91620294	0.00047778
-347.88286960	0.00057699
-347.84953627	0.00037968
-347.81620293	-0.00003772
-347.78286960	-0.00054292
-347.74953626	-0.00130002
-347.71620293	-0.00206610
-347.68286959	-0.00285004
-347.64953626	-0.00365663
-347.61620293	-0.00445295
-347.58286959	-0.00509113
-347.54953626	-0.00557788
-347.51620292	-0.00583542
-347.48286959	-0.00588087
-347.44953625	-0.00574191
-347.41620292	-0.00527991
-347.38286958	-0.00455785
-347.34953625	-0.00383769
-347.31620291	-0.00285115
-347.28286958	-0.00178062
-347.24953625	-0.00080069
-347.21620291	0.00019869
-347.18286958	0.00110422
-347.14953624	0.00169597
-347.11620291	0.00219964
-347.08286957	0.00246932
-347.04953624	0.00244957
-347.01620290	0.00219159
-346.98286957	0.00163458
-346.94953624	0.00091235
-346.91620290	0.00000675
-346.88286957	-0.00106142
-346.84953623	-0.00221511
-346.81620290	-0.00345642
-346.78286956	-0.00454795
-346.74953623	-0.00559000
-346.71620289	-0.00647306
-346.68286956	-0.00714704
-346.64953622	-0.00774629
-346.61620289	-0.00800202
-346.58286956	-0.00810116
-346.54953622	-0.00790155
-346.51620289	-0.00754754
-346.48286955	-0.00696524
-346.44953622	-0.00613317
-346.41620288	-0.00523456
-346.38286955	-0.00432212
-346.34953621	-0.00331304
-346.31620288	-0.00228246
-346.28286955	-0.00142718
-346.24953621	-0.00046172
-346.21620288	0.00025540
-346.18286954	0.00081817
-346.14953621	0.00137787
-346.11620287	0.00166391
-346.08286954	0.00182847
-346.04953620	0.00178459
-346.01620287	0.00157672
-345.98286953	0.00132516
-345.94953620	0.00092783
-345.91620287	0.00048192
-345.88286953	0.00004421
-345.84953620	-0.00047352
-345.81620286	-0.00090884
-345.78286953	-0.00133057
-345.74953619	-0.00170581
-345.71620286	-0.00198599
-345.68286952	-0.00209733
-345.64953619	-0.00209879
-345.61620285	-0.00202600
-345.58286952	-0.00183375
-345.54953619	-0.00156677
-345.51620285	-0.00126125
-345.48286952	-0.00086583
-345.44953618	-0.00042867
-345.41620285	-0.00007859
-345.38286951	0.00022868
-345.34953618	0.00038972
-345.31620284	0.00049328
-345.28286951	0.00043569
-345.24953618	0.00011814
-345.21620284	-0.00032922
-345.18286951	-0.00091937
-345.14953617	-0.00173988
-345.11620284	-0.00260696
-345.08286950	-0.00370289
-345.04953617	-0.00473216
-345.01620283	-0.00585267
-344.98286950	-0.00702288
-344.94953616	-0.00786430
-344.91620283	-0.00882395
-344.88286950	-0.00934576
-344.84953616	-0.00969476
-344.81620283	-0.00985175
-344.78286949	-0.00950467
-344.74953616	-0.00902336
-344.71620282	-0.00821322
-344.68286949	-0.00711581
-344.64953615	-0.00580672
-344.61620282	-0.00440104
-344.58286949	-0.00285166
-344.54953615	-0.00142181
-344.51620282	-0.00007315
-344.48286948	0.00116250
-344.44953615	0.00220307
-344.41620281	0.00293584
-344.38286948	0.00329388
-344.34953614	0.00341230
-344.31620281	0.00321712
-344.28286947	0.00256883
-344.24953614	0.00173892
-344.21620281	0.00057053
-344.18286947	-0.00058125
-344.14953614	-0.00190029
-344.11620280	-0.00317870
-344.08286947	-0.00442488
-344.04953613	-0.00547541
-344.01620280	-0.00635727
-343.98286946	-0.00693567
-343.94953613	-0.00723318
-343.91620279	-0.00714011
-343.88286946	-0.00688543
-343.84953613	-0.00623716
-343.81620279	-0.00541292
-343.78286946	-0.00444042
-343.74953612	-0.00332386
-343.71620279	-0.00220286
-343.68286945	-0.00111671
-343.64953612	-0.00010869
-343.61620278	0.00070277
-343.58286945	0.00128575
-343.54953612	0.00171605
-343.51620278	0.00187032
-343.48286945	0.00160668
-343.44953611	0.00122164
-343.41620278	0.00061651
-343.38286944	-0.00019992
-343.34953611	-0.00122799
-343.31620277	-0.00227594
-343.28286944	-0.00333552
-343.24953610	-0.00449817
-343.21620277	-0.00550432
-343.18286944	-0.00640988
-343.14953610	-0.00714140
-343.11620277	-0.00751449
-343.08286943	-0.00781284
-343.04953610	-0.00783712
-343.01620276	-0.00766492
-342.98286943	-0.00727714
-342.94953609	-0.00670583
-342.91620276	-0.00588325
-342.88286942	-0.00506562
-342.84953609	-0.00430639
-342.81620276	-0.00338551
-342.78286942	-0.00249916
-342.74953609	-0.00175982
-342.71620275	-0.00111573
-342.68286942	-0.00061449
-342.64953608	-0.00022292
-342.61620275	-0.00014595
-342.58286941	-0.00008024
-342.54953608	-0.00009052
-342.51620275	-0.00035652
-342.48286941	-0.00047580
-342.44953608	-0.00066974
-342.41620274	-0.00093763
-342.38286941	-0.00110601
-342.34953607	-0.00120418
-342.31620274	-0.00120491
-342.28286940	-0.00108982
-342.24953607	-0.00087167
-342.21620273	-0.00046656
-342.18286940	0.00002799
-342.14953607	0.00062949
-342.11620273	0.00129445
-342.08286940	0.00200882
-342.04953606	0.00265474
-342.01620273	0.00325168
-341.98286939	0.00384940
-341.94953606	0.00426015
-341.91620272	0.00457812
-341.88286939	0.00466334
-341.84953606	0.00460345
-341.81620272	0.00443165
-341.78286939	0.00409073
-341.74953605	0.00355179
-341.71620272	0.00296169
-341.68286938	0.00214981
-341.64953605	0.00130131
-341.61620271	0.00045819
-341.58286938	-0.00044474
-341.54953604	-0.00144843
-341.51620271	-0.00239306
-341.48286938	-0.00321078
-341.44953604	-0.00403202
-341.41620271	-0.00475549
-341.38286937	-0.00542564
-341.34953604	-0.00604823
-341.31620270	-0.00638344
-341.28286937	-0.00673902
-341.24953603	-0.00694783
-341.21620270	-0.00712663
-341.18286936	-0.00710400
-341.14953603	-0.00702821
-341.11620270	-0.00686928
-341.08286936	-0.00677792
-341.04953603	-0.00649433
-341.01620269	-0.00629397
-340.98286936	-0.00615448
-340.94953602	-0.00593876
-340.91620269	-0.00587468
-340.88286935	-0.00587486
-340.84953602	-0.00593291
-340.81620269	-0.00607583
-340.78286935	-0.00621375
-340.74953602	-0.00644569
-340.71620268	-0.00665247
-340.68286935	-0.00692250
-340.64953601	-0.00716783
-340.61620268	-0.00742087
-340.58286934	-0.00754738
-340.54953601	-0.00755239
-340.51620267	-0.00743438
-340.48286934	-0.00730754
-340.44953601	-0.00704685
-340.41620267	-0.00667692
-340.38286934	-0.00609941
-340.34953600	-0.00559615
-340.31620267	-0.00498062
-340.28286933	-0.00432321
-340.24953600	-0.00365130
-340.21620266	-0.00302723
-340.18286933	-0.00246793
-340.14953600	-0.00191217
-340.11620266	-0.00141317
-340.08286933	-0.00092714
-340.04953599	-0.00037958
-340.01620266	0.00000986
-339.98286932	0.00046369
-339.94953599	0.00088788
-339.91620265	0.00120707
-339.88286932	0.00166027
-339.84953598	0.00208588
-339.81620265	0.00241290
-339.78286932	0.00286691
-339.74953598	0.00330502
-339.71620265	0.00374877
-339.68286931	0.00414102
-339.64953598	0.00458304
-339.61620264	0.00487259
-339.58286931	0.00514109
-339.54953597	0.00545243
-339.51620264	0.00559152
-339.48286930	0.00570327
-339.44953597	0.00569310
-339.41620264	0.00565831
-339.38286930	0.00547618
-339.34953597	0.00519216
-339.31620263	0.00482385
-339.28286930	0.00425572
-339.24953596	0.00359927
-339.21620263	0.00291640
-339.18286929	0.00205955
-339.14953596	0.00112160
-339.11620263	0.00017978
-339.08286929	-0.00099524
-339.04953596	-0.00212242
-339.01620262	-0.00328884
-338.98286929	-0.00453241
-338.94953595	-0.00571690
-338.91620262	-0.00682334
-338.88286928	-0.00793752
-338.84953595	-0.00895494
-338.81620261	-0.00986246
-338.78286928	-0.01065379
-338.74953595	-0.01138963
-338.71620261	-0.01185694
-338.68286928	-0.01232308
-338.64953594	-0.01250351
-338.61620261	-0.01250852
-338.58286927	-0.01233524
-338.54953594	-0.01208720
-338.51620260	-0.01157936
-338.48286927	-0.01098617
-338.44953593	-0.01018528
-338.41620260	-0.00916191
-338.38286927	-0.00802041
-338.34953593	-0.00680462
-338.31620260	-0.00546641
-338.28286926	-0.00396578
-338.24953593	-0.00247058
-338.21620259	-0.00091259
-338.18286926	0.00070861
-338.14953592	0.00220222
-338.11620259	0.00353971
-338.08286926	0.00481293
-338.04953592	0.00588294
-338.01620259	0.00666262
-337.98286925	0.00727000
-337.94953592	0.00761445
-337.91620258	0.00757128
-337.88286925	0.00731367
-337.84953591	0.00666784
-337.81620258	0.00575654
-337.78286924	0.00465095
-337.74953591	0.00331939
-337.71620258	0.00191762
-337.68286924	0.00037017
-337.64953591	-0.00119411
-337.61620257	-0.00265637
-337.58286924	-0.00415167
-337.54953590	-0.00542639
-337.51620257	-0.00649578
-337.48286923	-0.00733766
-337.44953590	-0.00792159
-337.41620257	-0.00825473
-337.38286923	-0.00831459
-337.34953590	-0.00810780
-337.31620256	-0.00768169
-337.28286923	-0.00709492
-337.24953589	-0.00626868
-337.21620256	-0.00534741
-337.18286922	-0.00435962
-337.14953589	-0.00331472
-337.11620255	-0.00221924
-337.08286922	-0.00121543
-337.04953589	-0.00025023
-337.01620255	0.00058570
-336.98286922	0.00136717
-336.94953588	0.00200470
-336.91620255	0.00244212
-336.88286921	0.00280893
-336.84953588	0.00297109
-336.81620254	0.00294002
-336.78286921	0.00286507
-336.74953587	0.00257740
-336.71620254	0.00224878
-336.68286921	0.00175796
-336.64953587	0.00121165
-336.61620254	0.00065570
-336.58286920	0.00002588
-336.54953587	-0.00062335
-336.51620253	-0.00115574
-336.48286920	-0.00169035
-336.44953586	-0.00214254
-336.41620253	-0.00255447
-336.38286920	-0.00278064
-336.34953586	-0.00297302
-336.31620253	-0.00308151
-336.28286919	-0.00301479
-336.24953586	-0.00290319
-336.21620252	-0.00274239
-336.18286919	-0.00249921
-336.14953585	-0.00222273
-336.11620252	-0.00196475
-336.08286918	-0.00167970
-336.04953585	-0.00143772
-336.01620252	-0.00118320
-335.98286918	-0.00099420
-335.94953585	-0.00081371
-335.91620251	-0.00070921
-335.88286918	-0.00065937
-335.84953584	-0.00060052
-335.81620251	-0.00063242
-335.78286917	-0.00063941
-335.74953584	-0.00070329
-335.71620251	-0.00072925
-335.68286917	-0.00079437
-335.64953584	-0.00083435
-335.61620250	-0.00085605
-335.58286917	-0.00086610
-335.54953583	-0.00086840
-335.51620250	-0.00084907
-335.48286916	-0.00078799
-335.44953583	-0.00074178
-335.41620249	-0.00065364
-335.38286916	-0.00057205
-335.34953583	-0.00051046
-335.31620249	-0.00045158
-335.28286916	-0.00038638
-335.24953582	-0.00033296
-335.21620249	-0.00029771
-335.18286915	-0.00028529
-335.14953582	-0.00028864
-335.11620248	-0.00031237
-335.08286915	-0.00033446
-335.04953581	-0.00038186
-335.01620248	-0.00043222
-334.98286915	-0.00050520
-334.94953581	-0.00056182
-334.91620248	-0.00060489
-334.88286914	-0.00066453
-334.84953581	-0.00068863
-334.81620247	-0.00071813
-334.78286914	-0.00071166
-334.74953580	-0.00069390
-334.71620247	-0.00065637
-334.68286914	-0.00060241
-334.64953580	-0.00054063
-334.61620247	-0.00046292
-334.58286913	-0.00038474
-334.54953580	-0.00029963
-334.51620246	-0.00022507
-334.48286913	-0.00015102
-334.44953579	-0.00008595
-334.41620246	-0.00003292
-334.38286912	0.00000730
-334.34953579	0.00003609
-334.31620246	0.00005010
-334.28286912	0.00005891
-334.24953579	0.00005772
-334.21620245	0.00005217
-334.18286912	0.00004256
-334.14953578	0.00003233
-334.11620245	0.00002289
-334.08286911	0.00001399
-334.04953578	0.00000712
-334.01620244	0.00000294
-333.98286911	0.00000022
-333.94953578	-0.00000065
-333.91620244	-0.00000060
-333.88286911	-0.00000022
-333.84953577	0.00000000
