# Menlo Systems GmbH ScanControl
# Program Version 1.7.0+git.a90605a3
# Start: -433.90000000 ps, Average over 3000 waveforms. Timestamp: 2024-05-07T16:14:46
# Window type: Tukey, parameters: alpha = 0.1
# User time axis shift: 0 ps
# Time axis offset: 0 ps
# Frequency [THz]	THz Signal [a.u.]
0.00000000	-23.89978858
0.00732601	-31.94793678
0.01465201	-24.30177740
0.02197802	-26.72211542
0.02930403	-25.08595699
0.03663004	-24.84442874
0.04395604	-25.27140523
0.05128205	-26.21225551
0.05860806	-25.18319408
0.06593406	-25.38290934
0.07326007	-32.41502687
0.08058608	-22.65454848
0.08791208	-29.63851506
0.09523809	-21.82648441
0.10256410	-18.53888927
0.10989011	-24.52458732
0.11721611	-17.07850307
0.12454212	-16.08070318
0.13186813	-18.08203221
0.13919413	-14.60529654
0.14652014	-12.97172311
0.15384615	-14.52746086
0.16117216	-13.10978043
0.16849816	-11.18018300
0.17582417	-10.84924174
0.18315018	-11.68330944
0.19047618	-11.06111403
0.19780219	-7.91739458
0.20512820	-8.19720929
0.21245420	-10.23508653
0.21978021	-7.30641221
0.22710622	-5.62324003
0.23443223	-7.77638014
0.24175823	-7.66705366
0.24908424	-5.15712745
0.25641025	-7.11339283
0.26373625	-7.69537037
0.27106226	-5.89451425
0.27838827	-6.13066907
0.28571428	-7.50184690
0.29304028	-6.55500115
0.30036629	-5.30546062
0.30769230	-6.25286163
0.31501830	-6.04607005
0.32234431	-4.83329285
0.32967032	-4.25988656
0.33699633	-5.35536896
0.34432233	-4.46356110
0.35164834	-3.62528501
0.35897435	-4.34077112
0.36630035	-3.89972482
0.37362636	-3.42557442
0.38095237	-3.68027035
0.38827837	-3.32955569
0.39560438	-2.96343015
0.40293039	-3.09333340
0.41025640	-3.09415060
0.41758240	-2.73050285
0.42490841	-2.45887070
0.43223442	-2.51007895
0.43956042	-2.22099276
0.44688643	-1.80214507
0.45421244	-1.22469046
0.46153845	-1.26864262
0.46886445	-1.23458701
0.47619046	-0.77196718
0.48351647	-0.94455204
0.49084247	-1.04666852
0.49816848	-1.01019622
0.50549449	-1.33626360
0.51282049	-1.02730543
0.52014650	-1.39418214
0.52747251	-1.68312221
0.53479852	-0.92653756
0.54212452	-1.36420472
0.54945053	-0.95781405
0.55677654	-1.04931091
0.56410254	-1.03305261
0.57142855	-0.26622809
0.57875456	-0.19311686
0.58608057	-0.59583195
0.59340657	0.00000000
0.60073258	-0.42243530
0.60805859	-0.51343660
0.61538459	-0.25726810
0.62271060	-0.94601793
0.63003661	-0.39939942
0.63736261	-0.72706609
0.64468862	-1.06027022
0.65201463	-0.68222175
0.65934064	-0.81677172
0.66666664	-0.88364045
0.67399265	-0.64151163
0.68131866	-0.73563252
0.68864466	-0.55396077
0.69597067	-0.65057749
0.70329668	-0.73274793
0.71062269	-0.44803230
0.71794869	-0.87803752
0.72527470	-0.83203060
0.73260071	-1.21174208
0.73992671	-1.50712936
0.74725272	-1.74398343
0.75457873	-2.48293626
0.76190473	-1.97809547
0.76923074	-2.37279031
0.77655675	-2.33333643
0.78388276	-2.29365557
0.79120876	-2.43407145
0.79853477	-2.21067361
0.80586078	-2.51304157
0.81318678	-2.34540921
0.82051279	-2.42499861
0.82783880	-2.76649525
0.83516481	-2.63669563
0.84249081	-2.85023475
0.84981682	-2.96093276
0.85714283	-3.08782588
0.86446883	-3.53328187
0.87179484	-3.43060831
0.87912085	-3.90224764
0.88644686	-4.29407708
0.89377286	-4.13619054
0.90109887	-4.47603122
0.90842488	-4.76000141
0.91575088	-4.47776472
0.92307689	-4.62232945
0.93040290	-4.47593149
0.93772890	-4.43263505
0.94505491	-4.64445003
0.95238092	-4.39267373
0.95970693	-5.10049864
0.96703293	-5.57766000
0.97435894	-5.63387422
0.98168495	-6.64025990
0.98901095	-7.09258411
0.99633696	-7.74624421
1.00366297	-7.78278689
1.01098898	-7.86690388
1.01831498	-8.50537832
1.02564099	-7.71888541
1.03296700	-8.01156123
1.04029300	-7.78936966
1.04761901	-7.79087287
1.05494502	-7.90952219
1.06227102	-7.66779070
1.06959703	-8.44026400
1.07692304	-8.72624768
1.08424905	-8.94693955
1.09157505	-9.83193278
1.09890106	-11.70035748
1.10622707	-10.87784848
1.11355307	-11.00745162
1.12087908	-11.20131244
1.12820509	-11.39962363
1.13553110	-10.89261317
1.14285710	-11.05712921
1.15018311	-11.39335646
1.15750912	-11.83888833
1.16483512	-12.69196743
1.17216113	-10.84421202
1.17948714	-11.48687349
1.18681314	-11.24450819
1.19413915	-11.35679061
1.20146516	-12.06172054
1.20879117	-13.79053060
1.21611717	-13.21155444
1.22344318	-13.94728597
1.23076919	-15.30757555
1.23809519	-15.30158895
1.24542120	-15.08838838
1.25274721	-15.18822277
1.26007322	-15.44969229
1.26739922	-14.84212746
1.27472523	-14.57502122
1.28205124	-14.07284560
1.28937724	-14.18011518
1.29670325	-13.93792062
1.30402926	-13.70589201
1.31135527	-14.41956708
1.31868127	-15.25729969
1.32600728	-15.38439085
1.33333329	-16.66599106
1.34065929	-17.27169247
1.34798530	-18.05281864
1.35531131	-18.09333380
1.36263731	-17.72829885
1.36996332	-18.54016682
1.37728933	-17.32249932
1.38461534	-17.54817876
1.39194134	-16.79409070
1.39926735	-16.78609116
1.40659336	-16.81118597
1.41391936	-17.10455429
1.42124537	-16.67781697
1.42857138	-17.13153086
1.43589739	-17.30038913
1.44322339	-17.97232858
1.45054940	-18.73373657
1.45787541	-19.37219635
1.46520141	-19.39729544
1.47252742	-19.97678289
1.47985343	-20.95637488
1.48717943	-20.43087987
1.49450544	-20.19497638
1.50183145	-19.99337314
1.50915746	-19.38090613
1.51648346	-18.67351219
1.52380947	-18.23671500
1.53113548	-18.87419745
1.53846148	-18.66743389
1.54578749	-18.72147259
1.55311350	-19.51070096
1.56043951	-20.39652797
1.56776551	-21.08540080
1.57509152	-21.93444102
1.58241753	-23.48222289
1.58974353	-24.10879246
1.59706954	-24.23147639
1.60439555	-24.58267851
1.61172155	-23.99716652
1.61904756	-23.15909571
1.62637357	-22.62416939
1.63369958	-22.35230813
1.64102558	-22.38785460
1.64835159	-22.16508638
1.65567760	-22.28302184
1.66300360	-24.94133201
1.67032961	-27.61265761
1.67765562	-25.04201004
1.68498163	-24.41449377
1.69230763	-25.30670210
1.69963364	-26.21306103
1.70695965	-26.40875762
1.71428565	-29.72067769
1.72161166	-30.72846709
1.72893767	-27.17418724
1.73626367	-26.80107763
1.74358968	-26.28783864
1.75091569	-25.45177695
1.75824170	-24.78681670
1.76556770	-24.98844990
1.77289371	-25.58324277
1.78021972	-25.67854358
1.78754572	-26.06745481
1.79487173	-28.03745149
1.80219774	-28.62100471
1.80952375	-29.24440177
1.81684975	-30.62559331
1.82417576	-31.70960523
1.83150177	-31.53059450
1.83882777	-31.33042531
1.84615378	-30.76530026
1.85347979	-30.63565508
1.86080580	-29.75255735
1.86813180	-30.56330103
1.87545781	-29.20788272
1.88278382	-28.63901042
1.89010982	-29.24448246
1.89743583	-29.68402651
1.90476184	-30.76688221
1.91208784	-31.80422344
1.91941385	-34.18219375
1.92673986	-34.99922110
1.93406587	-35.71048197
1.94139187	-35.57000860
1.94871788	-34.85848015
1.95604389	-34.34556621
1.96336989	-34.12883846
1.97069590	-33.66960248
1.97802191	-33.28156024
1.98534792	-33.46226833
1.99267392	-33.13771960
1.99999993	-32.56177365
2.00732594	-33.03247381
2.01465194	-34.79316015
2.02197795	-35.25122915
2.02930396	-35.52064324
2.03662996	-37.14686458
2.04395597	-38.09381919
2.05128198	-38.50419439
2.05860799	-40.44080280
2.06593399	-42.17390480
2.07326000	-40.40565083
2.08058601	-40.04369340
2.08791201	-40.08237046
2.09523802	-39.46601533
2.10256403	-38.76428936
2.10989004	-38.38601679
2.11721604	-38.42354971
2.12454205	-37.64557025
2.13186806	-38.06638422
2.13919406	-40.16862869
2.14652007	-41.99675892
2.15384608	-42.89527468
2.16117208	-46.77358256
2.16849809	-51.83617873
2.17582410	-48.08403508
2.18315011	-47.46320998
2.19047611	-47.35720856
2.19780212	-49.88994009
2.20512813	-47.40792688
2.21245413	-47.97628691
2.21978014	-48.66763308
2.22710615	-47.58676627
2.23443216	-45.64974311
2.24175816	-46.31218827
2.24908417	-50.24340268
2.25641018	-55.20010062
2.26373618	-78.23534326
2.27106219	-59.72840605
2.27838820	-52.56358598
2.28571420	-50.21653168
2.29304021	-52.93316071
2.30036622	-52.40714864
2.30769223	-48.79382369
2.31501823	-48.20343867
2.32234424	-49.84143125
2.32967025	-50.36977518
2.33699625	-51.23074569
2.34432226	-56.84276274
2.35164827	-60.35949896
2.35897428	-52.52477380
2.36630028	-53.14105539
2.37362629	-53.57591765
2.38095230	-52.06296611
2.38827830	-49.70468677
2.39560431	-52.86619251
2.40293032	-48.82444081
2.41025633	-46.70719001
2.41758233	-46.17800170
2.42490834	-47.89247289
2.43223435	-48.21642995
2.43956035	-48.25482624
2.44688636	-50.16553310
2.45421237	-50.76028170
2.46153837	-51.40299641
2.46886438	-53.11840886
2.47619039	-51.43644916
2.48351640	-51.35591505
2.49084240	-50.61111621
2.49816841	-48.55510685
2.50549442	-47.76764058
2.51282042	-46.73437052
2.52014643	-45.81751735
2.52747244	-46.77786565
2.53479845	-48.30980027
2.54212445	-48.89759981
2.54945046	-48.67391745
2.55677647	-49.61460064
2.56410247	-48.97562665
2.57142848	-48.20814436
2.57875449	-49.12080274
2.58608049	-50.19244260
2.59340650	-48.41514489
2.60073251	-46.79147463
2.60805852	-46.30181457
2.61538452	-46.11451882
2.62271053	-46.31909790
2.63003654	-47.30484142
2.63736254	-50.00933695
2.64468855	-60.10663289
2.65201456	-51.99505822
2.65934057	-50.01742211
2.66666657	-50.46366519
2.67399258	-49.70277108
2.68131859	-49.35753295
2.68864459	-50.93427309
2.69597060	-49.39281562
2.70329661	-47.71993582
2.71062261	-47.21964230
2.71794862	-47.15808165
2.72527463	-47.07635989
2.73260064	-47.38723435
2.73992664	-47.56621718
2.74725265	-47.62540407
2.75457866	-47.27040023
2.76190466	-48.19699395
2.76923067	-49.62312688
2.77655668	-57.47596442
2.78388269	-54.22095114
2.79120869	-50.27306528
2.79853470	-49.68568522
2.80586071	-50.08967831
2.81318671	-49.27049982
2.82051272	-48.72586314
2.82783873	-49.31093618
2.83516473	-48.69794702
2.84249074	-48.73778581
2.84981675	-48.88720487
2.85714276	-47.99012074
2.86446876	-47.35393197
2.87179477	-47.86786161
2.87912078	-48.77084602
2.88644678	-51.52877611
2.89377279	-49.88027532
2.90109880	-49.00915114
2.90842481	-48.99815260
2.91575081	-48.99419842
2.92307682	-48.68451151
2.93040283	-48.60828200
2.93772883	-48.09732544
2.94505484	-48.17674501
2.95238085	-48.92856160
2.95970686	-49.51706588
2.96703286	-49.98942596
2.97435887	-56.33559298
2.98168488	-51.26654686
2.98901088	-50.84051392
2.99633689	-50.43470133
3.00366290	-50.48639192
3.01098890	-52.01383605
3.01831491	-70.04560473
3.02564092	-53.83938820
3.03296693	-51.62088408
3.04029293	-51.06465623
3.04761894	-53.11229423
3.05494495	-51.15895666
3.06227095	-51.11290877
3.06959696	-51.35797177
3.07692297	-50.84989801
3.08424898	-51.35836855
3.09157498	-51.55809261
3.09890099	-51.07803315
3.10622700	-51.18254088
3.11355300	-51.84587626
3.12087901	-51.70018238
3.12820502	-52.91914451
3.13553102	-55.03905452
3.14285703	-56.18265841
3.15018304	-53.08142720
3.15750905	-52.48113007
3.16483505	-52.99761780
3.17216106	-56.25262599
3.17948707	-53.49354397
3.18681307	-53.78209151
3.19413908	-53.24518925
3.20146509	-52.42254545
3.20879110	-52.58788010
3.21611710	-52.53046328
3.22344311	-52.16902020
3.23076912	-54.24392592
3.23809512	-53.26953217
3.24542113	-52.75626942
3.25274714	-53.61690690
3.26007314	-53.32688382
3.26739915	-52.71467906
3.27472516	-52.92966021
3.28205117	-53.18192626
3.28937717	-54.55724699
3.29670318	-55.09783424
3.30402919	-56.00986357
3.31135519	-55.64102344
3.31868120	-55.16736662
3.32600721	-53.51203813
3.33333322	-57.41959072
3.34065922	-56.22122400
3.34798523	-55.56348930
3.35531124	-56.09572385
3.36263724	-54.64203819
3.36996325	-53.49794791
3.37728926	-55.37115017
3.38461527	-55.59101711
3.39194127	-55.98385656
3.39926728	-56.89710639
3.40659329	-57.55942365
3.41391929	-56.77742835
3.42124530	-55.68856013
3.42857131	-56.17791415
3.43589731	-56.34162292
3.44322332	-56.77934581
3.45054933	-57.95591613
3.45787534	-57.99018978
3.46520134	-57.67122902
3.47252735	-57.52236534
3.47985336	-57.87408020
3.48717936	-57.91944762
3.49450537	-58.97455237
3.50183138	-59.11008400
3.50915739	-58.27641342
3.51648339	-56.75320805
3.52380940	-55.46999882
3.53113541	-55.72811095
3.53846141	-58.07319901
3.54578742	-59.02592392
3.55311343	-61.13865010
3.56043943	-59.30952376
3.56776544	-56.81972448
3.57509145	-58.46014239
3.58241746	-60.51258595
3.58974346	-59.66783564
3.59706947	-62.47668861
3.60439548	-66.32900076
3.61172148	-62.44992050
3.61904749	-63.03466839
3.62637350	-62.14880276
3.63369951	-62.94341474
3.64102551	-63.17410717
3.64835152	-62.55032532
3.65567753	-68.11356517
3.66300353	-66.96509286
3.67032954	-60.41068869
3.67765555	-59.18568208
3.68498155	-59.29447517
3.69230756	-60.27678765
3.69963357	-62.03547947
3.70695958	-64.25459293
3.71428558	-66.49248305
3.72161159	-65.60012202
3.72893760	-65.15777723
3.73626360	-66.61134807
3.74358961	-67.16950677
3.75091562	-62.88223869
3.75824163	-60.10782165
3.76556763	-59.92552933
3.77289364	-60.78250853
3.78021965	-62.32192754
3.78754565	-63.85564308
3.79487166	-64.87718995
3.80219767	-68.41105684
3.80952367	-75.29862326
3.81684968	-71.46085865
3.82417569	-70.95319196
3.83150170	-69.51614282
3.83882770	-67.43326872
3.84615371	-67.53638518
3.85347972	-65.74936163
3.86080572	-64.41982208
3.86813173	-63.46570217
3.87545774	-63.27265836
3.88278375	-63.71427242
3.89010975	-65.19381818
3.89743576	-66.61026787
3.90476177	-66.89999319
3.91208777	-68.75639240
3.91941378	-71.63389758
3.92673979	-79.10121335
3.93406580	-77.85295296
3.94139180	-71.62152347
3.94871781	-69.06095134
3.95604382	-71.52631206
3.96336982	-70.10099814
3.97069583	-71.46326079
3.97802184	-75.00217526
3.98534784	-76.38789645
3.99267385	-68.50945165
3.99999986	-69.23609221
4.00732587	-72.86357818
4.01465187	-75.62388941
4.02197788	-87.66818061
4.02930389	-84.40788070
4.03662989	-92.29091492
4.04395590	-100.06265212
4.05128191	-81.68023219
4.05860792	-78.82454540
4.06593392	-79.43299476
4.07325993	-79.36015590
4.08058594	-77.08789631
4.08791194	-75.56425809
4.09523795	-74.03632356
4.10256396	-75.80228162
4.10988996	-72.06454145
4.11721597	-73.06337195
4.12454198	-73.37711337
4.13186799	-74.04756800
4.13919399	-75.11807755
4.14652000	-77.09413705
4.15384601	-76.72301463
4.16117201	-76.50136004
4.16849802	-84.39371583
4.17582403	-88.04471332
4.18315004	-77.85617653
4.19047604	-79.39106845
4.19780205	-77.97232355
4.20512806	-76.85293563
4.21245406	-74.74224836
4.21978007	-79.15332101
4.22710608	-75.94724589
4.23443208	-73.03631491
4.24175809	-72.38142574
4.24908410	-77.72933320
4.25641011	-76.36222381
4.26373611	-85.81783384
4.27106212	-82.36698872
4.27838813	-82.49033263
4.28571413	-79.65385429
4.29304014	-77.25880362
4.30036615	-77.79342609
4.30769216	-75.00050779
4.31501816	-74.77912237
4.32234417	-73.24401405
4.32967018	-72.25677348
4.33699618	-73.35997082
4.34432219	-73.86055737
4.35164820	-75.78638879
4.35897420	-74.63694243
4.36630021	-76.18472430
4.37362622	-79.39779916
4.38095223	-77.19911692
4.38827823	-78.60265565
4.39560424	-78.06220446
4.40293025	-75.92756642
4.41025625	-76.21436250
4.41758226	-75.78511217
4.42490827	-73.70165385
4.43223428	-75.88965720
4.43956028	-74.05950465
4.44688629	-77.47358857
4.45421230	-76.76118456
4.46153830	-79.77587804
4.46886431	-81.58011228
4.47619032	-83.04589609
4.48351633	-79.06974001
4.49084233	-78.72506007
4.49816834	-79.34428483
4.50549435	-73.99475356
4.51282035	-78.78227253
4.52014636	-89.92107123
4.52747237	-82.36741237
4.53479837	-75.36350039
4.54212438	-81.07296815
4.54945039	-76.45757093
4.55677640	-81.27371387
4.56410240	-77.98103801
4.57142841	-78.00242243
4.57875442	-79.05166658
4.58608042	-79.35308448
4.59340643	-84.77944912
4.60073244	-79.06344331
4.60805845	-85.73628606
4.61538445	-80.23453559
4.62271046	-78.72266360
4.63003647	-81.14482115
4.63736247	-79.98109202
4.64468848	-80.28862026
4.65201449	-81.27513874
4.65934049	-78.49172770
4.66666650	-77.61220806
4.67399251	-80.60894095
4.68131852	-85.68066735
4.68864452	-85.09249455
4.69597053	-88.12323137
4.70329654	-84.81093105
4.71062254	-86.98190029
4.71794855	-79.77125383
4.72527456	-92.48244738
4.73260057	-85.59460829
4.73992657	-105.43634112
4.74725258	-82.10852058
4.75457859	-78.62016147
4.76190459	-82.03083767
4.76923060	-88.44956967
4.77655661	-85.92345312
4.78388261	-94.71790567
4.79120862	-93.66004489
4.79853463	-88.80063934
4.80586064	-86.95016442
4.81318664	-83.32108210
4.82051265	-88.55392075
4.82783866	-82.09214391
4.83516466	-79.70664455
4.84249067	-85.92457810
4.84981668	-88.03637469
4.85714269	-85.20716890
4.86446869	-81.88961768
4.87179470	-93.75856091
4.87912071	-90.17824564
4.88644671	-88.98341287
4.89377272	-88.75289365
4.90109873	-88.08250633
4.90842473	-89.63460143
4.91575074	-84.80277017
4.92307675	-89.70420191
4.93040276	-86.55537668
4.93772876	-84.29046329
4.94505477	-87.14191309
4.95238078	-93.30433695
4.95970678	-100.04281307
4.96703279	-92.35549354
4.97435880	-94.06202145
4.98168481	-86.76608139
4.98901081	-92.08773460
4.99633682	-96.53229167
5.00366283	-87.03086057
5.01098883	-82.48962616
5.01831484	-92.34505682
5.02564085	-81.70181639
5.03296686	-87.39926768
5.04029286	-86.43073540
5.04761887	-91.20274972
5.05494488	-81.11547594
5.06227088	-86.82440411
5.06959689	-91.15412702
5.07692290	-84.29804309
5.08424890	-80.86141169
5.09157491	-93.35409344
5.09890092	-95.49788106
5.10622693	-96.85263218
5.11355293	-91.96951040
5.12087894	-88.45461926
5.12820495	-87.92953152
5.13553095	-101.02216998
5.14285696	-91.28671392
5.15018297	-86.55921943
5.15750898	-83.22845082
5.16483498	-84.49119120
5.17216099	-87.50226095
5.17948700	-83.88096611
5.18681300	-92.19383436
5.19413901	-87.84548543
5.20146502	-90.54321185
5.20879102	-83.50663711
5.21611703	-94.70228664
5.22344304	-83.20010140
5.23076905	-83.80942582
5.23809505	-92.48882822
5.24542106	-83.29444131
5.25274707	-84.24053822
5.26007307	-85.32032708
5.26739908	-83.47053763
5.27472509	-92.36185701
5.28205110	-94.61810488
5.28937710	-87.50535757
5.29670311	-91.22640926
5.30402912	-81.05792648
5.31135512	-82.57125355
5.31868113	-80.79873048
5.32600714	-84.05816554
5.33333314	-87.79098605
5.34065915	-83.38421425
5.34798516	-78.44917484
5.35531117	-82.67063648
5.36263717	-84.48208864
5.36996318	-84.02677796
5.37728919	-83.75590119
5.38461519	-89.39958259
5.39194120	-90.34977420
5.39926721	-89.29282205
5.40659322	-82.92652160
5.41391922	-88.44284102
5.42124523	-88.06918712
5.42857124	-80.84915608
5.43589724	-81.73035639
5.44322325	-96.00266309
5.45054926	-81.21996684
5.45787527	-81.50334225
5.46520127	-97.80958615
5.47252728	-88.45335963
5.47985329	-100.69191313
5.48717929	-83.05135206
5.49450530	-89.40277825
5.50183131	-84.53676544
5.50915731	-87.42626132
5.51648332	-88.43430641
5.52380933	-85.41735063
5.53113534	-83.60830176
5.53846134	-85.79709063
5.54578735	-100.82553657
5.55311336	-83.92418428
5.56043936	-85.05739592
5.56776537	-103.34503405
5.57509138	-86.09544332
5.58241739	-90.11254073
5.58974339	-87.48040215
5.59706940	-84.39589374
5.60439541	-84.24984613
5.61172141	-85.93899092
5.61904742	-88.40409542
5.62637343	-87.22599949
5.63369943	-95.99238998
5.64102544	-86.44420467
5.64835145	-92.27237902
5.65567746	-87.13172343
5.66300346	-88.39716713
5.67032947	-89.76169538
5.67765548	-85.63658241
5.68498148	-84.87057329
5.69230749	-93.19384469
5.69963350	-84.08738087
5.70695951	-92.83650376
5.71428551	-90.32701290
5.72161152	-84.36357163
5.72893753	-83.67126455
5.73626353	-84.47279526
5.74358954	-87.30702795
5.75091555	-100.18030311
5.75824155	-85.62560192
5.76556756	-89.89795022
5.77289357	-86.60288168
5.78021958	-86.39800153
5.78754558	-104.95217877
5.79487159	-96.60263546
5.80219760	-91.66764818
5.80952360	-100.51308439
5.81684961	-85.34433157
5.82417562	-83.24878389
5.83150163	-94.47513881
5.83882763	-90.71371716
5.84615364	-91.62827566
5.85347965	-90.27486318
5.86080565	-90.69773273
5.86813166	-106.30222964
5.87545767	-82.21917424
5.88278367	-79.37752497
5.89010968	-86.97845808
5.89743569	-89.94243964
5.90476170	-88.53649790
5.91208770	-93.57190229
5.91941371	-93.74560163
5.92673972	-88.62626185
5.93406572	-90.88685785
5.94139173	-92.32826388
5.94871774	-87.94826488
5.95604375	-84.35167798
5.96336975	-101.69905824
5.97069576	-85.31874475
5.97802177	-90.73307707
5.98534777	-92.35814000
5.99267378	-91.35095824
5.99999979	-82.61368219
6.00732580	-85.53653600
6.01465180	-95.57853169
6.02197781	-94.69984845
6.02930382	-96.21938617
6.03662982	-95.46765742
6.04395583	-88.10942340
6.05128184	-90.70999808
6.05860784	-107.46693247
6.06593385	-90.63140857
6.07325986	-91.25195518
6.08058587	-96.32342388
6.08791187	-97.04370120
6.09523788	-98.71868599
6.10256389	-95.71427122
6.10988989	-96.11937293
6.11721590	-95.19590464
6.12454191	-91.39996328
6.13186792	-89.00045904
6.13919392	-98.55087228
6.14651993	-83.90645136
6.15384594	-85.34385938
6.16117194	-117.70161355
6.16849795	-97.87705580
6.17582396	-92.12985541
6.18314996	-85.25341654
6.19047597	-89.36374354
6.19780198	-89.20927775
6.20512799	-84.51975866
6.21245399	-91.46475962
6.21978000	-95.14025119
6.22710601	-94.25819074
6.23443201	-89.46699474
6.24175802	-92.92164886
6.24908403	-94.67920069
6.25641004	-89.99972837
6.26373604	-94.08650889
6.27106205	-89.53806847
6.27838806	-91.61427346
6.28571406	-86.81433497
6.29304007	-97.42602308
6.30036608	-92.32587444
6.30769208	-87.73112089
6.31501809	-86.29430410
6.32234410	-89.07070488
6.32967011	-96.92847025
6.33699611	-86.94150952
6.34432212	-91.31730712
6.35164813	-92.83294090
6.35897413	-83.85180449
6.36630014	-92.74602941
6.37362615	-94.02452632
6.38095216	-89.92793409
6.38827816	-101.80431990
6.39560417	-84.66259562
6.40293018	-94.00977931
6.41025618	-91.34009318
6.41758219	-96.37021264
6.42490820	-88.21423949
6.43223420	-90.43061126
6.43956021	-85.30412419
6.44688622	-105.17072429
6.45421223	-91.14651773
6.46153823	-86.71557210
6.46886424	-85.31355626
6.47619025	-88.41909314
6.48351625	-93.02404559
6.49084226	-102.83191651
6.49816827	-99.26196910
6.50549428	-97.82108807
6.51282028	-92.18421664
6.52014629	-89.03809489
6.52747230	-94.76234010
6.53479830	-89.96305513
6.54212431	-90.00535287
6.54945032	-89.46385973
6.55677633	-85.72964116
6.56410233	-89.01116334
6.57142834	-89.43303190
6.57875435	-87.99854154
6.58608035	-94.31741809
6.59340636	-95.34480627
6.60073237	-90.75161712
6.60805837	-86.30211582
6.61538438	-91.15111091
6.62271039	-87.56477277
6.63003640	-101.02119321
6.63736240	-87.36449429
6.64468841	-81.89543317
6.65201442	-94.02910905
6.65934042	-89.30552658
6.66666643	-96.94622827
6.67399244	-91.52764141
6.68131845	-83.22575791
6.68864445	-91.38987958
6.69597046	-93.67431100
6.70329647	-94.39844891
6.71062247	-86.80960586
6.71794848	-85.69674444
6.72527449	-86.44733664
6.73260049	-96.08983826
6.73992650	-87.36557083
6.74725251	-86.91936531
6.75457852	-95.79453271
6.76190452	-91.19278813
6.76923053	-90.98796378
6.77655654	-99.41899611
6.78388254	-90.32664538
6.79120855	-86.08687213
6.79853456	-92.57617644
6.80586057	-103.10538558
6.81318657	-94.26890863
6.82051258	-91.40861382
6.82783859	-91.37587998
6.83516459	-89.43422415
6.84249060	-89.79074737
6.84981661	-86.02989567
6.85714261	-87.82396574
6.86446862	-89.63238943
6.87179463	-94.99555263
6.87912064	-85.72119066
6.88644664	-84.90989060
6.89377265	-82.02119270
6.90109866	-96.42499303
6.90842466	-87.13161854
6.91575067	-84.77349109
6.92307668	-96.08796588
6.93040269	-96.84892476
6.93772869	-98.78634798
6.94505470	-81.88107329
6.95238071	-83.64481886
6.95970671	-96.42305470
6.96703272	-96.27740649
6.97435873	-97.07945806
6.98168473	-83.68226102
6.98901074	-86.99067966
6.99633675	-88.30424031
7.00366276	-102.26524996
7.01098876	-88.29172315
7.01831477	-102.60193863
7.02564078	-98.67487459
7.03296678	-84.21207443
7.04029279	-86.49862496
7.04761880	-96.33148449
7.05494481	-103.80141850
7.06227081	-89.54058095
7.06959682	-88.80026962
7.07692283	-83.89815980
7.08424883	-88.14980762
7.09157484	-91.68612136
7.09890085	-94.23482412
7.10622686	-99.86039778
7.11355286	-88.59341921
7.12087887	-88.68324021
7.12820488	-90.92088015
7.13553088	-94.73472955
7.14285689	-91.80249060
7.15018290	-86.74994946
7.15750890	-87.64022157
7.16483491	-86.01129088
7.17216092	-92.49678648
7.17948693	-92.22346067
7.18681293	-90.06128976
7.19413894	-85.09896576
7.20146495	-88.27527461
7.20879095	-97.62794261
7.21611696	-92.32785388
7.22344297	-88.31805570
7.23076898	-82.86468397
7.23809498	-91.78276656
7.24542099	-87.15935932
7.25274700	-91.06725574
7.26007300	-89.70107409
7.26739901	-102.47142038
7.27472502	-101.07564964
7.28205102	-86.11590691
7.28937703	-88.93511868
7.29670304	-87.51069657
7.30402905	-85.91673791
7.31135505	-107.24504002
7.31868106	-84.68852089
7.32600707	-95.41026318
7.33333307	-94.46081326
7.34065908	-87.81766858
7.34798509	-90.08156918
7.35531110	-90.42199305
7.36263710	-95.81819505
7.36996311	-101.73636467
7.37728912	-92.44574223
7.38461512	-94.76195061
7.39194113	-87.67936930
7.39926714	-91.92919448
7.40659314	-91.29221117
7.41391915	-88.43914720
7.42124516	-92.40063752
7.42857117	-88.90766410
7.43589717	-85.09913012
7.44322318	-100.75800188
7.45054919	-86.77783428
7.45787519	-91.17552872
7.46520120	-93.06981042
7.47252721	-96.18079825
7.47985322	-95.90094839
7.48717922	-96.09264332
7.49450523	-94.13967449
7.50183124	-87.79991969
7.50915724	-96.33214258
7.51648325	-89.08772896
7.52380926	-90.03345467
7.53113526	-90.27847370
7.53846127	-88.19295913
7.54578728	-88.54672275
7.55311329	-86.33315909
7.56043929	-90.45024771
7.56776530	-103.28496429
7.57509131	-95.28591498
7.58241731	-89.55627787
7.58974332	-89.28785859
7.59706933	-86.89993212
7.60439534	-85.80394440
7.61172134	-97.45810395
7.61904735	-93.21331554
7.62637336	-87.07243140
7.63369936	-97.41356583
7.64102537	-89.39129928
7.64835138	-88.76150182
7.65567739	-82.88167801
7.66300339	-82.64681455
7.67032940	-86.90105308
7.67765541	-95.04031850
7.68498141	-89.94892794
7.69230742	-93.59751473
7.69963343	-83.18558946
7.70695943	-96.73176484
7.71428544	-82.20865717
7.72161145	-96.04469945
7.72893746	-88.25714663
7.73626346	-96.49572945
7.74358947	-89.40835706
7.75091548	-96.42800871
7.75824148	-86.42519746
7.76556749	-104.82133063
7.77289350	-90.93166427
7.78021951	-92.02253174
7.78754551	-91.87196926
7.79487152	-85.60142996
7.80219753	-97.59074312
7.80952353	-96.42910802
7.81684954	-86.13390283
7.82417555	-89.99836614
7.83150155	-87.52209849
7.83882756	-95.08670529
7.84615357	-93.14363709
7.85347958	-100.19427300
7.86080558	-96.66842598
7.86813159	-87.64709660
7.87545760	-93.77205277
7.88278360	-83.23627386
7.89010961	-86.43776900
7.89743562	-95.53664514
7.90476163	-99.21104600
7.91208763	-105.83380995
7.91941364	-90.07080165
7.92673965	-86.54596505
7.93406565	-86.65397441
7.94139166	-87.45320461
7.94871767	-94.58098912
7.95604367	-90.89012570
7.96336968	-90.68683352
7.97069569	-97.83913897
7.97802170	-88.80524493
7.98534770	-88.97773977
7.99267371	-90.95811765
7.99999972	-84.94335447
8.00732572	-94.17858588
8.01465173	-84.89008465
8.02197774	-93.19930175
8.02930375	-83.50419970
8.03662975	-85.84396204
8.04395576	-87.59466737
8.05128177	-88.53719433
8.05860777	-95.20771036
8.06593378	-86.13877363
8.07325979	-92.08325889
8.08058580	-86.70886284
8.08791180	-93.06821207
8.09523781	-92.87702024
8.10256382	-91.44542407
8.10988982	-93.33206622
8.11721583	-85.16809525
8.12454184	-87.71242360
8.13186784	-97.58484168
8.13919385	-96.72527140
8.14651986	-95.00356795
8.15384587	-94.57386887
8.16117187	-102.80951735
8.16849788	-88.24942653
8.17582389	-93.77501142
8.18314989	-102.30008711
8.19047590	-90.77109838
8.19780191	-92.11349069
8.20512792	-93.41091005
8.21245392	-93.49013454
8.21977993	-88.70398304
8.22710594	-93.06645024
8.23443194	-91.17892743
8.24175795	-90.67465061
8.24908396	-91.83392256
8.25640996	-90.68137606
8.26373597	-82.45561366
8.27106198	-86.30519973
8.27838799	-91.59217331
8.28571399	-94.88771753
8.29304000	-88.20186904
8.30036601	-88.83363034
8.30769201	-85.39252875
8.31501802	-106.56433091
8.32234403	-91.60991951
8.32967004	-87.51493632
8.33699604	-91.64312679
8.34432205	-84.19793156
8.35164806	-84.58760870
8.35897406	-89.98476640
8.36630007	-82.95189797
8.37362608	-92.30726180
8.38095208	-86.95130664
8.38827809	-91.39734801
8.39560410	-89.45280781
8.40293011	-91.59253791
8.41025611	-91.76299907
8.41758212	-92.64219325
8.42490813	-91.77681881
8.43223413	-88.36995616
8.43956014	-88.03923401
8.44688615	-84.64703765
8.45421216	-100.10523244
8.46153816	-85.16402493
8.46886417	-93.21859589
8.47619018	-82.91749229
8.48351618	-86.51525448
8.49084219	-92.01250847
8.49816820	-89.76491366
8.50549420	-86.55614619
8.51282021	-87.88086199
8.52014622	-88.26089144
8.52747223	-87.97847642
8.53479823	-96.56304450
8.54212424	-89.33925021
8.54945025	-94.46780191
8.55677625	-96.24837806
8.56410226	-88.40173632
8.57142827	-88.03448952
8.57875428	-95.58860231
8.58608028	-100.86381724
8.59340629	-92.88335040
8.60073230	-95.23807930
8.60805830	-89.53312163
8.61538431	-93.95335502
8.62271032	-96.13461880
8.63003633	-100.17438313
8.63736233	-90.80780438
8.64468834	-96.30089409
8.65201435	-101.50974297
8.65934035	-87.83509994
8.66666636	-94.52838067
8.67399237	-93.98945228
8.68131837	-106.59021030
8.68864438	-91.73242093
8.69597039	-86.33992694
8.70329640	-96.55112229
8.71062240	-83.49727187
8.71794841	-88.41947248
8.72527442	-87.22256016
8.73260042	-86.04907647
8.73992643	-87.45217081
8.74725244	-94.82819144
8.75457845	-111.28183160
8.76190445	-96.08825938
8.76923046	-91.31269615
8.77655647	-92.26838083
8.78388247	-95.55308252
8.79120848	-88.72311145
8.79853449	-95.72393573
8.80586049	-88.61484553
8.81318650	-93.71706027
8.82051251	-89.23111927
8.82783852	-86.55784794
8.83516452	-83.61925291
8.84249053	-97.38764605
8.84981654	-89.14787670
8.85714254	-83.12999968
8.86446855	-85.47288088
8.87179456	-92.35326084
8.87912057	-90.65905221
8.88644657	-84.00290911
8.89377258	-85.84665729
8.90109859	-95.20752731
8.90842459	-82.48928399
8.91575060	-87.71199676
8.92307661	-94.53469966
8.93040261	-91.63549015
8.93772862	-93.42124742
8.94505463	-90.81609699
8.95238064	-95.02713123
8.95970664	-87.92763583
8.96703265	-88.82290761
8.97435866	-93.07722081
8.98168466	-97.78370322
8.98901067	-93.94883696
8.99633668	-90.87557358
9.00366269	-95.55491404
9.01098869	-90.15600305
9.01831470	-91.59540948
9.02564071	-86.18054451
9.03296671	-82.94781101
9.04029272	-94.03291019
9.04761873	-91.56827269
9.05494473	-92.35972875
9.06227074	-87.20016244
9.06959675	-83.55856390
9.07692276	-86.78814062
9.08424876	-89.62551119
9.09157477	-100.17556673
9.09890078	-109.61788389
9.10622678	-97.57255503
9.11355279	-90.31714298
9.12087880	-97.98142208
9.12820481	-106.61197774
9.13553081	-92.30057561
9.14285682	-96.74549258
9.15018283	-94.34854698
9.15750883	-106.76217671
9.16483484	-94.24247362
9.17216085	-98.64103479
9.17948686	-103.40349783
9.18681286	-94.67145200
9.19413887	-88.36184709
9.20146488	-90.75669309
9.20879088	-97.89781896
9.21611689	-90.88904591
9.22344290	-99.32689690
9.23076890	-91.46235457
9.23809491	-104.65130477
9.24542092	-94.07578111
9.25274693	-97.81005398
9.26007293	-94.64512553
9.26739894	-93.12012931
9.27472495	-92.19309351
9.28205095	-98.62134221
9.28937696	-90.49188144
9.29670297	-93.79924675
9.30402898	-99.73188983
9.31135498	-86.89275430
9.31868099	-98.11939371
9.32600700	-88.07199449
9.33333300	-91.26566627
9.34065901	-88.58591645
9.34798502	-88.32565911
9.35531102	-93.10633023
9.36263703	-82.95090368
9.36996304	-92.27838035
9.37728905	-95.00835445
9.38461505	-89.95474565
9.39194106	-89.70843064
9.39926707	-83.77299476
9.40659307	-96.69546951
9.41391908	-85.34311089
9.42124509	-88.31908362
9.42857110	-86.66386697
9.43589710	-88.43462063
9.44322311	-88.60988412
9.45054912	-85.53461406
9.45787512	-87.27652689
9.46520113	-88.57189495
9.47252714	-97.87607164
9.47985314	-101.42368982
9.48717915	-96.38431447
9.49450516	-88.13530972
9.50183117	-86.13598724
9.50915717	-102.01716977
9.51648318	-85.55153165
9.52380919	-87.80382393
9.53113519	-91.64318442
9.53846120	-93.89128588
9.54578721	-91.70950771
9.55311322	-88.64606860
9.56043922	-90.77818394
9.56776523	-91.89960465
9.57509124	-89.48173670
9.58241724	-93.47037514
9.58974325	-92.84504546
9.59706926	-94.66201599
9.60439526	-100.64888066
9.61172127	-88.40787194
9.61904728	-107.51974201
9.62637329	-91.16915425
9.63369929	-90.35975540
9.64102530	-85.28982816
9.64835131	-83.56206650
9.65567731	-93.67839458
9.66300332	-96.83907291
9.67032933	-86.58043841
9.67765534	-89.18563392
9.68498134	-98.76729619
9.69230735	-91.30524614
9.69963336	-90.98050118
9.70695936	-90.99171038
9.71428537	-96.09425255
9.72161138	-90.99850582
9.72893739	-90.04151782
9.73626339	-87.58138363
9.74358940	-87.87132365
9.75091541	-90.01845665
9.75824141	-84.52786246
9.76556742	-86.89156987
9.77289343	-95.21320035
9.78021943	-88.34397543
9.78754544	-83.76902864
9.79487145	-87.38637300
9.80219746	-85.61674765
9.80952346	-88.39200685
9.81684947	-85.66779645
9.82417548	-85.08413736
9.83150148	-86.68843230
9.83882749	-88.45227640
9.84615350	-89.37494462
9.85347951	-83.92553868
9.86080551	-93.29531680
9.86813152	-95.70083875
9.87545753	-115.07331049
9.88278353	-82.21728562
9.89010954	-88.03516524
9.89743555	-86.39703451
9.90476155	-101.50515631
9.91208756	-91.82012258
9.91941357	-85.92114283
9.92673958	-87.02787255
9.93406558	-91.37420597
9.94139159	-96.37807505
9.94871760	-100.58957770
9.95604360	-93.58052114
9.96336961	-93.44456026
9.97069562	-91.20493688
9.97802163	-94.03150966
9.98534763	-91.78741483
9.99267364	-84.34879873
9.99999965	-81.44471788
10.00732565	-84.32707480
10.01465166	-95.16092259
10.02197767	-89.09282616
10.02930367	-90.66202297
10.03662968	-96.94511509
10.04395569	-90.73608355
10.05128170	-111.17726369
10.05860770	-94.92554283
10.06593371	-93.48491267
10.07325972	-89.85682631
10.08058572	-90.49255793
10.08791173	-105.06255428
10.09523774	-94.11887950
10.10256375	-90.20276915
10.10988975	-115.00065239
10.11721576	-90.90109145
10.12454177	-90.61574755
10.13186777	-89.84283154
10.13919378	-84.06717707
10.14651979	-85.80416895
10.15384580	-92.23533393
10.16117180	-96.73428144
10.16849781	-87.29596014
10.17582382	-87.42191896
10.18314982	-87.75510839
10.19047583	-82.44697717
10.19780184	-82.00273515
10.20512784	-87.91039607
10.21245385	-103.76374970
10.21977986	-93.70119757
10.22710587	-89.33487245
10.23443187	-90.07058319
10.24175788	-89.65080754
10.24908389	-86.08094215
10.25640989	-95.57497112
10.26373590	-89.22901055
10.27106191	-81.99108712
10.27838792	-81.48866124
10.28571392	-94.81822009
10.29303993	-94.73666082
10.30036594	-91.48553276
10.30769194	-89.97161852
10.31501795	-98.19157325
10.32234396	-97.75500657
10.32966996	-85.94818227
10.33699597	-92.25618634
10.34432198	-88.82591464
10.35164799	-92.70930603
10.35897399	-99.68409846
10.36630000	-102.44031498
10.37362601	-96.77109398
10.38095201	-100.47146271
10.38827802	-96.17728531
10.39560403	-95.16423794
10.40293004	-96.41438362
10.41025604	-92.27199996
10.41758205	-89.71284863
10.42490806	-104.00515489
10.43223406	-87.94581664
10.43956007	-86.10931187
10.44688608	-99.18191310
10.45421208	-89.48356132
10.46153809	-90.09986759
10.46886410	-90.07636957
10.47619011	-91.59443068
10.48351611	-88.91922139
10.49084212	-92.87436701
10.49816813	-97.71619398
10.50549413	-95.87618669
10.51282014	-86.25439347
10.52014615	-95.85991745
10.52747216	-87.38165971
10.53479816	-90.53730859
10.54212417	-97.97189351
10.54945018	-88.71460903
10.55677618	-88.16584571
10.56410219	-94.19129141
10.57142820	-89.09928426
10.57875420	-90.69697071
10.58608021	-87.96100287
10.59340622	-90.38061234
10.60073223	-92.54001000
10.60805823	-84.11246972
10.61538424	-90.99701533
10.62271025	-87.66750360
10.63003625	-89.43205202
10.63736226	-90.80902985
10.64468827	-90.61647620
10.65201428	-91.13909723
10.65934028	-95.60648060
10.66666629	-95.62801471
10.67399230	-88.58404169
10.68131830	-89.31157565
10.68864431	-82.69860819
10.69597032	-82.38703898
10.70329633	-93.30366202
10.71062233	-99.41268872
10.71794834	-91.50328648
10.72527435	-93.27763466
10.73260035	-108.51262263
10.73992636	-97.81194710
10.74725237	-91.85528785
10.75457837	-103.49337141
10.76190438	-89.09309334
10.76923039	-104.15242671
10.77655640	-91.35075635
10.78388240	-88.79977813
10.79120841	-86.24882214
10.79853442	-101.38450300
10.80586042	-89.43722298
10.81318643	-87.16979578
10.82051244	-85.81483515
10.82783845	-88.38879448
10.83516445	-93.90189746
10.84249046	-84.70392778
10.84981647	-99.46754100
10.85714247	-92.09745868
10.86446848	-96.12991153
10.87179449	-102.21877918
10.87912049	-87.76396754
10.88644650	-89.22793817
10.89377251	-86.78074768
10.90109852	-87.99747017
10.90842452	-93.43247087
10.91575053	-92.67806858
10.92307654	-95.41670209
10.93040254	-89.19617565
10.93772855	-83.92731023
10.94505456	-93.56923333
10.95238057	-92.37650498
10.95970657	-92.83139755
10.96703258	-89.52926708
10.97435859	-91.89925523
10.98168459	-106.81600976
10.98901060	-96.68215478
10.99633661	-94.14054893
11.00366261	-88.46536417
11.01098862	-90.47699801
11.01831463	-97.22683024
11.02564064	-91.99432784
11.03296664	-90.07064733
11.04029265	-90.08601715
11.04761866	-96.03103325
11.05494466	-90.08330014
11.06227067	-96.08200206
11.06959668	-90.72045007
11.07692269	-111.69688017
11.08424869	-93.85671261
11.09157470	-94.27615282
11.09890071	-100.47082297
11.10622671	-91.94045518
11.11355272	-115.19919542
11.12087873	-111.40729302
11.12820473	-93.25394866
11.13553074	-88.53789306
11.14285675	-94.60345340
11.15018276	-90.03232871
11.15750876	-90.97761808
11.16483477	-86.45993455
11.17216078	-90.27819610
11.17948678	-96.61770455
11.18681279	-90.42065785
11.19413880	-90.55625093
11.20146481	-95.08381241
11.20879081	-96.15230399
11.21611682	-86.97699116
11.22344283	-98.64709309
11.23076883	-89.12656807
11.23809484	-95.81916162
11.24542085	-94.22432787
11.25274686	-91.74090853
11.26007286	-93.40361120
11.26739887	-98.70501133
11.27472488	-96.43205885
11.28205088	-90.89106929
11.28937689	-90.62149306
11.29670290	-104.88858795
11.30402890	-87.57447483
11.31135491	-99.32421283
11.31868092	-95.48956717
11.32600693	-112.07536968
11.33333293	-95.11401373
11.34065894	-86.22182331
11.34798495	-84.96324419
11.35531095	-93.73078689
11.36263696	-96.39011379
11.36996297	-94.06003492
11.37728898	-90.52665128
11.38461498	-86.82677973
11.39194099	-86.51674885
11.39926700	-82.01815034
11.40659300	-84.51421843
11.41391901	-97.15001364
11.42124502	-89.11728691
11.42857102	-94.38718764
11.43589703	-94.17809489
11.44322304	-95.53966342
11.45054905	-92.95387223
11.45787505	-90.97013204
11.46520106	-87.16833300
11.47252707	-83.28124909
11.47985307	-91.82360211
11.48717908	-90.13425648
11.49450509	-87.58660818
11.50183110	-96.57054233
11.50915710	-95.68843576
11.51648311	-88.72395144
11.52380912	-105.29676066
11.53113512	-86.80303966
11.53846113	-93.82331245
11.54578714	-92.24979012
11.55311314	-101.01877329
11.56043915	-99.10244230
11.56776516	-92.85771712
11.57509117	-89.21932520
11.58241717	-94.96537429
11.58974318	-97.59164597
11.59706919	-88.06193833
11.60439519	-88.18973714
11.61172120	-95.42676617
11.61904721	-96.16468227
11.62637322	-91.75913560
11.63369922	-90.20164876
11.64102523	-90.52768902
11.64835124	-89.47900254
11.65567724	-93.82204287
11.66300325	-91.23027478
11.67032926	-98.46949483
11.67765526	-91.46715399
11.68498127	-95.69563336
11.69230728	-94.61293164
11.69963329	-90.23737120
11.70695929	-87.52043442
11.71428530	-93.73108706
11.72161131	-87.71979805
11.72893731	-83.69748107
11.73626332	-87.38738902
11.74358933	-86.93514103
11.75091534	-91.17753021
11.75824134	-82.84390143
11.76556735	-86.50259978
11.77289336	-101.31064751
11.78021936	-93.08360648
11.78754537	-88.31454248
11.79487138	-91.28900109
11.80219739	-92.32543705
11.80952339	-94.14974234
11.81684940	-94.72945337
11.82417541	-91.02071228
11.83150141	-87.19898828
11.83882742	-87.04303803
11.84615343	-93.07890369
11.85347943	-89.89873151
11.86080544	-92.35149870
11.86813145	-89.21039356
11.87545746	-87.47317675
11.88278346	-86.69726452
11.89010947	-88.82013527
11.89743548	-89.57817415
11.90476148	-92.62902207
11.91208749	-90.10093725
11.91941350	-99.19671696
11.92673951	-90.61255682
11.93406551	-91.75128596
11.94139152	-89.51760604
11.94871753	-93.22354501
11.95604353	-92.63088605
11.96336954	-85.75135012
11.97069555	-90.40701274
11.97802155	-94.27998541
11.98534756	-97.49148653
11.99267357	-95.25891891
11.99999958	-86.53460657
12.00732558	-88.34603498
12.01465159	-91.69412575
12.02197760	-85.75534120
12.02930360	-100.21443442
12.03662961	-89.67406030
12.04395562	-93.39791361
12.05128163	-97.85725618
12.05860763	-93.52225266
12.06593364	-98.01083449
12.07325965	-106.16366577
12.08058565	-107.15298335
12.08791166	-92.32207639
12.09523767	-90.57152103
12.10256367	-92.78795442
12.10988968	-89.12875133
12.11721569	-89.36914827
12.12454170	-92.90302258
12.13186770	-90.12825137
12.13919371	-86.55012175
12.14651972	-93.72301547
12.15384572	-91.49456590
12.16117173	-94.62644900
12.16849774	-104.51107674
12.17582375	-85.68973463
12.18314975	-83.34533057
12.19047576	-92.13055861
12.19780177	-97.08018439
12.20512777	-90.42462290
12.21245378	-85.19245977
12.21977979	-92.93024170
12.22710580	-86.44398187
12.23443180	-90.30759156
12.24175781	-92.34471208
12.24908382	-89.80633520
12.25640982	-87.34620484
12.26373583	-92.26161622
12.27106184	-92.19792134
12.27838784	-96.76085522
12.28571385	-97.73900748
12.29303986	-86.20894015
12.30036587	-87.72279931
12.30769187	-113.73891008
12.31501788	-91.21429014
12.32234389	-92.53356981
12.32966989	-94.30002073
12.33699590	-91.28020407
12.34432191	-102.42888327
12.35164792	-92.68274068
12.35897392	-98.66037645
12.36629993	-105.55250069
12.37362594	-92.21579083
12.38095194	-103.45121635
12.38827795	-97.68639134
12.39560396	-97.18452669
12.40292996	-100.85664075
12.41025597	-91.86994294
12.41758198	-107.85734210
12.42490799	-103.62644594
12.43223399	-92.73099660
12.43956000	-89.82022906
12.44688601	-98.04251211
12.45421201	-90.28144565
12.46153802	-87.30096287
12.46886403	-111.41702670
12.47619004	-89.68165336
12.48351604	-97.26774206
12.49084205	-87.25422941
12.49816806	-86.03479255
12.50549406	-89.71681643
12.51282007	-102.03705383
12.52014608	-87.64298335
12.52747208	-93.74100132
12.53479809	-91.20497008
12.54212410	-105.31348618
12.54945011	-94.12522237
12.55677611	-101.49687817
12.56410212	-97.81129052
12.57142813	-97.36460985
12.57875413	-91.77152414
12.58608014	-92.13062018
12.59340615	-96.30084671
12.60073216	-92.68778688
12.60805816	-92.39621877
12.61538417	-88.01264343
12.62271018	-87.50720150
12.63003618	-93.88159783
12.63736219	-87.00724728
12.64468820	-91.72047464
12.65201420	-95.46438087
12.65934021	-95.89710792
12.66666622	-92.76421665
12.67399223	-93.84207882
12.68131823	-94.99300483
12.68864424	-100.08404924
12.69597025	-87.10669327
12.70329625	-87.79460727
12.71062226	-111.34906970
12.71794827	-91.89362752
12.72527428	-89.93528219
12.73260028	-96.85207661
12.73992629	-96.21841391
12.74725230	-89.97048884
12.75457830	-89.31206596
12.76190431	-87.11489156
12.76923032	-89.67659423
12.77655633	-89.16398318
12.78388233	-89.22437202
12.79120834	-85.30605115
12.79853435	-87.16999966
12.80586035	-88.48260831
12.81318636	-94.61716592
12.82051237	-84.82173270
12.82783837	-90.87417746
12.83516438	-94.12533756
12.84249039	-86.12878440
12.84981640	-88.62412588
12.85714240	-91.88448060
12.86446841	-89.49864815
12.87179442	-91.00108367
12.87912042	-93.74521313
12.88644643	-86.23486991
12.89377244	-92.56636836
12.90109845	-93.14889714
12.90842445	-94.23017613
12.91575046	-89.56150812
12.92307647	-93.04185074
12.93040247	-96.38824239
12.93772848	-86.58661393
12.94505449	-90.05359579
12.95238049	-99.00300644
12.95970650	-98.13791849
12.96703251	-99.22529321
12.97435852	-89.93267773
12.98168452	-96.22886795
12.98901053	-104.67007592
12.99633654	-92.20392618
13.00366254	-90.63092195
13.01098855	-95.84072846
13.01831456	-87.21968277
13.02564057	-94.85099278
13.03296657	-86.08399084
13.04029258	-98.97554379
13.04761859	-94.85139001
13.05494459	-93.57814151
13.06227060	-88.32500791
13.06959661	-92.21153970
13.07692261	-88.54613388
13.08424862	-91.11538235
13.09157463	-91.47154402
13.09890064	-92.26525728
13.10622664	-93.12247047
13.11355265	-89.82035175
13.12087866	-94.03986186
13.12820466	-86.46993143
13.13553067	-103.05814340
13.14285668	-91.78785883
13.15018269	-92.34339895
13.15750869	-102.98391317
13.16483470	-89.92345873
13.17216071	-89.50932175
13.17948671	-89.80515696
13.18681272	-97.04765341
13.19413873	-84.14951646
13.20146473	-93.18842656
13.20879074	-90.94344637
13.21611675	-90.24911769
13.22344276	-87.15810234
13.23076876	-96.72291477
13.23809477	-87.57901029
13.24542078	-87.52937328
13.25274678	-89.64131153
13.26007279	-92.96957140
13.26739880	-90.93868865
13.27472481	-90.37759274
13.28205081	-87.47244988
13.28937682	-99.78797283
13.29670283	-87.33212331
13.30402883	-93.76672653
13.31135484	-83.00884997
13.31868085	-85.86120265
13.32600686	-98.01556908
13.33333286	-96.81990431
13.34065887	-93.50300149
13.34798488	-92.61059785
13.35531088	-90.70569670
13.36263689	-93.35211135
13.36996290	-94.42791719
13.37728890	-95.97003912
13.38461491	-87.16626107
13.39194092	-103.38554254
13.39926693	-99.38519778
13.40659293	-89.97784850
13.41391894	-93.34857074
13.42124495	-90.85010670
13.42857095	-95.96220024
13.43589696	-87.80582304
13.44322297	-100.62543539
13.45054898	-90.04610826
13.45787498	-110.09628361
13.46520099	-94.99615600
13.47252700	-83.77511979
13.47985300	-87.65663489
13.48717901	-93.65252545
13.49450502	-97.12022128
13.50183102	-109.80189455
13.50915703	-92.70190644
13.51648304	-94.55436000
13.52380905	-101.57417163
13.53113505	-94.30849758
13.53846106	-94.66543870
13.54578707	-92.19104518
13.55311307	-93.22376684
13.56043908	-91.88419515
13.56776509	-90.69569546
13.57509110	-84.35838107
13.58241710	-93.26190026
13.58974311	-87.16962327
13.59706912	-95.20436907
13.60439512	-96.45478170
13.61172113	-94.88534254
13.61904714	-99.97398584
13.62637314	-92.97814459
13.63369915	-106.38730806
13.64102516	-94.42841992
13.64835117	-93.75207585
13.65567717	-87.27706891
13.66300318	-87.91938792
13.67032919	-85.00074577
13.67765519	-92.52018640
13.68498120	-91.91178091
13.69230721	-89.93813271
13.69963322	-88.04713979
13.70695922	-103.52079854
13.71428523	-97.62464576
13.72161124	-92.30819009
13.72893724	-96.87257235
13.73626325	-90.10233780
13.74358926	-86.27856682
13.75091526	-90.97199500
13.75824127	-88.24089027
13.76556728	-96.53912703
13.77289329	-91.79788681
13.78021929	-89.68030920
13.78754530	-90.09308415
13.79487131	-91.88433479
13.80219731	-88.66758163
13.80952332	-94.43032463
13.81684933	-92.17173524
13.82417534	-91.45850171
13.83150134	-92.80729151
13.83882735	-87.22873978
13.84615336	-86.60401273
13.85347936	-93.21018319
13.86080537	-89.50291655
13.86813138	-95.86848705
13.87545739	-91.85735750
13.88278339	-90.91851315
13.89010940	-91.02128270
13.89743541	-90.32685565
13.90476141	-84.66061701
13.91208742	-83.99057144
13.91941343	-89.04539013
13.92673943	-99.44143553
13.93406544	-87.25901333
13.94139145	-85.71055436
13.94871746	-87.44669761
13.95604346	-92.09198730
13.96336947	-100.95105679
13.97069548	-84.58576603
13.97802148	-92.91069548
13.98534749	-93.06963932
13.99267350	-95.83299661
13.99999951	-87.98694808
14.00732551	-94.11535333
14.01465152	-85.82589315
14.02197753	-101.11505944
14.02930353	-88.68226936
14.03662954	-97.61280872
14.04395555	-90.82522847
14.05128155	-87.53769421
14.05860756	-91.99186129
14.06593357	-89.60411240
14.07325958	-95.40700142
14.08058558	-98.42570159
14.08791159	-89.85235604
14.09523760	-86.81793240
14.10256360	-104.84841328
14.10988961	-93.44560773
14.11721562	-90.00222414
14.12454163	-89.72812347
14.13186763	-87.56432180
14.13919364	-85.16602199
14.14651965	-87.06781297
14.15384565	-101.67127293
14.16117166	-97.85337003
14.16849767	-84.47119011
14.17582367	-93.55931833
14.18314968	-91.16333189
14.19047569	-100.67733378
14.19780170	-92.63375108
14.20512770	-97.11263331
14.21245371	-92.78929838
14.21977972	-94.43555540
14.22710572	-91.94616690
14.23443173	-95.61462297
14.24175774	-93.58658725
14.24908375	-93.03916362
14.25640975	-103.40665994
14.26373576	-91.70129217
14.27106177	-90.66702123
14.27838777	-95.69687825
14.28571378	-101.81175639
14.29303979	-100.99162541
14.30036580	-92.85205536
14.30769180	-90.82597131
14.31501781	-90.25760317
14.32234382	-90.05401965
14.32966982	-88.61824511
14.33699583	-93.01323938
14.34432184	-87.90476577
14.35164784	-90.65149789
14.35897385	-89.25626168
14.36629986	-84.10171223
14.37362587	-94.60236778
14.38095187	-100.45499873
14.38827788	-87.42809903
14.39560389	-95.75229878
14.40292989	-86.09044436
14.41025590	-91.87469765
14.41758191	-97.21972830
14.42490792	-84.65697179
14.43223392	-94.06832845
14.43955993	-84.75758170
14.44688594	-89.92705951
14.45421194	-91.69712476
14.46153795	-95.21106256
14.46886396	-127.95537162
14.47618996	-91.36351415
14.48351597	-93.91488229
14.49084198	-97.40801465
14.49816799	-92.20370505
14.50549399	-99.69150111
14.51282000	-106.76067415
14.52014601	-93.93537127
14.52747201	-95.13033881
14.53479802	-89.95309077
14.54212403	-90.72909298
14.54945004	-88.05224788
14.55677604	-95.73972143
14.56410205	-89.17079097
14.57142806	-97.09973682
14.57875406	-94.05679881
14.58608007	-96.38707347
14.59340608	-93.51972220
14.60073208	-92.03383298
14.60805809	-97.21193928
14.61538410	-93.24296600
14.62271011	-94.30843752
14.63003611	-89.02345453
14.63736212	-93.95742604
14.64468813	-89.74880383
14.65201413	-94.59634880
14.65934014	-95.14944769
14.66666615	-89.38691211
14.67399216	-92.91735346
14.68131816	-88.24592495
14.68864417	-100.75304537
14.69597018	-89.45151307
14.70329618	-93.00044840
14.71062219	-91.90256192
14.71794820	-91.94305644
14.72527420	-90.13045486
14.73260021	-111.25943534
14.73992622	-87.73347179
14.74725223	-96.36207546
14.75457823	-88.11421194
14.76190424	-96.08142961
14.76923025	-85.90627860
14.77655625	-87.72552422
14.78388226	-108.45069645
14.79120827	-97.21859271
14.79853428	-91.06532594
14.80586028	-86.25214023
14.81318629	-90.72659886
14.82051230	-85.76958527
14.82783830	-94.36329109
14.83516431	-88.92341638
14.84249032	-101.15850588
14.84981633	-90.88623525
14.85714233	-85.71019163
14.86446834	-89.87764251
14.87179435	-100.87481591
14.87912035	-95.53600084
14.88644636	-93.58895216
14.89377237	-87.40490326
14.90109837	-105.20830607
14.90842438	-93.37647528
14.91575039	-92.91442333
14.92307640	-89.65144800
14.93040240	-89.27955139
14.93772841	-100.63387187
14.94505442	-92.91653249
14.95238042	-99.04238789
14.95970643	-96.16847650
14.96703244	-94.22511115
14.97435845	-102.11394669
14.98168445	-88.71745142
14.98901046	-90.68790728
14.99633647	-101.15904871
