# Menlo Systems GmbH ScanControl
# Program Version 1.7.0+git.a90605a3
# Start: -433.90000000 ps, Average over 3000 waveforms. Timestamp: 2024-05-07T16:18:56
# Window type: Tukey, parameters: alpha = 0.1
# User time axis shift: 0 ps
# Time axis offset: 0 ps
# Time [ps]	THz Signal [a.u.]
-433.81620597	0.00000000
-433.78287264	-0.00000004
-433.74953930	-0.00000012
-433.71620597	-0.00000030
-433.68287263	-0.00000033
-433.64953930	-0.00000049
-433.61620596	-0.00000073
-433.58287263	-0.00000053
-433.54953930	-0.00000109
-433.51620596	-0.00000102
-433.48287263	-0.00000090
-433.44953929	-0.00000090
-433.41620596	0.00000044
-433.38287262	0.00000044
-433.34953929	0.00000036
-433.31620595	0.00000083
-433.28287262	0.00000264
-433.24953929	0.00000092
-433.21620595	0.00000435
-433.18287262	0.00000499
-433.14953928	0.00000810
-433.11620595	0.00000671
-433.08287261	0.00000833
-433.04953928	0.00001393
-433.01620594	0.00001160
-432.98287261	0.00001670
-432.94953927	0.00001190
-432.91620594	0.00002004
-432.88287261	0.00001950
-432.84953927	0.00002105
-432.81620594	0.00001687
-432.78287260	0.00002126
-432.74953927	0.00001937
-432.71620593	0.00001928
-432.68287260	0.00002027
-432.64953926	0.00001466
-432.61620593	0.00002836
-432.58287259	0.00001161
-432.54953926	0.00001415
-432.51620593	0.00000446
-432.48287259	-0.00001433
-432.44953926	-0.00000813
-432.41620592	-0.00001312
-432.38287259	-0.00001373
-432.34953925	-0.00001488
-432.31620592	-0.00002772
-432.28287258	-0.00002700
-432.24953925	-0.00003915
-432.21620592	-0.00004132
-432.18287258	-0.00005227
-432.14953925	-0.00005651
-432.11620591	-0.00007862
-432.08287258	-0.00007604
-432.04953924	-0.00010216
-432.01620591	-0.00010434
-431.98287257	-0.00010262
-431.94953924	-0.00012449
-431.91620590	-0.00012712
-431.88287257	-0.00012243
-431.84953924	-0.00013271
-431.81620590	-0.00015408
-431.78287257	-0.00016210
-431.74953923	-0.00014524
-431.71620590	-0.00015896
-431.68287256	-0.00013911
-431.64953923	-0.00013370
-431.61620589	-0.00017601
-431.58287256	-0.00014599
-431.54953922	-0.00016106
-431.51620589	-0.00018324
-431.48287256	-0.00014073
-431.44953922	-0.00017872
-431.41620589	-0.00015532
-431.38287255	-0.00016639
-431.34953922	-0.00013755
-431.31620588	-0.00013763
-431.28287255	-0.00011456
-431.24953921	-0.00011947
-431.21620588	-0.00013273
-431.18287255	-0.00011278
-431.14953921	-0.00010068
-431.11620588	-0.00008086
-431.08287254	-0.00009072
-431.04953921	-0.00003699
-431.01620587	-0.00011641
-430.98287254	-0.00008877
-430.94953920	-0.00005666
-430.91620587	-0.00002838
-430.88287253	-0.00005104
-430.84953920	-0.00007939
-430.81620587	-0.00002108
-430.78287253	-0.00002473
-430.74953920	0.00000913
-430.71620586	-0.00001009
-430.68287253	0.00000373
-430.64953919	-0.00001087
-430.61620586	0.00000906
-430.58287252	0.00001841
-430.54953919	-0.00002059
-430.51620586	0.00001826
-430.48287252	-0.00001343
-430.44953919	-0.00000404
-430.41620585	0.00002701
-430.38287252	-0.00003380
-430.34953918	-0.00000855
-430.31620585	-0.00005169
-430.28287251	-0.00010964
-430.24953918	-0.00009592
-430.21620584	-0.00011230
-430.18287251	-0.00012520
-430.14953918	-0.00013846
-430.11620584	-0.00016299
-430.08287251	-0.00016989
-430.04953917	-0.00019986
-430.01620584	-0.00017971
-429.98287250	-0.00023890
-429.94953917	-0.00027469
-429.91620583	-0.00025755
-429.88287250	-0.00025098
-429.84953916	-0.00031464
-429.81620583	-0.00025369
-429.78287250	-0.00031198
-429.74953916	-0.00038865
-429.71620583	-0.00031784
-429.68287249	-0.00040488
-429.64953916	-0.00039758
-429.61620582	-0.00035329
-429.58287249	-0.00036763
-429.54953915	-0.00034468
-429.51620582	-0.00025823
-429.48287249	-0.00029738
-429.44953915	-0.00028295
-429.41620582	-0.00030076
-429.38287248	-0.00025727
-429.34953915	-0.00016593
-429.31620581	-0.00016330
-429.28287248	-0.00012500
-429.24953914	-0.00006195
-429.21620581	-0.00001598
-429.18287247	0.00003098
-429.14953914	0.00016785
-429.11620581	0.00010614
-429.08287247	0.00020370
-429.04953914	0.00037823
-429.01620580	0.00043022
-428.98287247	0.00049128
-428.94953913	0.00060015
-428.91620580	0.00070457
-428.88287246	0.00075361
-428.84953913	0.00097346
-428.81620580	0.00102675
-428.78287246	0.00115051
-428.74953913	0.00133771
-428.71620579	0.00146061
-428.68287246	0.00162792
-428.64953912	0.00172120
-428.61620579	0.00196340
-428.58287245	0.00215452
-428.54953912	0.00233764
-428.51620578	0.00247003
-428.48287245	0.00259939
-428.44953912	0.00272308
-428.41620578	0.00280783
-428.38287245	0.00284419
-428.34953911	0.00282297
-428.31620578	0.00267921
-428.28287244	0.00248752
-428.24953911	0.00219889
-428.21620577	0.00171439
-428.18287244	0.00105295
-428.14953910	0.00025121
-428.11620577	-0.00064880
-428.08287244	-0.00169350
-428.04953910	-0.00286194
-428.01620577	-0.00411283
-427.98287243	-0.00546541
-427.94953910	-0.00683329
-427.91620576	-0.00820398
-427.88287243	-0.00949358
-427.84953909	-0.01063512
-427.81620576	-0.01190869
-427.78287243	-0.01288126
-427.74953909	-0.01388524
-427.71620576	-0.01468843
-427.68287242	-0.01533857
-427.64953909	-0.01584309
-427.61620575	-0.01603750
-427.58287242	-0.01608595
-427.54953908	-0.01569573
-427.51620575	-0.01504437
-427.48287241	-0.01411943
-427.44953908	-0.01285916
-427.41620575	-0.01115819
-427.38287241	-0.00930600
-427.34953908	-0.00725795
-427.31620574	-0.00480035
-427.28287241	-0.00207588
-427.24953907	0.00066102
-427.21620574	0.00357902
-427.18287240	0.00645146
-427.14953907	0.00922888
-427.11620573	0.01179855
-427.08287240	0.01389617
-427.04953907	0.01570077
-427.01620573	0.01695244
-426.98287240	0.01756575
-426.94953906	0.01770860
-426.91620573	0.01728880
-426.88287239	0.01627823
-426.84953906	0.01488025
-426.81620572	0.01322234
-426.78287239	0.01125288
-426.74953906	0.00913571
-426.71620572	0.00695691
-426.68287239	0.00484276
-426.64953905	0.00297526
-426.61620572	0.00130689
-426.58287238	-0.00016170
-426.54953905	-0.00117794
-426.51620571	-0.00187644
-426.48287238	-0.00222021
-426.44953904	-0.00224722
-426.41620571	-0.00214241
-426.38287238	-0.00183848
-426.34953904	-0.00142192
-426.31620571	-0.00108497
-426.28287237	-0.00068685
-426.24953904	-0.00039655
-426.21620570	-0.00008995
-426.18287237	0.00012993
-426.14953903	0.00021005
-426.11620570	0.00021504
-426.08287237	0.00006198
-426.04953903	-0.00011674
-426.01620570	-0.00031711
-425.98287236	-0.00052848
-425.94953903	-0.00064757
-425.91620569	-0.00076732
-425.88287236	-0.00077918
-425.84953902	-0.00081803
-425.81620569	-0.00083942
-425.78287235	-0.00076799
-425.74953902	-0.00068475
-425.71620569	-0.00052577
-425.68287235	-0.00042978
-425.64953902	-0.00029848
-425.61620568	-0.00004323
-425.58287235	0.00014429
-425.54953901	0.00027916
-425.51620568	0.00039449
-425.48287234	0.00039104
-425.44953901	0.00044321
-425.41620567	0.00055160
-425.38287234	0.00054471
-425.34953901	0.00060300
-425.31620567	0.00048334
-425.28287234	0.00048979
-425.24953900	0.00033476
-425.21620567	0.00034566
-425.18287233	0.00027013
-425.14953900	0.00019378
-425.11620566	0.00008151
-425.08287233	0.00002978
-425.04953900	-0.00000702
-425.01620566	-0.00014780
-424.98287233	-0.00024142
-424.94953899	-0.00032160
-424.91620566	-0.00038686
-424.88287232	-0.00057297
-424.84953899	-0.00060483
-424.81620565	-0.00074013
-424.78287232	-0.00085805
-424.74953898	-0.00089098
-424.71620565	-0.00098407
-424.68287232	-0.00111478
-424.64953898	-0.00114885
-424.61620565	-0.00120717
-424.58287231	-0.00123589
-424.54953898	-0.00125955
-424.51620564	-0.00124750
-424.48287231	-0.00119960
-424.44953897	-0.00111659
-424.41620564	-0.00100863
-424.38287231	-0.00080374
-424.34953897	-0.00054449
-424.31620564	-0.00024194
-424.28287230	-0.00001085
-424.24953897	0.00026465
-424.21620563	0.00057102
-424.18287230	0.00088445
-424.14953896	0.00117876
-424.11620563	0.00141970
-424.08287229	0.00170522
-424.04953896	0.00177628
-424.01620563	0.00202154
-423.98287229	0.00203874
-423.94953896	0.00202877
-423.91620562	0.00197269
-423.88287229	0.00192716
-423.84953895	0.00173516
-423.81620562	0.00162983
-423.78287228	0.00131524
-423.74953895	0.00100471
-423.71620561	0.00065737
-423.68287228	0.00030051
-423.64953895	-0.00009379
-423.61620561	-0.00046629
-423.58287228	-0.00081625
-423.54953894	-0.00125847
-423.51620561	-0.00165574
-423.48287227	-0.00198585
-423.44953894	-0.00233069
-423.41620560	-0.00264214
-423.38287227	-0.00301059
-423.34953894	-0.00326342
-423.31620560	-0.00366479
-423.28287227	-0.00390473
-423.24953893	-0.00421224
-423.21620560	-0.00461199
-423.18287226	-0.00483459
-423.14953893	-0.00514504
-423.11620559	-0.00533770
-423.08287226	-0.00550078
-423.04953892	-0.00552286
-423.01620559	-0.00543280
-422.98287226	-0.00526099
-422.94953892	-0.00492863
-422.91620559	-0.00450090
-422.88287225	-0.00400789
-422.84953892	-0.00337686
-422.81620558	-0.00273444
-422.78287225	-0.00190839
-422.74953891	-0.00104464
-422.71620558	-0.00023464
-422.68287224	0.00053840
-422.64953891	0.00123278
-422.61620558	0.00177412
-422.58287224	0.00235117
-422.54953891	0.00275223
-422.51620557	0.00294486
-422.48287224	0.00301964
-422.44953890	0.00280171
-422.41620557	0.00271182
-422.38287223	0.00239464
-422.34953890	0.00206337
-422.31620557	0.00171575
-422.28287223	0.00131640
-422.24953890	0.00097376
-422.21620556	0.00062570
-422.18287223	0.00030398
-422.14953889	0.00007443
-422.11620556	-0.00010019
-422.08287222	-0.00029801
-422.04953889	-0.00044030
-422.01620555	-0.00053393
-421.98287222	-0.00060157
-421.94953889	-0.00064716
-421.91620555	-0.00063379
-421.88287222	-0.00065660
-421.84953888	-0.00063488
-421.81620555	-0.00062413
-421.78287221	-0.00059492
-421.74953888	-0.00059648
-421.71620554	-0.00045701
-421.68287221	-0.00041524
-421.64953888	-0.00044513
-421.61620554	-0.00031956
-421.58287221	-0.00021387
-421.54953887	-0.00015948
-421.51620554	-0.00009296
-421.48287220	-0.00000983
-421.44953887	0.00006712
-421.41620553	0.00014405
-421.38287220	0.00014671
-421.34953886	0.00018931
-421.31620553	0.00025053
-421.28287220	0.00022989
-421.24953886	0.00032391
-421.21620553	0.00038184
-421.18287219	0.00031527
-421.14953886	0.00027578
-421.11620552	0.00027226
-421.08287219	0.00026427
-421.04953885	0.00015478
-421.01620552	0.00015221
-420.98287218	0.00008068
-420.94953885	0.00002768
-420.91620552	0.00004410
-420.88287218	0.00004078
-420.84953885	0.00005963
-420.81620551	0.00003192
-420.78287218	0.00000368
-420.74953884	0.00001540
-420.71620551	0.00008717
-420.68287217	0.00001230
-420.64953884	0.00002828
-420.61620551	0.00008520
-420.58287217	0.00005177
-420.54953884	0.00000401
-420.51620550	0.00011283
-420.48287217	0.00013821
-420.44953883	0.00021624
-420.41620550	0.00026444
-420.38287216	0.00033226
-420.34953883	0.00035216
-420.31620549	0.00047085
-420.28287216	0.00053897
-420.24953883	0.00055704
-420.21620549	0.00061816
-420.18287216	0.00065560
-420.14953882	0.00071191
-420.11620549	0.00076504
-420.08287215	0.00082546
-420.04953882	0.00089121
-420.01620548	0.00102361
-419.98287215	0.00104530
-419.94953882	0.00112212
-419.91620548	0.00119323
-419.88287215	0.00126519
-419.84953881	0.00140091
-419.81620548	0.00141921
-419.78287214	0.00154056
-419.74953881	0.00163266
-419.71620547	0.00177462
-419.68287214	0.00191750
-419.64953880	0.00205065
-419.61620547	0.00207673
-419.58287214	0.00218726
-419.54953880	0.00235025
-419.51620547	0.00240347
-419.48287213	0.00255868
-419.44953880	0.00267799
-419.41620546	0.00287126
-419.38287213	0.00294011
-419.34953879	0.00312167
-419.31620546	0.00319400
-419.28287212	0.00329023
-419.24953879	0.00340265
-419.21620546	0.00334459
-419.18287212	0.00322246
-419.14953879	0.00318410
-419.11620545	0.00292683
-419.08287212	0.00250324
-419.04953878	0.00208279
-419.01620545	0.00154370
-418.98287211	0.00084538
-418.94953878	0.00003924
-418.91620545	-0.00069849
-418.88287211	-0.00146162
-418.84953878	-0.00212226
-418.81620544	-0.00270074
-418.78287211	-0.00319520
-418.74953877	-0.00337022
-418.71620544	-0.00356332
-418.68287210	-0.00350646
-418.64953877	-0.00354163
-418.61620543	-0.00350792
-418.58287210	-0.00342641
-418.54953877	-0.00341320
-418.51620543	-0.00335544
-418.48287210	-0.00337980
-418.44953876	-0.00325669
-418.41620543	-0.00297969
-418.38287209	-0.00251776
-418.34953876	-0.00175053
-418.31620542	-0.00080783
-418.28287209	0.00059431
-418.24953875	0.00226146
-418.21620542	0.00412103
-418.18287209	0.00614879
-418.14953875	0.00832195
-418.11620542	0.01063265
-418.08287208	0.01272029
-418.04953875	0.01468606
-418.01620541	0.01637726
-417.98287208	0.01761461
-417.94953874	0.01855911
-417.91620541	0.01894315
-417.88287208	0.01892401
-417.84953874	0.01828638
-417.81620541	0.01718525
-417.78287207	0.01587670
-417.74953874	0.01424601
-417.71620540	0.01259158
-417.68287207	0.01101648
-417.64953873	0.00962300
-417.61620540	0.00848773
-417.58287206	0.00772069
-417.54953873	0.00716506
-417.51620540	0.00692492
-417.48287206	0.00701600
-417.44953873	0.00747179
-417.41620539	0.00809154
-417.38287206	0.00916213
-417.34953872	0.01039855
-417.31620539	0.01183137
-417.28287205	0.01338458
-417.24953872	0.01508529
-417.21620539	0.01678788
-417.18287205	0.01861550
-417.14953872	0.02060557
-417.11620538	0.02248879
-417.08287205	0.02463964
-417.04953871	0.02683543
-417.01620538	0.02904802
-416.98287204	0.03143053
-416.94953871	0.03401963
-416.91620537	0.03675124
-416.88287204	0.03964778
-416.84953871	0.04280257
-416.81620537	0.04628370
-416.78287204	0.04999864
-416.74953870	0.05410440
-416.71620537	0.05836048
-416.68287203	0.06298113
-416.64953870	0.06794708
-416.61620536	0.07319376
-416.58287203	0.07876967
-416.54953869	0.08483681
-416.51620536	0.09125492
-416.48287203	0.09812755
-416.44953869	0.10548930
-416.41620536	0.11349149
-416.38287202	0.12198053
-416.34953869	0.13110869
-416.31620535	0.14091048
-416.28287202	0.15150943
-416.24953868	0.16273808
-416.21620535	0.17487134
-416.18287202	0.18771315
-416.14953868	0.20126497
-416.11620535	0.21553140
-416.08287201	0.23035591
-416.04953868	0.24546751
-416.01620534	0.26055380
-415.98287201	0.27521459
-415.94953867	0.28865907
-415.91620534	0.29985279
-415.88287200	0.30743034
-415.84953867	0.30963412
-415.81620534	0.30451531
-415.78287200	0.28952917
-415.74953867	0.26226375
-415.71620533	0.22032070
-415.68287200	0.16142122
-415.64953866	0.08400499
-415.61620533	-0.01262002
-415.58287199	-0.12797911
-415.54953866	-0.26026836
-415.51620533	-0.40652098
-415.48287199	-0.56250613
-415.44953866	-0.72332250
-415.41620532	-0.88410795
-415.38287199	-1.04012738
-415.34953865	-1.18808327
-415.31620532	-1.32549413
-415.28287198	-1.45162893
-415.24953865	-1.56637748
-415.21620531	-1.67018491
-415.18287198	-1.76286632
-415.14953865	-1.84282383
-415.11620531	-1.90629008
-415.08287198	-1.94781808
-415.04953864	-1.96038944
-415.01620531	-1.93631396
-414.98287197	-1.86839272
-414.94953864	-1.75126694
-414.91620530	-1.58186453
-414.88287197	-1.36023469
-414.84953863	-1.08940821
-414.81620530	-0.77549877
-414.78287197	-0.42704487
-414.74953863	-0.05498303
-414.71620530	0.32847466
-414.68287196	0.70963819
-414.64953863	1.07454510
-414.61620529	1.40897648
-414.58287196	1.69872055
-414.54953862	1.93135935
-414.51620529	2.09705808
-414.48287196	2.18982701
-414.44953862	2.20845166
-414.41620529	2.15727906
-414.38287195	2.04482855
-414.34953862	1.88294986
-414.31620528	1.68512802
-414.28287195	1.46425208
-414.24953861	1.23226890
-414.21620528	0.99885793
-414.18287194	0.77222017
-414.14953861	0.55890501
-414.11620528	0.36460169
-414.08287194	0.19396399
-414.04953861	0.05037097
-414.01620527	-0.06415293
-413.98287194	-0.14994997
-413.94953860	-0.20893794
-413.91620527	-0.24502473
-413.88287193	-0.26321661
-413.84953860	-0.26813445
-413.81620526	-0.26368671
-413.78287193	-0.25243470
-413.74953860	-0.23619461
-413.71620526	-0.21641906
-413.68287193	-0.19466296
-413.64953859	-0.17289345
-413.61620526	-0.15293507
-413.58287192	-0.13618538
-413.54953859	-0.12266344
-413.51620525	-0.11137902
-413.48287192	-0.10104317
-413.44953859	-0.08985429
-413.41620525	-0.07706508
-413.38287192	-0.06270030
-413.34953858	-0.04702342
-413.31620525	-0.03091552
-413.28287191	-0.01488538
-413.24953858	0.00044779
-413.21620524	0.01486660
-413.18287191	0.02812698
-413.14953857	0.03952137
-413.11620524	0.04867109
-413.08287191	0.05501504
-413.04953857	0.05807515
-413.01620524	0.05809707
-412.98287190	0.05533870
-412.94953857	0.05078064
-412.91620523	0.04499555
-412.88287190	0.03879293
-412.84953856	0.03280055
-412.81620523	0.02744487
-412.78287190	0.02296098
-412.74953856	0.01950296
-412.71620523	0.01660049
-412.68287189	0.01439010
-412.64953856	0.01282598
-412.61620522	0.01195907
-412.58287189	0.01183100
-412.54953855	0.01233475
-412.51620522	0.01284588
-412.48287188	0.01306350
-412.44953855	0.01255602
-412.41620522	0.01094922
-412.38287188	0.00842793
-412.34953855	0.00481877
-412.31620521	0.00020380
-412.28287188	-0.00506252
-412.24953854	-0.01074730
-412.21620521	-0.01627949
-412.18287187	-0.02162617
-412.14953854	-0.02669801
-412.11620520	-0.03147528
-412.08287187	-0.03579362
-412.04953854	-0.03964702
-412.01620520	-0.04282227
-411.98287187	-0.04537227
-411.94953853	-0.04729226
-411.91620520	-0.04862690
-411.88287186	-0.04927922
-411.84953853	-0.04919134
-411.81620519	-0.04887109
-411.78287186	-0.04830105
-411.74953853	-0.04780161
-411.71620519	-0.04746370
-411.68287186	-0.04704311
-411.64953852	-0.04643782
-411.61620519	-0.04550470
-411.58287185	-0.04434971
-411.54953852	-0.04283202
-411.51620518	-0.04114061
-411.48287185	-0.03898464
-411.44953851	-0.03675827
-411.41620518	-0.03465717
-411.38287185	-0.03278150
-411.34953851	-0.03174876
-411.31620518	-0.03150659
-411.28287184	-0.03219417
-411.24953851	-0.03413503
-411.21620517	-0.03722849
-411.18287184	-0.04137443
-411.14953850	-0.04630637
-411.11620517	-0.05175902
-411.08287184	-0.05747129
-411.04953850	-0.06361275
-411.01620517	-0.06975456
-410.98287183	-0.07555751
-410.94953850	-0.08078934
-410.91620516	-0.08493780
-410.88287183	-0.08776030
-410.84953849	-0.08922337
-410.81620516	-0.08935745
-410.78287182	-0.08828653
-410.74953849	-0.08609588
-410.71620516	-0.08299644
-410.68287182	-0.07914233
-410.64953849	-0.07476034
-410.61620515	-0.07002284
-410.58287182	-0.06498655
-410.54953848	-0.05951615
-410.51620515	-0.05385974
-410.48287181	-0.04823659
-410.44953848	-0.04244387
-410.41620514	-0.03664357
-410.38287181	-0.03084539
-410.34953848	-0.02496761
-410.31620514	-0.01897846
-410.28287181	-0.01276893
-410.24953847	-0.00643638
-410.21620514	-0.00005771
-410.18287180	0.00608961
-410.14953847	0.01194764
-410.11620513	0.01727475
-410.08287180	0.02164402
-410.04953847	0.02481578
-410.01620513	0.02693479
-409.98287180	0.02776256
-409.94953846	0.02742486
-409.91620513	0.02587563
-409.88287179	0.02353807
-409.84953846	0.02058913
-409.81620512	0.01751970
-409.78287179	0.01453721
-409.74953845	0.01164984
-409.71620512	0.00928429
-409.68287179	0.00710751
-409.64953845	0.00544839
-409.61620512	0.00413677
-409.58287178	0.00329703
-409.54953845	0.00282821
-409.51620511	0.00285874
-409.48287178	0.00336298
-409.44953844	0.00426218
-409.41620511	0.00524600
-409.38287177	0.00622898
-409.34953844	0.00704720
-409.31620511	0.00748120
-409.28287177	0.00758524
-409.24953844	0.00738157
-409.21620510	0.00721656
-409.18287177	0.00713861
-409.14953843	0.00745908
-409.11620510	0.00806965
-409.08287176	0.00887990
-409.04953843	0.00944404
-409.01620510	0.00966644
-408.98287176	0.00931596
-408.94953843	0.00844964
-408.91620509	0.00732999
-408.88287176	0.00615640
-408.84953842	0.00525895
-408.81620509	0.00487695
-408.78287175	0.00500029
-408.74953842	0.00558518
-408.71620508	0.00668419
-408.68287175	0.00785402
-408.64953842	0.00904658
-408.61620508	0.01002058
-408.58287175	0.01050509
-408.54953841	0.01055797
-408.51620508	0.01030977
-408.48287174	0.00988518
-408.44953841	0.00937299
-408.41620507	0.00910402
-408.38287174	0.00909893
-408.34953841	0.00934613
-408.31620507	0.00968453
-408.28287174	0.01011871
-408.24953840	0.01052661
-408.21620507	0.01055257
-408.18287173	0.01063605
-408.14953840	0.01072842
-408.11620506	0.01080467
-408.08287173	0.01118279
-408.04953839	0.01170425
-408.01620506	0.01237453
-407.98287173	0.01310665
-407.94953839	0.01376990
-407.91620506	0.01443158
-407.88287172	0.01500761
-407.84953839	0.01569507
-407.81620505	0.01635026
-407.78287172	0.01690877
-407.74953838	0.01727932
-407.71620505	0.01722237
-407.68287171	0.01672403
-407.64953838	0.01572676
-407.61620505	0.01456628
-407.58287171	0.01330450
-407.54953838	0.01219815
-407.51620504	0.01149427
-407.48287171	0.01112457
-407.44953837	0.01107845
-407.41620504	0.01123503
-407.38287170	0.01150006
-407.34953837	0.01173788
-407.31620504	0.01189809
-407.28287170	0.01168866
-407.24953837	0.01115275
-407.21620503	0.01003494
-407.18287170	0.00801339
-407.14953836	0.00487683
-407.11620503	0.00043505
-407.08287169	-0.00526730
-407.04953836	-0.01193916
-407.01620502	-0.01919955
-406.98287169	-0.02635507
-406.94953836	-0.03285200
-406.91620502	-0.03826401
-406.88287169	-0.04241528
-406.84953835	-0.04555791
-406.81620502	-0.04795671
-406.78287168	-0.05027967
-406.74953835	-0.05321262
-406.71620501	-0.05720884
-406.68287168	-0.06258976
-406.64953835	-0.06960421
-406.61620501	-0.07773462
-406.58287168	-0.08656353
-406.54953834	-0.09527132
-406.51620501	-0.10267522
-406.48287167	-0.10765805
-406.44953834	-0.10881548
-406.41620500	-0.10524483
-406.38287167	-0.09599235
-406.34953833	-0.08083856
-406.31620500	-0.05979966
-406.28287167	-0.03361499
-406.24953833	-0.00334572
-406.21620500	0.02889529
-406.18287166	0.06088092
-406.14953833	0.09034053
-406.11620499	0.11500908
-406.08287166	0.13308462
-406.04953832	0.14331243
-406.01620499	0.14529804
-405.98287165	0.13935091
-405.94953832	0.12670185
-405.91620499	0.10875706
-405.88287165	0.08768507
-405.84953832	0.06525063
-405.81620498	0.04339940
-405.78287165	0.02334482
-405.74953831	0.00621423
-405.71620498	-0.00748233
-405.68287164	-0.01733434
-405.64953831	-0.02373698
-405.61620498	-0.02681781
-405.58287164	-0.02696711
-405.54953831	-0.02448420
-405.51620497	-0.01984180
-405.48287164	-0.01337354
-405.44953830	-0.00592322
-405.41620497	0.00181097
-405.38287163	0.00929380
-405.34953830	0.01539863
-405.31620496	0.01997259
-405.28287163	0.02272717
-405.24953830	0.02351990
-405.21620496	0.02284169
-405.18287163	0.02078335
-405.14953829	0.01774020
-405.11620496	0.01410562
-405.08287162	0.01010437
-405.04953829	0.00600281
-405.01620495	0.00228575
-404.98287162	-0.00083497
-404.94953828	-0.00332747
-404.91620495	-0.00516041
-404.88287162	-0.00642236
-404.84953828	-0.00749565
-404.81620495	-0.00823233
-404.78287161	-0.00874186
-404.74953828	-0.00880253
-404.71620494	-0.00811909
-404.68287161	-0.00682527
-404.64953827	-0.00499480
-404.61620494	-0.00288622
-404.58287161	-0.00086575
-404.54953827	0.00107155
-404.51620494	0.00290780
-404.48287160	0.00476125
-404.44953827	0.00667467
-404.41620493	0.00878869
-404.38287160	0.01071490
-404.34953826	0.01233697
-404.31620493	0.01388526
-404.28287159	0.01504917
-404.24953826	0.01630767
-404.21620493	0.01785165
-404.18287159	0.01957577
-404.14953826	0.02135462
-404.11620492	0.02290145
-404.08287159	0.02402062
-404.04953825	0.02445801
-404.01620492	0.02417030
-403.98287158	0.02347612
-403.94953825	0.02237674
-403.91620492	0.02065055
-403.88287158	0.01831300
-403.84953825	0.01519581
-403.81620491	0.01151050
-403.78287158	0.00727001
-403.74953824	0.00269881
-403.71620491	-0.00179510
-403.68287157	-0.00591103
-403.64953824	-0.00943155
-403.61620490	-0.01227231
-403.58287157	-0.01406213
-403.54953824	-0.01523765
-403.51620490	-0.01571765
-403.48287157	-0.01553592
-403.44953823	-0.01464647
-403.41620490	-0.01327692
-403.38287156	-0.01151182
-403.34953823	-0.00951231
-403.31620489	-0.00739979
-403.28287156	-0.00532479
-403.24953822	-0.00325144
-403.21620489	-0.00119092
-403.18287156	0.00084734
-403.14953822	0.00315684
-403.11620489	0.00552122
-403.08287155	0.00791297
-403.04953822	0.01024489
-403.01620488	0.01226494
-402.98287155	0.01373969
-402.94953821	0.01442664
-402.91620488	0.01420903
-402.88287155	0.01314804
-402.84953821	0.01116300
-402.81620488	0.00831308
-402.78287154	0.00463747
-402.74953821	0.00049521
-402.71620487	-0.00383562
-402.68287154	-0.00798208
-402.64953820	-0.01136922
-402.61620487	-0.01398864
-402.58287153	-0.01562160
-402.54953820	-0.01626045
-402.51620487	-0.01602300
-402.48287153	-0.01502266
-402.44953820	-0.01326294
-402.41620486	-0.01096453
-402.38287153	-0.00799146
-402.34953819	-0.00460997
-402.31620486	-0.00092145
-402.28287152	0.00262167
-402.24953819	0.00561345
-402.21620486	0.00797521
-402.18287152	0.00946778
-402.14953819	0.00994879
-402.11620485	0.00956720
-402.08287152	0.00846989
-402.04953818	0.00683756
-402.01620485	0.00468607
-401.98287151	0.00214556
-401.94953818	-0.00041086
-401.91620484	-0.00283075
-401.88287151	-0.00476192
-401.84953818	-0.00594343
-401.81620484	-0.00641243
-401.78287151	-0.00601941
-401.74953817	-0.00517254
-401.71620484	-0.00396378
-401.68287150	-0.00251411
-401.64953817	-0.00096075
-401.61620483	0.00063212
-401.58287150	0.00228943
-401.54953816	0.00380994
-401.51620483	0.00516688
-401.48287150	0.00636763
-401.44953816	0.00698966
-401.41620483	0.00694472
-401.38287149	0.00639597
-401.34953816	0.00540007
-401.31620482	0.00418884
-401.28287149	0.00305735
-401.24953815	0.00219400
-401.21620482	0.00171011
-401.18287149	0.00182464
-401.14953815	0.00224983
-401.11620482	0.00295763
-401.08287148	0.00397784
-401.04953815	0.00525636
-401.01620481	0.00647719
-400.98287148	0.00762421
-400.94953814	0.00838466
-400.91620481	0.00875130
-400.88287147	0.00863453
-400.84953814	0.00793126
-400.81620481	0.00684781
-400.78287147	0.00558354
-400.74953814	0.00443886
-400.71620480	0.00353040
-400.68287147	0.00288557
-400.64953813	0.00282723
-400.61620480	0.00313152
-400.58287146	0.00374095
-400.54953813	0.00461591
-400.51620479	0.00566380
-400.48287146	0.00671908
-400.44953813	0.00754575
-400.41620479	0.00792863
-400.38287146	0.00787252
-400.34953812	0.00729536
-400.31620479	0.00599336
-400.28287145	0.00418467
-400.24953812	0.00175781
-400.21620478	-0.00102946
-400.18287145	-0.00389132
-400.14953812	-0.00655201
-400.11620478	-0.00890527
-400.08287145	-0.01072167
-400.04953811	-0.01190519
-400.01620478	-0.01232213
-399.98287144	-0.01196700
-399.94953811	-0.01111049
-399.91620477	-0.00970941
-399.88287144	-0.00807966
-399.84953810	-0.00628550
-399.81620477	-0.00453058
-399.78287144	-0.00308480
-399.74953810	-0.00177945
-399.71620477	-0.00063274
-399.68287143	0.00056129
-399.64953810	0.00181886
-399.61620476	0.00309344
-399.58287143	0.00440357
-399.54953809	0.00553540
-399.51620476	0.00653850
-399.48287143	0.00736701
-399.44953809	0.00811974
-399.41620476	0.00892656
-399.38287142	0.00967001
-399.34953809	0.01055574
-399.31620475	0.01131019
-399.28287142	0.01174244
-399.24953808	0.01192095
-399.21620475	0.01159700
-399.18287141	0.01072109
-399.14953808	0.00907763
-399.11620475	0.00684066
-399.08287141	0.00426688
-399.04953808	0.00154484
-399.01620474	-0.00113237
-398.98287141	-0.00316673
-398.94953807	-0.00447075
-398.91620474	-0.00476874
-398.88287140	-0.00401273
-398.84953807	-0.00238374
-398.81620473	-0.00011096
-398.78287140	0.00247526
-398.74953807	0.00498700
-398.71620473	0.00695724
-398.68287140	0.00842731
-398.64953806	0.00922268
-398.61620473	0.00932592
-398.58287139	0.00885483
-398.54953806	0.00776173
-398.51620472	0.00598489
-398.48287139	0.00365973
-398.44953806	0.00072434
-398.41620472	-0.00257800
-398.38287139	-0.00584006
-398.34953805	-0.00880028
-398.31620472	-0.01108676
-398.28287138	-0.01260519
-398.24953805	-0.01338629
-398.21620471	-0.01338198
-398.18287138	-0.01280054
-398.14953804	-0.01182615
-398.11620471	-0.01060902
-398.08287138	-0.00936434
-398.04953804	-0.00806685
-398.01620471	-0.00673991
-397.98287137	-0.00541483
-397.94953804	-0.00398340
-397.91620470	-0.00260663
-397.88287137	-0.00117569
-397.84953803	0.00032956
-397.81620470	0.00174609
-397.78287137	0.00319171
-397.74953803	0.00448343
-397.71620470	0.00536300
-397.68287136	0.00588275
-397.64953803	0.00585688
-397.61620469	0.00536485
-397.58287136	0.00444945
-397.54953802	0.00327419
-397.51620469	0.00182619
-397.48287135	0.00029740
-397.44953802	-0.00143894
-397.41620469	-0.00324308
-397.38287135	-0.00518185
-397.34953802	-0.00708627
-397.31620468	-0.00891204
-397.28287135	-0.01039370
-397.24953801	-0.01133913
-397.21620468	-0.01157733
-397.18287134	-0.01121873
-397.14953801	-0.01014940
-397.11620467	-0.00855998
-397.08287134	-0.00657031
-397.04953801	-0.00419516
-397.01620467	-0.00143069
-396.98287134	0.00150555
-396.94953800	0.00456096
-396.91620467	0.00745601
-396.88287133	0.01003655
-396.84953800	0.01182230
-396.81620466	0.01262242
-396.78287133	0.01248720
-396.74953800	0.01136252
-396.71620466	0.00928149
-396.68287133	0.00653590
-396.64953799	0.00342939
-396.61620466	0.00026962
-396.58287132	-0.00274574
-396.54953799	-0.00530655
-396.51620465	-0.00723124
-396.48287132	-0.00849884
-396.44953798	-0.00910437
-396.41620465	-0.00907251
-396.38287132	-0.00846640
-396.34953798	-0.00720260
-396.31620465	-0.00560340
-396.28287131	-0.00355748
-396.24953798	-0.00156215
-396.21620464	0.00030931
-396.18287131	0.00200320
-396.14953797	0.00312728
-396.11620464	0.00367974
-396.08287130	0.00364631
-396.04953797	0.00321282
-396.01620464	0.00244759
-395.98287130	0.00158184
-395.94953797	0.00063078
-395.91620463	-0.00003289
-395.88287130	-0.00059538
-395.84953796	-0.00096841
-395.81620463	-0.00110531
-395.78287129	-0.00126055
-395.74953796	-0.00125375
-395.71620463	-0.00141925
-395.68287129	-0.00160656
-395.64953796	-0.00175253
-395.61620462	-0.00188829
-395.58287129	-0.00178396
-395.54953795	-0.00159948
-395.51620462	-0.00147455
-395.48287128	-0.00123525
-395.44953795	-0.00097271
-395.41620461	-0.00077668
-395.38287128	-0.00056841
-395.34953795	-0.00016441
-395.31620461	0.00044917
-395.28287128	0.00134884
-395.24953794	0.00243439
-395.21620461	0.00370912
-395.18287127	0.00508893
-395.14953794	0.00618633
-395.11620460	0.00696170
-395.08287127	0.00739618
-395.04953794	0.00746265
-395.01620460	0.00709702
-394.98287127	0.00626535
-394.94953793	0.00479385
-394.91620460	0.00270250
-394.88287126	0.00011844
-394.84953793	-0.00287854
-394.81620459	-0.00573350
-394.78287126	-0.00810555
-394.74953792	-0.00962035
-394.71620459	-0.01008455
-394.68287126	-0.00953241
-394.64953792	-0.00815402
-394.61620459	-0.00630039
-394.58287125	-0.00438589
-394.54953792	-0.00265536
-394.51620458	-0.00163480
-394.48287125	-0.00099984
-394.44953791	-0.00067506
-394.41620458	-0.00074790
-394.38287124	-0.00084360
-394.34953791	-0.00105580
-394.31620458	-0.00116992
-394.28287124	-0.00107555
-394.24953791	-0.00082854
-394.21620457	-0.00053605
-394.18287124	-0.00010925
-394.14953790	0.00043592
-394.11620457	0.00097368
-394.08287123	0.00140000
-394.04953790	0.00172662
-394.01620457	0.00196677
-393.98287123	0.00197370
-393.94953790	0.00201032
-393.91620456	0.00227279
-393.88287123	0.00246335
-393.84953789	0.00266641
-393.81620456	0.00269847
-393.78287122	0.00244792
-393.74953789	0.00183846
-393.71620455	0.00106225
-393.68287122	0.00025991
-393.64953789	-0.00048616
-393.61620455	-0.00085239
-393.58287122	-0.00079377
-393.54953788	-0.00024671
-393.51620455	0.00039423
-393.48287121	0.00113275
-393.44953788	0.00181813
-393.41620454	0.00211360
-393.38287121	0.00222809
-393.34953788	0.00198455
-393.31620454	0.00167080
-393.28287121	0.00113161
-393.24953787	0.00062283
-393.21620454	-0.00023244
-393.18287120	-0.00130872
-393.14953787	-0.00257007
-393.11620453	-0.00414698
-393.08287120	-0.00587721
-393.04953786	-0.00745228
-393.01620453	-0.00872663
-392.98287120	-0.00955539
-392.94953786	-0.00967112
-392.91620453	-0.00918548
-392.88287119	-0.00815367
-392.84953786	-0.00665692
-392.81620452	-0.00487896
-392.78287119	-0.00295361
-392.74953785	-0.00094495
-392.71620452	0.00089102
-392.68287118	0.00246137
-392.64953785	0.00373112
-392.61620452	0.00460455
-392.58287118	0.00499210
-392.54953785	0.00527459
-392.51620451	0.00541269
-392.48287118	0.00542541
-392.44953784	0.00553492
-392.41620451	0.00562604
-392.38287117	0.00567336
-392.34953784	0.00562409
-392.31620451	0.00569368
-392.28287117	0.00585853
-392.24953784	0.00614762
-392.21620450	0.00660828
-392.18287117	0.00716532
-392.14953783	0.00759036
-392.11620450	0.00791509
-392.08287116	0.00796373
-392.04953783	0.00778168
-392.01620449	0.00720645
-391.98287116	0.00643696
-391.94953783	0.00541838
-391.91620449	0.00418870
-391.88287116	0.00304975
-391.84953782	0.00183956
-391.81620449	0.00068210
-391.78287115	-0.00029314
-391.74953782	-0.00094008
-391.71620448	-0.00127886
-391.68287115	-0.00116106
-391.64953781	-0.00080802
-391.61620448	-0.00030722
-391.58287115	0.00024971
-391.54953781	0.00065523
-391.51620448	0.00090938
-391.48287114	0.00081190
-391.44953781	0.00039466
-391.41620447	-0.00037188
-391.38287114	-0.00114803
-391.34953780	-0.00223567
-391.31620447	-0.00327635
-391.28287114	-0.00404428
-391.24953780	-0.00449474
-391.21620447	-0.00454836
-391.18287113	-0.00419420
-391.14953780	-0.00364308
-391.11620446	-0.00289714
-391.08287113	-0.00205287
-391.04953779	-0.00116259
-391.01620446	-0.00021332
-390.98287112	0.00072021
-390.94953779	0.00185109
-390.91620446	0.00280567
-390.88287112	0.00357355
-390.84953779	0.00422745
-390.81620445	0.00423131
-390.78287112	0.00383068
-390.74953778	0.00313150
-390.71620445	0.00208227
-390.68287111	0.00081887
-390.64953778	-0.00031607
-390.61620445	-0.00138177
-390.58287111	-0.00225996
-390.54953778	-0.00274597
-390.51620444	-0.00292137
-390.48287111	-0.00289813
-390.44953777	-0.00269868
-390.41620444	-0.00224320
-390.38287110	-0.00150417
-390.34953777	-0.00063129
-390.31620443	0.00048315
-390.28287110	0.00169303
-390.24953777	0.00292183
-390.21620443	0.00415215
-390.18287110	0.00499190
-390.14953776	0.00553580
-390.11620443	0.00554777
-390.08287109	0.00514625
-390.04953776	0.00422345
-390.01620442	0.00316242
-389.98287109	0.00209831
-389.94953775	0.00127525
-389.91620442	0.00072178
-389.88287109	0.00047446
-389.84953775	0.00048655
-389.81620442	0.00061214
-389.78287108	0.00054481
-389.74953775	0.00029088
-389.71620441	-0.00006448
-389.68287108	-0.00064739
-389.64953774	-0.00140605
-389.61620441	-0.00198295
-389.58287108	-0.00243015
-389.54953774	-0.00277942
-389.51620441	-0.00303168
-389.48287107	-0.00323746
-389.44953774	-0.00345609
-389.41620440	-0.00353553
-389.38287107	-0.00348425
-389.34953773	-0.00312213
-389.31620440	-0.00259927
-389.28287106	-0.00180420
-389.24953773	-0.00080369
-389.21620440	0.00031269
-389.18287106	0.00129215
-389.14953773	0.00180963
-389.11620439	0.00202806
-389.08287106	0.00175121
-389.04953772	0.00129527
-389.01620439	0.00066818
-388.98287105	0.00003454
-388.94953772	-0.00043895
-388.91620439	-0.00076138
-388.88287105	-0.00084609
-388.84953772	-0.00071420
-388.81620438	-0.00033511
-388.78287105	0.00039572
-388.74953771	0.00144855
-388.71620438	0.00274919
-388.68287104	0.00404755
-388.64953771	0.00542412
-388.61620437	0.00672694
-388.58287104	0.00782715
-388.54953771	0.00864104
-388.51620437	0.00916422
-388.48287104	0.00947952
-388.44953770	0.00953714
-388.41620437	0.00937928
-388.38287103	0.00889764
-388.34953770	0.00818436
-388.31620436	0.00724967
-388.28287103	0.00622556
-388.24953769	0.00532414
-388.21620436	0.00446158
-388.18287103	0.00381071
-388.14953769	0.00328918
-388.11620436	0.00289704
-388.08287102	0.00255520
-388.04953769	0.00209239
-388.01620435	0.00166824
-387.98287102	0.00119778
-387.94953768	0.00082865
-387.91620435	0.00055876
-387.88287102	0.00026462
-387.84953768	0.00005819
-387.81620435	-0.00012595
-387.78287101	-0.00047812
-387.74953768	-0.00075996
-387.71620434	-0.00097952
-387.68287101	-0.00095960
-387.64953767	-0.00071877
-387.61620434	-0.00035623
-387.58287100	0.00024762
-387.54953767	0.00072578
-387.51620434	0.00121341
-387.48287100	0.00151245
-387.44953767	0.00175193
-387.41620433	0.00184731
-387.38287100	0.00197734
-387.34953766	0.00189372
-387.31620433	0.00162658
-387.28287099	0.00125600
-387.24953766	0.00055473
-387.21620432	-0.00022767
-387.18287099	-0.00115536
-387.14953766	-0.00193031
-387.11620432	-0.00263584
-387.08287099	-0.00316286
-387.04953765	-0.00333666
-387.01620432	-0.00321442
-386.98287098	-0.00293761
-386.94953765	-0.00245177
-386.91620431	-0.00161359
-386.88287098	-0.00066035
-386.84953765	0.00052070
-386.81620431	0.00170413
-386.78287098	0.00293139
-386.74953764	0.00408552
-386.71620431	0.00496388
-386.68287097	0.00555787
-386.64953764	0.00582647
-386.61620430	0.00567481
-386.58287097	0.00523214
-386.54953763	0.00428135
-386.51620430	0.00303938
-386.48287097	0.00162946
-386.44953763	-0.00002793
-386.41620430	-0.00157933
-386.38287096	-0.00288590
-386.34953763	-0.00397680
-386.31620429	-0.00477355
-386.28287096	-0.00525258
-386.24953762	-0.00540124
-386.21620429	-0.00536115
-386.18287096	-0.00518539
-386.14953762	-0.00496131
-386.11620429	-0.00464810
-386.08287095	-0.00420068
-386.04953762	-0.00360385
-386.01620428	-0.00280963
-385.98287095	-0.00185282
-385.94953761	-0.00093936
-385.91620428	-0.00015684
-385.88287094	0.00041180
-385.84953761	0.00068890
-385.81620428	0.00059698
-385.78287094	0.00027299
-385.74953761	-0.00042427
-385.71620427	-0.00126012
-385.68287094	-0.00214070
-385.64953760	-0.00305511
-385.61620427	-0.00400377
-385.58287093	-0.00498202
-385.54953760	-0.00592669
-385.51620426	-0.00692192
-385.48287093	-0.00799495
-385.44953760	-0.00890070
-385.41620426	-0.00978064
-385.38287093	-0.01036836
-385.34953759	-0.01078899
-385.31620426	-0.01072428
-385.28287092	-0.01045336
-385.24953759	-0.00985455
-385.21620425	-0.00891953
-385.18287092	-0.00795849
-385.14953759	-0.00668687
-385.11620425	-0.00544922
-385.08287092	-0.00430953
-385.04953758	-0.00311907
-385.01620425	-0.00199449
-384.98287091	-0.00096752
-384.94953758	-0.00015108
-384.91620424	0.00053054
-384.88287091	0.00094465
-384.84953757	0.00090047
-384.81620424	0.00063269
-384.78287091	-0.00016640
-384.74953757	-0.00117327
-384.71620424	-0.00244216
-384.68287090	-0.00391434
-384.64953757	-0.00516527
-384.61620423	-0.00631987
-384.58287090	-0.00724808
-384.54953756	-0.00782811
-384.51620423	-0.00810490
-384.48287090	-0.00811359
-384.44953756	-0.00784904
-384.41620423	-0.00740028
-384.38287089	-0.00699386
-384.34953756	-0.00637117
-384.31620422	-0.00566070
-384.28287089	-0.00487762
-384.24953755	-0.00402081
-384.21620422	-0.00313931
-384.18287088	-0.00236796
-384.14953755	-0.00166100
-384.11620422	-0.00098931
-384.08287088	-0.00063627
-384.04953755	-0.00035837
-384.01620421	-0.00022148
-383.98287088	-0.00002246
-383.94953754	0.00028224
-383.91620421	0.00062044
-383.88287087	0.00116724
-383.84953754	0.00175712
-383.81620420	0.00229264
-383.78287087	0.00282219
-383.74953754	0.00346646
-383.71620420	0.00384871
-383.68287087	0.00437457
-383.64953753	0.00476080
-383.61620420	0.00526835
-383.58287086	0.00570496
-383.54953753	0.00638182
-383.51620419	0.00701185
-383.48287086	0.00767643
-383.44953753	0.00846409
-383.41620419	0.00937640
-383.38287086	0.01030350
-383.34953752	0.01138609
-383.31620419	0.01267332
-383.28287085	0.01390439
-383.24953752	0.01523566
-383.21620418	0.01657159
-383.18287085	0.01772547
-383.14953751	0.01859931
-383.11620418	0.01917987
-383.08287085	0.01938358
-383.04953751	0.01915896
-383.01620418	0.01870942
-382.98287084	0.01780557
-382.94953751	0.01658158
-382.91620417	0.01514744
-382.88287084	0.01341403
-382.84953750	0.01161460
-382.81620417	0.00969256
-382.78287083	0.00789166
-382.74953750	0.00618428
-382.71620417	0.00486204
-382.68287083	0.00366933
-382.64953750	0.00283401
-382.61620416	0.00228355
-382.58287083	0.00191504
-382.54953749	0.00160979
-382.51620416	0.00133285
-382.48287082	0.00092890
-382.44953749	0.00048154
-382.41620416	-0.00008393
-382.38287082	-0.00072423
-382.34953749	-0.00146645
-382.31620415	-0.00218076
-382.28287082	-0.00291926
-382.24953748	-0.00373523
-382.21620415	-0.00462969
-382.18287081	-0.00569358
-382.14953748	-0.00690971
-382.11620414	-0.00821806
-382.08287081	-0.00953073
-382.04953748	-0.01081902
-382.01620414	-0.01185528
-381.98287081	-0.01260794
-381.94953747	-0.01287345
-381.91620414	-0.01289097
-381.88287080	-0.01263469
-381.84953747	-0.01198556
-381.81620413	-0.01117105
-381.78287080	-0.01027961
-381.74953747	-0.00933436
-381.71620413	-0.00829390
-381.68287080	-0.00725746
-381.64953746	-0.00615752
-381.61620413	-0.00510641
-381.58287079	-0.00416132
-381.54953746	-0.00334422
-381.51620412	-0.00249304
-381.48287079	-0.00176389
-381.44953745	-0.00108457
-381.41620412	-0.00037978
-381.38287079	0.00046118
-381.34953745	0.00132233
-381.31620412	0.00226015
-381.28287078	0.00314622
-381.24953745	0.00401356
-381.21620411	0.00463546
-381.18287078	0.00513029
-381.14953744	0.00531162
-381.11620411	0.00530128
-381.08287077	0.00517814
-381.04953744	0.00496763
-381.01620411	0.00456190
-380.98287077	0.00423546
-380.94953744	0.00385630
-380.91620410	0.00349821
-380.88287077	0.00298565
-380.84953743	0.00253756
-380.81620410	0.00213458
-380.78287076	0.00164760
-380.74953743	0.00131514
-380.71620410	0.00098946
-380.68287076	0.00064364
-380.64953743	0.00013276
-380.61620409	-0.00048291
-380.58287076	-0.00144077
-380.54953742	-0.00257952
-380.51620409	-0.00390414
-380.48287075	-0.00538087
-380.44953742	-0.00708581
-380.41620408	-0.00873119
-380.38287075	-0.01030247
-380.34953742	-0.01190722
-380.31620408	-0.01319576
-380.28287075	-0.01443122
-380.24953741	-0.01538426
-380.21620408	-0.01606616
-380.18287074	-0.01671177
-380.14953741	-0.01709182
-380.11620407	-0.01751085
-380.08287074	-0.01771618
-380.04953741	-0.01791774
-380.01620407	-0.01791386
-379.98287074	-0.01788913
-379.94953740	-0.01757439
-379.91620407	-0.01730240
-379.88287073	-0.01687661
-379.84953740	-0.01646745
-379.81620406	-0.01585584
-379.78287073	-0.01512474
-379.74953739	-0.01405623
-379.71620406	-0.01272900
-379.68287073	-0.01122704
-379.64953739	-0.00932715
-379.61620406	-0.00753314
-379.58287072	-0.00578575
-379.54953739	-0.00409737
-379.51620405	-0.00255598
-379.48287072	-0.00110023
-379.44953738	-0.00005082
-379.41620405	0.00076538
-379.38287071	0.00106898
-379.34953738	0.00098875
-379.31620405	0.00041466
-379.28287071	-0.00057888
-379.24953738	-0.00181348
-379.21620404	-0.00300214
-379.18287071	-0.00414888
-379.14953737	-0.00503942
-379.11620404	-0.00547983
-379.08287070	-0.00569438
-379.04953737	-0.00551672
-379.01620404	-0.00508506
-378.98287070	-0.00443756
-378.94953737	-0.00346678
-378.91620403	-0.00246511
-378.88287070	-0.00120699
-378.84953736	0.00017207
-378.81620403	0.00147044
-378.78287069	0.00254298
-378.74953736	0.00354264
-378.71620402	0.00415171
-378.68287069	0.00451972
-378.64953736	0.00465633
-378.61620402	0.00455370
-378.58287069	0.00430279
-378.54953735	0.00405596
-378.51620402	0.00369792
-378.48287068	0.00337110
-378.44953735	0.00320678
-378.41620401	0.00317117
-378.38287068	0.00315571
-378.34953734	0.00307184
-378.31620401	0.00303753
-378.28287068	0.00299619
-378.24953734	0.00294221
-378.21620401	0.00280297
-378.18287067	0.00289073
-378.14953734	0.00337399
-378.11620400	0.00422077
-378.08287067	0.00565633
-378.04953733	0.00769059
-378.01620400	0.01017508
-377.98287067	0.01306574
-377.94953733	0.01631814
-377.91620400	0.01978084
-377.88287066	0.02345187
-377.84953733	0.02719170
-377.81620399	0.03096789
-377.78287066	0.03456229
-377.74953732	0.03807151
-377.71620399	0.04102340
-377.68287065	0.04320415
-377.64953732	0.04453311
-377.61620399	0.04457193
-377.58287065	0.04324891
-377.54953732	0.04079975
-377.51620398	0.03704126
-377.48287065	0.03239031
-377.44953731	0.02711778
-377.41620398	0.02171460
-377.38287064	0.01665112
-377.34953731	0.01225589
-377.31620398	0.00903637
-377.28287064	0.00707646
-377.24953731	0.00642539
-377.21620397	0.00715040
-377.18287064	0.00883285
-377.14953730	0.01126902
-377.11620397	0.01411840
-377.08287063	0.01717097
-377.04953730	0.02012553
-377.01620396	0.02268064
-376.98287063	0.02486342
-376.94953730	0.02639395
-376.91620396	0.02729510
-376.88287063	0.02748511
-376.84953729	0.02700396
-376.81620396	0.02592752
-376.78287062	0.02438311
-376.74953729	0.02237565
-376.71620395	0.02029961
-376.68287062	0.01796950
-376.64953728	0.01556168
-376.61620395	0.01325014
-376.58287062	0.01087539
-376.54953728	0.00820107
-376.51620395	0.00559450
-376.48287061	0.00288770
-376.44953728	-0.00002302
-376.41620394	-0.00292890
-376.38287061	-0.00584672
-376.34953727	-0.00884909
-376.31620394	-0.01191364
-376.28287061	-0.01508244
-376.24953727	-0.01816485
-376.21620394	-0.02128405
-376.18287060	-0.02431935
-376.14953727	-0.02713390
-376.11620393	-0.02963305
-376.08287060	-0.03195780
-376.04953726	-0.03389927
-376.01620393	-0.03555418
-375.98287059	-0.03691092
-375.94953726	-0.03803818
-375.91620393	-0.03895286
-375.88287059	-0.03984080
-375.84953726	-0.04097591
-375.81620392	-0.04213183
-375.78287059	-0.04348039
-375.74953725	-0.04500076
-375.71620392	-0.04667644
-375.68287058	-0.04843547
-375.64953725	-0.05023521
-375.61620392	-0.05180769
-375.58287058	-0.05326900
-375.54953725	-0.05430416
-375.51620391	-0.05478428
-375.48287058	-0.05475300
-375.44953724	-0.05410874
-375.41620391	-0.05288530
-375.38287057	-0.05116983
-375.34953724	-0.04921711
-375.31620390	-0.04698082
-375.28287057	-0.04493749
-375.24953724	-0.04311890
-375.21620390	-0.04143532
-375.18287057	-0.04011600
-375.14953723	-0.03912518
-375.11620390	-0.03823739
-375.08287056	-0.03747152
-375.04953723	-0.03660623
-375.01620389	-0.03565397
-374.98287056	-0.03452232
-374.94953722	-0.03310151
-374.91620389	-0.03127303
-374.88287056	-0.02919868
-374.84953722	-0.02674118
-374.81620389	-0.02394877
-374.78287055	-0.02090791
-374.74953722	-0.01753945
-374.71620388	-0.01416499
-374.68287055	-0.01073863
-374.64953721	-0.00759153
-374.61620388	-0.00462406
-374.58287055	-0.00186603
-374.54953721	0.00060362
-374.51620388	0.00288431
-374.48287054	0.00508156
-374.44953721	0.00725128
-374.41620387	0.00951335
-374.38287054	0.01188400
-374.34953720	0.01424302
-374.31620387	0.01663449
-374.28287053	0.01913584
-374.24953720	0.02142493
-374.21620387	0.02352270
-374.18287053	0.02553427
-374.14953720	0.02709642
-374.11620386	0.02838791
-374.08287053	0.02935133
-374.04953719	0.03002249
-374.01620386	0.03059689
-373.98287052	0.03102751
-373.94953719	0.03160654
-373.91620385	0.03238469
-373.88287052	0.03334618
-373.84953719	0.03451341
-373.81620385	0.03589990
-373.78287052	0.03732191
-373.74953718	0.03885206
-373.71620385	0.04034628
-373.68287051	0.04146277
-373.64953718	0.04245069
-373.61620384	0.04276741
-373.58287051	0.04265336
-373.54953718	0.04202181
-373.51620384	0.04085567
-373.48287051	0.03949705
-373.44953717	0.03779600
-373.41620384	0.03611422
-373.38287050	0.03452978
-373.34953717	0.03299164
-373.31620383	0.03174508
-373.28287050	0.03056547
-373.24953716	0.02944018
-373.21620383	0.02838579
-373.18287050	0.02741903
-373.14953716	0.02653754
-373.11620383	0.02570242
-373.08287049	0.02514681
-373.04953716	0.02461953
-373.01620382	0.02397671
-372.98287049	0.02318301
-372.94953715	0.02197932
-372.91620382	0.02054010
-372.88287049	0.01871480
-372.84953715	0.01670213
-372.81620382	0.01453803
-372.78287048	0.01241783
-372.74953715	0.01030211
-372.71620381	0.00826308
-372.68287048	0.00640998
-372.64953714	0.00472353
-372.61620381	0.00306754
-372.58287047	0.00160046
-372.54953714	0.00033070
-372.51620381	-0.00074942
-372.48287047	-0.00172330
-372.44953714	-0.00233728
-372.41620380	-0.00285762
-372.38287047	-0.00317338
-372.34953713	-0.00351368
-372.31620380	-0.00387914
-372.28287046	-0.00440142
-372.24953713	-0.00503965
-372.21620379	-0.00576130
-372.18287046	-0.00649387
-372.14953713	-0.00719565
-372.11620379	-0.00780706
-372.08287046	-0.00818257
-372.04953712	-0.00860617
-372.01620379	-0.00880948
-371.98287045	-0.00880515
-371.94953712	-0.00898716
-371.91620378	-0.00905247
-371.88287045	-0.00904668
-371.84953712	-0.00902264
-371.81620378	-0.00904456
-371.78287045	-0.00903560
-371.74953711	-0.00909129
-371.71620378	-0.00915569
-371.68287044	-0.00936959
-371.64953711	-0.00978190
-371.61620377	-0.01010753
-371.58287044	-0.01052656
-371.54953710	-0.01092792
-371.51620377	-0.01123167
-371.48287044	-0.01131857
-371.44953710	-0.01110505
-371.41620377	-0.01056983
-371.38287043	-0.00958591
-371.34953710	-0.00824664
-371.31620376	-0.00667866
-371.28287043	-0.00489157
-371.24953709	-0.00312752
-371.21620376	-0.00137271
-371.18287043	0.00022117
-371.14953709	0.00161651
-371.11620376	0.00264727
-371.08287042	0.00328090
-371.04953709	0.00360162
-371.01620375	0.00368579
-370.98287042	0.00340698
-370.94953708	0.00288606
-370.91620375	0.00223824
-370.88287041	0.00148748
-370.84953708	0.00072139
-370.81620375	0.00010862
-370.78287041	-0.00031796
-370.74953708	-0.00051654
-370.71620374	-0.00054737
-370.68287041	-0.00015875
-370.64953707	0.00050371
-370.61620374	0.00149440
-370.58287040	0.00270046
-370.54953707	0.00404016
-370.51620373	0.00538712
-370.48287040	0.00690461
-370.44953707	0.00819034
-370.41620373	0.00933346
-370.38287040	0.01031320
-370.34953706	0.01107978
-370.31620373	0.01154671
-370.28287039	0.01165030
-370.24953706	0.01157001
-370.21620372	0.01120147
-370.18287039	0.01066979
-370.14953706	0.01012436
-370.11620372	0.00928668
-370.08287039	0.00844735
-370.04953705	0.00746895
-370.01620372	0.00639420
-369.98287038	0.00516568
-369.94953705	0.00396918
-369.91620371	0.00276056
-369.88287038	0.00164296
-369.84953704	0.00081450
-369.81620371	0.00033864
-369.78287038	0.00029668
-369.74953704	0.00055039
-369.71620371	0.00118367
-369.68287037	0.00217137
-369.64953704	0.00324220
-369.61620370	0.00444492
-369.58287037	0.00562187
-369.54953703	0.00688549
-369.51620370	0.00803474
-369.48287036	0.00916914
-369.44953703	0.01020414
-369.41620370	0.01108583
-369.38287036	0.01166035
-369.34953703	0.01188278
-369.31620369	0.01170693
-369.28287036	0.01108061
-369.24953702	0.01017789
-369.21620369	0.00885623
-369.18287035	0.00732508
-369.14953702	0.00583603
-369.11620369	0.00452871
-369.08287035	0.00355011
-369.04953702	0.00295544
-369.01620368	0.00265430
-368.98287035	0.00281899
-368.94953701	0.00338404
-368.91620368	0.00429418
-368.88287034	0.00544828
-368.84953701	0.00688829
-368.81620367	0.00840500
-368.78287034	0.00999224
-368.74953701	0.01149301
-368.71620367	0.01282152
-368.68287034	0.01378160
-368.64953700	0.01429906
-368.61620367	0.01428637
-368.58287033	0.01379813
-368.54953700	0.01274240
-368.51620366	0.01109568
-368.48287033	0.00899947
-368.44953700	0.00659057
-368.41620366	0.00392081
-368.38287033	0.00100190
-368.34953699	-0.00189267
-368.31620366	-0.00471271
-368.28287032	-0.00737081
-368.24953699	-0.00999414
-368.21620365	-0.01237220
-368.18287032	-0.01444324
-368.14953698	-0.01630676
-368.11620365	-0.01772645
-368.08287032	-0.01867612
-368.04953698	-0.01928363
-368.01620365	-0.01920270
-367.98287031	-0.01880167
-367.94953698	-0.01806057
-367.91620364	-0.01705063
-367.88287031	-0.01589171
-367.84953697	-0.01451848
-367.81620364	-0.01312009
-367.78287030	-0.01173530
-367.74953697	-0.01031309
-367.71620364	-0.00898676
-367.68287030	-0.00781101
-367.64953697	-0.00698748
-367.61620363	-0.00649181
-367.58287030	-0.00648895
-367.54953696	-0.00697048
-367.51620363	-0.00791310
-367.48287029	-0.00909416
-367.44953696	-0.01052558
-367.41620363	-0.01208275
-367.38287029	-0.01355396
-367.34953696	-0.01510344
-367.31620362	-0.01669629
-367.28287029	-0.01814405
-367.24953695	-0.01954024
-367.21620362	-0.02090999
-367.18287028	-0.02209171
-367.14953695	-0.02282208
-367.11620361	-0.02340893
-367.08287028	-0.02373383
-367.04953695	-0.02377044
-367.01620361	-0.02379170
-366.98287028	-0.02374052
-366.94953694	-0.02370536
-366.91620361	-0.02367310
-366.88287027	-0.02377185
-366.84953694	-0.02397138
-366.81620360	-0.02433748
-366.78287027	-0.02484403
-366.74953694	-0.02559955
-366.71620360	-0.02653328
-366.68287027	-0.02760807
-366.64953693	-0.02866359
-366.61620360	-0.02980815
-366.58287026	-0.03076208
-366.54953693	-0.03158125
-366.51620359	-0.03214629
-366.48287026	-0.03241877
-366.44953692	-0.03225811
-366.41620359	-0.03176856
-366.38287026	-0.03076918
-366.34953692	-0.02951651
-366.31620359	-0.02781435
-366.28287025	-0.02576139
-366.24953692	-0.02351673
-366.21620358	-0.02105801
-366.18287025	-0.01846626
-366.14953691	-0.01593366
-366.11620358	-0.01321457
-366.08287024	-0.01038046
-366.04953691	-0.00757949
-366.01620358	-0.00484623
-365.98287024	-0.00222397
-365.94953691	0.00030442
-365.91620357	0.00265886
-365.88287024	0.00479687
-365.84953690	0.00667219
-365.81620357	0.00841444
-365.78287023	0.00998786
-365.74953690	0.01140073
-365.71620357	0.01269007
-365.68287023	0.01393474
-365.64953690	0.01508368
-365.61620356	0.01623869
-365.58287023	0.01731837
-365.54953689	0.01848540
-365.51620356	0.01949215
-365.48287022	0.02052315
-365.44953689	0.02122017
-365.41620355	0.02178585
-365.38287022	0.02199394
-365.34953689	0.02187406
-365.31620355	0.02141524
-365.28287022	0.02049373
-365.24953688	0.01926368
-365.21620355	0.01753583
-365.18287021	0.01544733
-365.14953688	0.01284585
-365.11620354	0.00983079
-365.08287021	0.00672552
-365.04953687	0.00334336
-365.01620354	-0.00006759
-364.98287021	-0.00333485
-364.94953687	-0.00636378
-364.91620354	-0.00910111
-364.88287020	-0.01156640
-364.84953687	-0.01375872
-364.81620353	-0.01555154
-364.78287020	-0.01710801
-364.74953686	-0.01814233
-364.71620353	-0.01888388
-364.68287020	-0.01902116
-364.64953686	-0.01874791
-364.61620353	-0.01800973
-364.58287019	-0.01700429
-364.54953686	-0.01567037
-364.51620352	-0.01407826
-364.48287019	-0.01225426
-364.44953685	-0.01022760
-364.41620352	-0.00801815
-364.38287018	-0.00560618
-364.34953685	-0.00290211
-364.31620352	-0.00023978
-364.28287018	0.00243277
-364.24953685	0.00503992
-364.21620351	0.00749515
-364.18287018	0.00979317
-364.14953684	0.01196847
-364.11620351	0.01386281
-364.08287017	0.01558303
-364.04953684	0.01706927
-364.01620351	0.01828476
-363.98287017	0.01905707
-363.94953684	0.01956614
-363.91620350	0.01964095
-363.88287017	0.01923390
-363.84953683	0.01865258
-363.81620350	0.01789593
-363.78287016	0.01684268
-363.74953683	0.01572964
-363.71620349	0.01454220
-363.68287016	0.01320505
-363.64953683	0.01179190
-363.61620349	0.01021034
-363.58287016	0.00866591
-363.54953682	0.00702375
-363.51620349	0.00534573
-363.48287015	0.00367512
-363.44953682	0.00219926
-363.41620348	0.00087705
-363.38287015	-0.00034840
-363.34953681	-0.00133887
-363.31620348	-0.00215649
-363.28287015	-0.00277710
-363.24953681	-0.00344082
-363.21620348	-0.00400798
-363.18287014	-0.00462443
-363.14953681	-0.00523422
-363.11620347	-0.00589279
-363.08287014	-0.00684946
-363.04953680	-0.00773042
-363.01620347	-0.00877579
-362.98287014	-0.00986162
-362.94953680	-0.01111768
-362.91620347	-0.01225585
-362.88287013	-0.01343273
-362.84953680	-0.01432385
-362.81620346	-0.01519710
-362.78287013	-0.01568107
-362.74953679	-0.01572340
-362.71620346	-0.01539198
-362.68287012	-0.01462896
-362.64953679	-0.01332801
-362.61620346	-0.01165571
-362.58287012	-0.00957461
-362.54953679	-0.00701590
-362.51620345	-0.00440147
-362.48287012	-0.00161223
-362.44953678	0.00150570
-362.41620345	0.00452735
-362.38287011	0.00771959
-362.34953678	0.01086882
-362.31620345	0.01387043
-362.28287011	0.01684359
-362.24953678	0.01954706
-362.21620344	0.02219025
-362.18287011	0.02457272
-362.14953677	0.02671315
-362.11620344	0.02854983
-362.08287010	0.03002923
-362.04953677	0.03099548
-362.01620343	0.03143333
-361.98287010	0.03127865
-361.94953677	0.03050308
-361.91620343	0.02901137
-361.88287010	0.02705120
-361.84953676	0.02436110
-361.81620343	0.02114984
-361.78287009	0.01740987
-361.74953676	0.01331808
-361.71620342	0.00886151
-361.68287009	0.00436508
-361.64953675	-0.00021957
-361.61620342	-0.00464759
-361.58287009	-0.00877758
-361.54953675	-0.01261619
-361.51620342	-0.01588940
-361.48287008	-0.01869418
-361.44953675	-0.02091790
-361.41620341	-0.02262928
-361.38287008	-0.02371538
-361.34953674	-0.02420093
-361.31620341	-0.02396290
-361.28287008	-0.02318249
-361.24953674	-0.02191843
-361.21620341	-0.02010401
-361.18287007	-0.01766925
-361.14953674	-0.01490098
-361.11620340	-0.01172751
-361.08287007	-0.00811873
-361.04953673	-0.00440318
-361.01620340	-0.00052417
-360.98287006	0.00333071
-360.94953673	0.00698018
-360.91620340	0.01015446
-360.88287006	0.01290576
-360.84953673	0.01509557
-360.81620339	0.01657408
-360.78287006	0.01723485
-360.74953672	0.01726240
-360.71620339	0.01647022
-360.68287005	0.01505878
-360.64953672	0.01316765
-360.61620338	0.01077616
-360.58287005	0.00809599
-360.54953672	0.00542643
-360.51620338	0.00284184
-360.48287005	0.00054563
-360.44953671	-0.00136841
-360.41620338	-0.00275221
-360.38287004	-0.00352369
-360.34953671	-0.00372963
-360.31620337	-0.00354230
-360.28287004	-0.00292794
-360.24953671	-0.00201526
-360.21620337	-0.00088457
-360.18287004	0.00023593
-360.14953670	0.00121750
-360.11620337	0.00203427
-360.08287003	0.00254047
-360.04953670	0.00289416
-360.01620336	0.00304583
-359.98287003	0.00291549
-359.94953669	0.00257106
-359.91620336	0.00206578
-359.88287003	0.00139066
-359.84953669	0.00063296
-359.81620336	-0.00022704
-359.78287002	-0.00098435
-359.74953669	-0.00159873
-359.71620335	-0.00212592
-359.68287002	-0.00242677
-359.64953668	-0.00237800
-359.61620335	-0.00219343
-359.58287002	-0.00178491
-359.54953668	-0.00138405
-359.51620335	-0.00091060
-359.48287001	-0.00032339
-359.44953668	0.00024482
-359.41620334	0.00070121
-359.38287001	0.00122776
-359.34953667	0.00170894
-359.31620334	0.00213492
-359.28287000	0.00237999
-359.24953667	0.00239146
-359.21620334	0.00226242
-359.18287000	0.00178422
-359.14953667	0.00102956
-359.11620333	0.00005259
-359.08287000	-0.00109496
-359.04953666	-0.00234034
-359.01620333	-0.00367638
-358.98286999	-0.00492428
-358.94953666	-0.00627112
-358.91620332	-0.00754884
-358.88286999	-0.00877664
-358.84953666	-0.00987756
-358.81620332	-0.01094196
-358.78286999	-0.01188443
-358.74953665	-0.01276780
-358.71620332	-0.01335395
-358.68286998	-0.01377300
-358.64953665	-0.01405035
-358.61620331	-0.01420604
-358.58286998	-0.01418599
-358.54953665	-0.01404604
-358.51620331	-0.01362073
-358.48286998	-0.01308155
-358.44953664	-0.01231707
-358.41620331	-0.01115038
-358.38286997	-0.00974244
-358.34953664	-0.00813661
-358.31620330	-0.00629274
-358.28286997	-0.00435663
-358.24953663	-0.00235989
-358.21620330	-0.00041055
-358.18286997	0.00153805
-358.14953663	0.00333092
-358.11620330	0.00507567
-358.08286996	0.00657805
-358.04953663	0.00791407
-358.01620329	0.00896598
-357.98286996	0.00961744
-357.94953662	0.00976730
-357.91620329	0.00956035
-357.88286996	0.00896339
-357.84953662	0.00802072
-357.81620329	0.00657216
-357.78286995	0.00502236
-357.74953662	0.00307707
-357.71620328	0.00111217
-357.68286995	-0.00086069
-357.64953661	-0.00274074
-357.61620328	-0.00447975
-357.58286994	-0.00579890
-357.54953661	-0.00678131
-357.51620328	-0.00736318
-357.48286994	-0.00761714
-357.44953661	-0.00733182
-357.41620327	-0.00681785
-357.38286994	-0.00587303
-357.34953660	-0.00463520
-357.31620327	-0.00319639
-357.28286993	-0.00163030
-357.24953660	0.00009779
-357.21620326	0.00173439
-357.18286993	0.00342875
-357.14953660	0.00484659
-357.11620326	0.00609526
-357.08286993	0.00711174
-357.04953659	0.00776128
-357.01620326	0.00837318
-356.98286992	0.00860117
-356.94953659	0.00856600
-356.91620325	0.00830219
-356.88286992	0.00802742
-356.84953659	0.00771155
-356.81620325	0.00730671
-356.78286992	0.00666085
-356.74953658	0.00618393
-356.71620325	0.00550865
-356.68286991	0.00482584
-356.64953658	0.00398909
-356.61620324	0.00307547
-356.58286991	0.00209447
-356.54953657	0.00120531
-356.51620324	0.00021791
-356.48286991	-0.00060880
-356.44953657	-0.00148583
-356.41620324	-0.00220200
-356.38286990	-0.00293462
-356.34953657	-0.00336498
-356.31620323	-0.00373335
-356.28286990	-0.00394422
-356.24953656	-0.00395594
-356.21620323	-0.00387250
-356.18286989	-0.00366241
-356.14953656	-0.00320408
-356.11620323	-0.00281268
-356.08286989	-0.00236453
-356.04953656	-0.00196416
-356.01620322	-0.00155304
-355.98286989	-0.00119785
-355.94953655	-0.00091170
-355.91620322	-0.00084015
-355.88286988	-0.00062802
-355.84953655	-0.00032284
-355.81620322	-0.00005416
-355.78286988	0.00022563
-355.74953655	0.00060953
-355.71620321	0.00083900
-355.68286988	0.00108827
-355.64953654	0.00130625
-355.61620321	0.00137057
-355.58286987	0.00130871
-355.54953654	0.00106751
-355.51620320	0.00076580
-355.48286987	0.00029885
-355.44953654	-0.00026341
-355.41620320	-0.00078682
-355.38286987	-0.00146573
-355.34953653	-0.00210849
-355.31620320	-0.00261304
-355.28286986	-0.00324236
-355.24953653	-0.00373913
-355.21620319	-0.00398632
-355.18286986	-0.00417616
-355.14953653	-0.00411763
-355.11620319	-0.00384655
-355.08286986	-0.00344649
-355.04953652	-0.00303224
-355.01620319	-0.00237421
-354.98286985	-0.00183929
-354.94953652	-0.00147107
-354.91620318	-0.00116102
-354.88286985	-0.00111015
-354.84953651	-0.00121030
-354.81620318	-0.00151174
-354.78286985	-0.00186718
-354.74953651	-0.00237503
-354.71620318	-0.00296409
-354.68286984	-0.00352311
-354.64953651	-0.00412709
-354.61620317	-0.00467438
-354.58286984	-0.00489374
-354.54953650	-0.00506316
-354.51620317	-0.00498394
-354.48286983	-0.00464092
-354.44953650	-0.00420068
-354.41620317	-0.00358001
-354.38286983	-0.00278626
-354.34953650	-0.00202451
-354.31620316	-0.00108210
-354.28286983	-0.00008162
-354.24953649	0.00101508
-354.21620316	0.00210497
-354.18286982	0.00318677
-354.14953649	0.00424655
-354.11620316	0.00514377
-354.08286982	0.00591530
-354.04953649	0.00656390
-354.01620315	0.00694806
-353.98286982	0.00707683
-353.94953648	0.00708140
-353.91620315	0.00685198
-353.88286981	0.00638573
-353.84953648	0.00564338
-353.81620314	0.00473696
-353.78286981	0.00360303
-353.74953648	0.00227541
-353.71620314	0.00094689
-353.68286981	-0.00055466
-353.64953647	-0.00206220
-353.61620314	-0.00340179
-353.58286980	-0.00475386
-353.54953647	-0.00594847
-353.51620313	-0.00686667
-353.48286980	-0.00772127
-353.44953647	-0.00828511
-353.41620313	-0.00862570
-353.38286980	-0.00883828
-353.34953646	-0.00882864
-353.31620313	-0.00869682
-353.28286979	-0.00839512
-353.24953646	-0.00793660
-353.21620312	-0.00730962
-353.18286979	-0.00649954
-353.14953645	-0.00560220
-353.11620312	-0.00464630
-353.08286979	-0.00352494
-353.04953645	-0.00244822
-353.01620312	-0.00130886
-352.98286978	-0.00010481
-352.94953645	0.00090803
-352.91620311	0.00204737
-352.88286978	0.00297889
-352.84953644	0.00393534
-352.81620311	0.00475662
-352.78286977	0.00535493
-352.74953644	0.00594807
-352.71620311	0.00641140
-352.68286977	0.00670244
-352.64953644	0.00680909
-352.61620310	0.00675155
-352.58286977	0.00657757
-352.54953643	0.00633296
-352.51620310	0.00596225
-352.48286976	0.00562715
-352.44953643	0.00524518
-352.41620310	0.00486102
-352.38286976	0.00452346
-352.34953643	0.00437895
-352.31620309	0.00425448
-352.28286976	0.00439705
-352.24953642	0.00429461
-352.21620309	0.00427278
-352.18286975	0.00417869
-352.14953642	0.00414738
-352.11620308	0.00383523
-352.08286975	0.00346684
-352.04953642	0.00266116
-352.01620308	0.00174209
-351.98286975	0.00050660
-351.94953641	-0.00107233
-351.91620308	-0.00281942
-351.88286974	-0.00480541
-351.84953641	-0.00673766
-351.81620307	-0.00864539
-351.78286974	-0.01038269
-351.74953640	-0.01196635
-351.71620307	-0.01313004
-351.68286974	-0.01398875
-351.64953640	-0.01441455
-351.61620307	-0.01453272
-351.58286973	-0.01424394
-351.54953640	-0.01339747
-351.51620306	-0.01229418
-351.48286973	-0.01080874
-351.44953639	-0.00915868
-351.41620306	-0.00732159
-351.38286973	-0.00551085
-351.34953639	-0.00376482
-351.31620306	-0.00217114
-351.28286972	-0.00092221
-351.24953639	0.00000150
-351.21620305	0.00064180
-351.18286972	0.00099408
-351.14953638	0.00106988
-351.11620305	0.00097238
-351.08286971	0.00067336
-351.04953638	0.00027417
-351.01620305	-0.00006260
-350.98286971	-0.00050683
-350.94953638	-0.00080456
-350.91620304	-0.00097767
-350.88286971	-0.00112344
-350.84953637	-0.00093080
-350.81620304	-0.00070968
-350.78286970	-0.00032003
-350.74953637	0.00019421
-350.71620304	0.00061936
-350.68286970	0.00107499
-350.64953637	0.00143603
-350.61620303	0.00177613
-350.58286970	0.00213699
-350.54953636	0.00234510
-350.51620303	0.00254768
-350.48286969	0.00268225
-350.44953636	0.00274192
-350.41620302	0.00267065
-350.38286969	0.00263814
-350.34953636	0.00241067
-350.31620302	0.00207266
-350.28286969	0.00154980
-350.24953635	0.00089456
-350.21620302	0.00012745
-350.18286968	-0.00058618
-350.14953635	-0.00132297
-350.11620301	-0.00191948
-350.08286968	-0.00259966
-350.04953634	-0.00299975
-350.01620301	-0.00325808
-349.98286968	-0.00346903
-349.94953634	-0.00336506
-349.91620301	-0.00304668
-349.88286967	-0.00255854
-349.84953634	-0.00203115
-349.81620300	-0.00123368
-349.78286967	-0.00046647
-349.74953633	0.00029207
-349.71620300	0.00078465
-349.68286967	0.00103680
-349.64953633	0.00115728
-349.61620300	0.00099386
-349.58286966	0.00064561
-349.54953633	0.00019256
-349.51620299	-0.00046511
-349.48286966	-0.00102834
-349.44953632	-0.00152760
-349.41620299	-0.00201250
-349.38286965	-0.00221784
-349.34953632	-0.00223264
-349.31620299	-0.00199943
-349.28286965	-0.00144921
-349.24953632	-0.00067024
-349.21620298	0.00036653
-349.18286965	0.00152386
-349.14953631	0.00270720
-349.11620298	0.00395182
-349.08286964	0.00494196
-349.04953631	0.00582918
-349.01620298	0.00635359
-348.98286964	0.00660969
-348.94953631	0.00666007
-348.91620297	0.00651369
-348.88286964	0.00617541
-348.84953630	0.00586957
-348.81620297	0.00559724
-348.78286963	0.00526065
-348.74953630	0.00496569
-348.71620296	0.00470498
-348.68286963	0.00446099
-348.64953630	0.00416494
-348.61620296	0.00389163
-348.58286963	0.00354773
-348.54953629	0.00333016
-348.51620296	0.00298876
-348.48286962	0.00262332
-348.44953629	0.00225256
-348.41620295	0.00181729
-348.38286962	0.00117030
-348.34953628	0.00046227
-348.31620295	-0.00020138
-348.28286962	-0.00075674
-348.24953628	-0.00117108
-348.21620295	-0.00139036
-348.18286961	-0.00136843
-348.14953628	-0.00129372
-348.11620294	-0.00111823
-348.08286961	-0.00081550
-348.04953627	-0.00054416
-348.01620294	-0.00037880
-347.98286961	-0.00014413
-347.94953627	0.00005383
-347.91620294	0.00028652
-347.88286960	0.00044390
-347.84953627	0.00050750
-347.81620293	0.00054982
-347.78286960	0.00052296
-347.74953626	0.00041614
-347.71620293	0.00027906
-347.68286959	-0.00002004
-347.64953626	-0.00032753
-347.61620293	-0.00052093
-347.58286959	-0.00053251
-347.54953626	-0.00057765
-347.51620292	-0.00039838
-347.48286959	-0.00026154
-347.44953625	-0.00000499
-347.41620292	0.00018778
-347.38286958	0.00030105
-347.34953625	0.00032834
-347.31620291	0.00014092
-347.28286958	-0.00014781
-347.24953625	-0.00041952
-347.21620291	-0.00077857
-347.18286958	-0.00113140
-347.14953624	-0.00151337
-347.11620291	-0.00188638
-347.08286957	-0.00233723
-347.04953624	-0.00283158
-347.01620290	-0.00333569
-346.98286957	-0.00370582
-346.94953624	-0.00393070
-346.91620290	-0.00421881
-346.88286957	-0.00437075
-346.84953623	-0.00440475
-346.81620290	-0.00446832
-346.78286956	-0.00438627
-346.74953623	-0.00438221
-346.71620289	-0.00420546
-346.68286956	-0.00414946
-346.64953622	-0.00409975
-346.61620289	-0.00390524
-346.58286956	-0.00379237
-346.54953622	-0.00375270
-346.51620289	-0.00368245
-346.48286955	-0.00367531
-346.44953622	-0.00375236
-346.41620288	-0.00382424
-346.38286955	-0.00391135
-346.34953621	-0.00394267
-346.31620288	-0.00399365
-346.28286955	-0.00410157
-346.24953621	-0.00424631
-346.21620288	-0.00445912
-346.18286954	-0.00467195
-346.14953621	-0.00499583
-346.11620287	-0.00528666
-346.08286954	-0.00563517
-346.04953620	-0.00603507
-346.01620287	-0.00633846
-345.98286953	-0.00663185
-345.94953620	-0.00689988
-345.91620287	-0.00684247
-345.88286953	-0.00675221
-345.84953620	-0.00639352
-345.81620286	-0.00599207
-345.78286953	-0.00525672
-345.74953619	-0.00453106
-345.71620286	-0.00364818
-345.68286952	-0.00283609
-345.64953619	-0.00190282
-345.61620285	-0.00117506
-345.58286952	-0.00052464
-345.54953619	-0.00008511
-345.51620285	0.00012467
-345.48286952	0.00010495
-345.44953618	-0.00002334
-345.41620285	-0.00034598
-345.38286951	-0.00085483
-345.34953618	-0.00151590
-345.31620284	-0.00221401
-345.28286951	-0.00285703
-345.24953618	-0.00358199
-345.21620284	-0.00398334
-345.18286951	-0.00431373
-345.14953617	-0.00433536
-345.11620284	-0.00419519
-345.08286950	-0.00386460
-345.04953617	-0.00332709
-345.01620283	-0.00276793
-344.98286950	-0.00208866
-344.94953616	-0.00127647
-344.91620283	-0.00062573
-344.88286950	0.00009023
-344.84953616	0.00060605
-344.81620283	0.00108859
-344.78286949	0.00136003
-344.74953616	0.00145660
-344.71620282	0.00156249
-344.68286949	0.00150126
-344.64953615	0.00133384
-344.61620282	0.00126822
-344.58286949	0.00117721
-344.54953615	0.00123678
-344.51620282	0.00141273
-344.48286948	0.00172708
-344.44953615	0.00205771
-344.41620281	0.00241463
-344.38286948	0.00273338
-344.34953614	0.00310571
-344.31620281	0.00336394
-344.28286947	0.00350457
-344.24953614	0.00357882
-344.21620281	0.00360641
-344.18286947	0.00353293
-344.14953614	0.00353506
-344.11620280	0.00344728
-344.08286947	0.00316540
-344.04953613	0.00301803
-344.01620280	0.00290496
-343.98286946	0.00278296
-343.94953613	0.00268040
-343.91620279	0.00267317
-343.88286946	0.00255116
-343.84953613	0.00245041
-343.81620279	0.00249124
-343.78286946	0.00241070
-343.74953612	0.00225925
-343.71620279	0.00215099
-343.68286945	0.00199906
-343.64953612	0.00178262
-343.61620278	0.00142279
-343.58286945	0.00100046
-343.54953612	0.00075112
-343.51620278	0.00052849
-343.48286945	0.00028751
-343.44953611	0.00016160
-343.41620278	0.00015675
-343.38286944	0.00015639
-343.34953611	0.00028659
-343.31620277	0.00048303
-343.28286944	0.00066241
-343.24953610	0.00087271
-343.21620277	0.00109765
-343.18286944	0.00112743
-343.14953610	0.00120016
-343.11620277	0.00115922
-343.08286943	0.00114315
-343.04953610	0.00091278
-343.01620276	0.00059057
-342.98286943	0.00022696
-342.94953609	-0.00026162
-342.91620276	-0.00081762
-342.88286942	-0.00138253
-342.84953609	-0.00195469
-342.81620276	-0.00250760
-342.78286942	-0.00297093
-342.74953609	-0.00346128
-342.71620275	-0.00391019
-342.68286942	-0.00429766
-342.64953608	-0.00465840
-342.61620275	-0.00510425
-342.58286941	-0.00541673
-342.54953608	-0.00557138
-342.51620275	-0.00579851
-342.48286941	-0.00582104
-342.44953608	-0.00560443
-342.41620274	-0.00553819
-342.38286941	-0.00534312
-342.34953607	-0.00506213
-342.31620274	-0.00468374
-342.28286940	-0.00430960
-342.24953607	-0.00398003
-342.21620273	-0.00346481
-342.18286940	-0.00301972
-342.14953607	-0.00233418
-342.11620273	-0.00178026
-342.08286940	-0.00144542
-342.04953606	-0.00112311
-342.01620273	-0.00114093
-341.98286939	-0.00123722
-341.94953606	-0.00164073
-341.91620272	-0.00216976
-341.88286939	-0.00288099
-341.84953606	-0.00375073
-341.81620272	-0.00469631
-341.78286939	-0.00565071
-341.74953605	-0.00665973
-341.71620272	-0.00745493
-341.68286938	-0.00822272
-341.64953605	-0.00897371
-341.61620271	-0.00933527
-341.58286938	-0.00949416
-341.54953604	-0.00949351
-341.51620271	-0.00921792
-341.48286938	-0.00861924
-341.44953604	-0.00792574
-341.41620271	-0.00710483
-341.38286937	-0.00611141
-341.34953604	-0.00526538
-341.31620270	-0.00435438
-341.28286937	-0.00355495
-341.24953603	-0.00271796
-341.21620270	-0.00197350
-341.18286936	-0.00124585
-341.14953603	-0.00073520
-341.11620270	-0.00017527
-341.08286936	0.00006465
-341.04953603	0.00012097
-341.01620269	0.00016330
-340.98286936	-0.00009851
-340.94953602	-0.00022153
-340.91620269	-0.00049108
-340.88286935	-0.00093869
-340.84953602	-0.00126314
-340.81620269	-0.00167128
-340.78286935	-0.00210369
-340.74953602	-0.00255063
-340.71620268	-0.00296721
-340.68286935	-0.00350850
-340.64953601	-0.00375452
-340.61620268	-0.00400893
-340.58286934	-0.00394936
-340.54953601	-0.00386601
-340.51620267	-0.00353508
-340.48286934	-0.00316548
-340.44953601	-0.00273306
-340.41620267	-0.00226245
-340.38286934	-0.00176383
-340.34953600	-0.00145064
-340.31620267	-0.00129488
-340.28286933	-0.00128644
-340.24953600	-0.00144205
-340.21620266	-0.00186868
-340.18286933	-0.00246668
-340.14953600	-0.00333518
-340.11620266	-0.00441210
-340.08286933	-0.00545103
-340.04953599	-0.00658916
-340.01620266	-0.00759731
-339.98286932	-0.00856805
-339.94953599	-0.00929765
-339.91620265	-0.00983628
-339.88286932	-0.01009707
-339.84953598	-0.01018140
-339.81620265	-0.01008852
-339.78286932	-0.00982055
-339.74953598	-0.00936145
-339.71620265	-0.00876040
-339.68286931	-0.00821477
-339.64953598	-0.00763738
-339.61620264	-0.00716409
-339.58286931	-0.00671812
-339.54953597	-0.00642827
-339.51620264	-0.00622280
-339.48286930	-0.00615291
-339.44953597	-0.00620579
-339.41620264	-0.00633762
-339.38286930	-0.00670689
-339.34953597	-0.00707880
-339.31620263	-0.00764230
-339.28286930	-0.00826368
-339.24953596	-0.00888130
-339.21620263	-0.00951455
-339.18286929	-0.01000890
-339.14953596	-0.01046259
-339.11620263	-0.01072293
-339.08286929	-0.01095514
-339.04953596	-0.01099136
-339.01620262	-0.01085864
-338.98286929	-0.01086582
-338.94953595	-0.01062809
-338.91620262	-0.01031192
-338.88286928	-0.01000287
-338.84953595	-0.00956771
-338.81620261	-0.00905169
-338.78286928	-0.00848161
-338.74953595	-0.00792903
-338.71620261	-0.00716325
-338.68286928	-0.00653341
-338.64953594	-0.00569969
-338.61620261	-0.00481434
-338.58286927	-0.00412714
-338.54953594	-0.00322214
-338.51620260	-0.00234290
-338.48286927	-0.00152140
-338.44953593	-0.00081586
-338.41620260	-0.00020708
-338.38286927	0.00035406
-338.34953593	0.00076040
-338.31620260	0.00110914
-338.28286926	0.00125696
-338.24953593	0.00133813
-338.21620259	0.00139090
-338.18286926	0.00134190
-338.14953592	0.00132722
-338.11620259	0.00140701
-338.08286926	0.00154287
-338.04953592	0.00164482
-338.01620259	0.00180322
-337.98286925	0.00213665
-337.94953592	0.00240229
-337.91620258	0.00275275
-337.88286925	0.00291151
-337.84953591	0.00305325
-337.81620258	0.00315434
-337.78286924	0.00321200
-337.74953591	0.00318044
-337.71620258	0.00303403
-337.68286924	0.00284636
-337.64953591	0.00245002
-337.61620257	0.00206365
-337.58286924	0.00159545
-337.54953590	0.00117700
-337.51620257	0.00070342
-337.48286923	0.00018174
-337.44953590	-0.00021243
-337.41620257	-0.00046274
-337.38286923	-0.00072617
-337.34953590	-0.00089795
-337.31620256	-0.00087788
-337.28286923	-0.00083799
-337.24953589	-0.00060808
-337.21620256	-0.00033096
-337.18286922	0.00001966
-337.14953589	0.00042365
-337.11620255	0.00081689
-337.08286922	0.00131812
-337.04953589	0.00173358
-337.01620255	0.00212208
-336.98286922	0.00248265
-336.94953588	0.00284833
-336.91620255	0.00300595
-336.88286921	0.00325678
-336.84953588	0.00333977
-336.81620254	0.00335104
-336.78286921	0.00334440
-336.74953587	0.00325867
-336.71620254	0.00312536
-336.68286921	0.00291781
-336.64953587	0.00264048
-336.61620254	0.00234317
-336.58286920	0.00205173
-336.54953587	0.00165774
-336.51620253	0.00130020
-336.48286920	0.00099595
-336.44953586	0.00070893
-336.41620253	0.00047716
-336.38286920	0.00021282
-336.34953586	0.00012396
-336.31620253	-0.00000821
-336.28286919	-0.00009360
-336.24953586	-0.00011203
-336.21620252	-0.00013798
-336.18286919	-0.00009535
-336.14953585	-0.00008120
-336.11620252	0.00000136
-336.08286918	0.00005027
-336.04953585	0.00008935
-336.01620252	0.00012534
-335.98286918	0.00013937
-335.94953585	0.00018010
-335.91620251	0.00015928
-335.88286918	0.00015724
-335.84953584	0.00011704
-335.81620251	0.00003996
-335.78286917	-0.00004004
-335.74953584	-0.00013325
-335.71620251	-0.00028344
-335.68286917	-0.00041989
-335.64953584	-0.00055705
-335.61620250	-0.00070000
-335.58286917	-0.00077977
-335.54953583	-0.00085497
-335.51620250	-0.00089156
-335.48286916	-0.00092807
-335.44953583	-0.00090579
-335.41620249	-0.00085403
-335.38286916	-0.00074678
-335.34953583	-0.00064812
-335.31620249	-0.00053246
-335.28286916	-0.00042266
-335.24953582	-0.00030250
-335.21620249	-0.00021503
-335.18286915	-0.00011794
-335.14953582	-0.00006504
-335.11620248	-0.00000033
-335.08286915	0.00005298
-335.04953581	0.00008470
-335.01620248	0.00011908
-334.98286915	0.00015286
-334.94953581	0.00016527
-334.91620248	0.00018124
-334.88286914	0.00020311
-334.84953581	0.00021768
-334.81620247	0.00021928
-334.78286914	0.00022117
-334.74953580	0.00021579
-334.71620247	0.00020341
-334.68286914	0.00018479
-334.64953580	0.00017402
-334.61620247	0.00014851
-334.58286913	0.00013447
-334.54953580	0.00011796
-334.51620246	0.00010231
-334.48286913	0.00009333
-334.44953579	0.00008748
-334.41620246	0.00008227
-334.38286912	0.00007916
-334.34953579	0.00007723
-334.31620246	0.00007564
-334.28286912	0.00007376
-334.24953579	0.00006780
-334.21620245	0.00006063
-334.18286912	0.00005238
-334.14953578	0.00004307
-334.11620245	0.00003356
-334.08286911	0.00002434
-334.04953578	0.00001602
-334.01620244	0.00000946
-333.98286911	0.00000480
-333.94953578	0.00000183
-333.91620244	0.00000045
-333.88286911	0.00000001
-333.84953577	0.00000000
