# Menlo Systems GmbH ScanControl
# Program Version 1.7.0+git.a90605a3
# Start: -433.90000000 ps, Average over 3000 waveforms. Timestamp: 2024-05-07T16:14:46
# Window type: Tukey, parameters: alpha = 0.1
# User time axis shift: 0 ps
# Time axis offset: 0 ps
# Time [ps]	THz Signal [a.u.]
-433.81620597	0.00000000
-433.78287264	-0.00000003
-433.74953930	-0.00000014
-433.71620597	-0.00000024
-433.68287263	-0.00000027
-433.64953930	-0.00000060
-433.61620596	-0.00000063
-433.58287263	-0.00000041
-433.54953930	-0.00000081
-433.51620596	-0.00000018
-433.48287263	-0.00000072
-433.44953929	-0.00000018
-433.41620596	0.00000050
-433.38287262	-0.00000111
-433.34953929	0.00000122
-433.31620595	-0.00000038
-433.28287262	0.00000154
-433.24953929	0.00000245
-433.21620595	0.00000315
-433.18287262	0.00000110
-433.14953928	0.00000556
-433.11620595	0.00000616
-433.08287261	0.00000676
-433.04953928	0.00001088
-433.01620594	0.00001155
-432.98287261	0.00001008
-432.94953927	0.00001628
-432.91620594	0.00001669
-432.88287261	0.00002026
-432.84953927	0.00002081
-432.81620594	0.00002018
-432.78287260	0.00002159
-432.74953927	0.00002333
-432.71620593	0.00002547
-432.68287260	0.00002523
-432.64953926	0.00002474
-432.61620593	0.00001280
-432.58287259	0.00001218
-432.54953926	0.00000484
-432.51620593	0.00001070
-432.48287259	0.00000557
-432.44953926	-0.00001114
-432.41620592	0.00000298
-432.38287259	-0.00001625
-432.34953925	-0.00002375
-432.31620592	-0.00003013
-432.28287258	-0.00002366
-432.24953925	-0.00003753
-432.21620592	-0.00004337
-432.18287258	-0.00006187
-432.14953925	-0.00006555
-432.11620591	-0.00008926
-432.08287258	-0.00008044
-432.04953924	-0.00006585
-432.01620591	-0.00009672
-431.98287257	-0.00009993
-431.94953924	-0.00010047
-431.91620590	-0.00011130
-431.88287257	-0.00010863
-431.84953924	-0.00011324
-431.81620590	-0.00016292
-431.78287257	-0.00016216
-431.74953923	-0.00013308
-431.71620590	-0.00015796
-431.68287256	-0.00016432
-431.64953923	-0.00013608
-431.61620589	-0.00015163
-431.58287256	-0.00014275
-431.54953922	-0.00015661
-431.51620589	-0.00015456
-431.48287256	-0.00014561
-431.44953922	-0.00014302
-431.41620589	-0.00013956
-431.38287255	-0.00013720
-431.34953922	-0.00012854
-431.31620588	-0.00016184
-431.28287255	-0.00015851
-431.24953921	-0.00010984
-431.21620588	-0.00010371
-431.18287255	-0.00013244
-431.14953921	-0.00013543
-431.11620588	-0.00009113
-431.08287254	-0.00010707
-431.04953921	-0.00010280
-431.01620587	-0.00008976
-430.98287254	-0.00008683
-430.94953920	-0.00007243
-430.91620587	-0.00005974
-430.88287253	-0.00002267
-430.84953920	-0.00002711
-430.81620587	-0.00005845
-430.78287253	-0.00004296
-430.74953920	-0.00001522
-430.71620586	-0.00002551
-430.68287253	-0.00000728
-430.64953919	-0.00006935
-430.61620586	-0.00000731
-430.58287252	-0.00000394
-430.54953919	-0.00002346
-430.51620586	-0.00006014
-430.48287252	-0.00002148
-430.44953919	-0.00002479
-430.41620585	-0.00006413
-430.38287252	-0.00009169
-430.34953918	-0.00007992
-430.31620585	-0.00011263
-430.28287251	-0.00008311
-430.24953918	-0.00009636
-430.21620584	-0.00017676
-430.18287251	-0.00016391
-430.14953918	-0.00015480
-430.11620584	-0.00013333
-430.08287251	-0.00017362
-430.04953917	-0.00023628
-430.01620584	-0.00027677
-429.98287250	-0.00028891
-429.94953917	-0.00035210
-429.91620583	-0.00033751
-429.88287250	-0.00037799
-429.84953916	-0.00033526
-429.81620583	-0.00043061
-429.78287250	-0.00040580
-429.74953916	-0.00043942
-429.71620583	-0.00046338
-429.68287249	-0.00044702
-429.64953916	-0.00042616
-429.61620582	-0.00045246
-429.58287249	-0.00047645
-429.54953915	-0.00039755
-429.51620582	-0.00033603
-429.48287249	-0.00032500
-429.44953915	-0.00025994
-429.41620582	-0.00022147
-429.38287248	-0.00017351
-429.34953915	-0.00020013
-429.31620581	-0.00014778
-429.28287248	-0.00009153
-429.24953914	-0.00006642
-429.21620581	-0.00002892
-429.18287247	0.00006649
-429.14953914	0.00012770
-429.11620581	0.00022706
-429.08287247	0.00021564
-429.04953914	0.00029484
-429.01620580	0.00036477
-428.98287247	0.00045856
-428.94953913	0.00055935
-428.91620580	0.00060762
-428.88287246	0.00084136
-428.84953913	0.00096612
-428.81620580	0.00102839
-428.78287246	0.00112832
-428.74953913	0.00123700
-428.71620579	0.00142412
-428.68287246	0.00164014
-428.64953912	0.00172978
-428.61620579	0.00197506
-428.58287245	0.00214175
-428.54953912	0.00227578
-428.51620578	0.00239929
-428.48287245	0.00252329
-428.44953912	0.00265284
-428.41620578	0.00279043
-428.38287245	0.00280943
-428.34953911	0.00277855
-428.31620578	0.00268329
-428.28287244	0.00242931
-428.24953911	0.00211654
-428.21620577	0.00161103
-428.18287244	0.00093918
-428.14953910	0.00022674
-428.11620577	-0.00067891
-428.08287244	-0.00170914
-428.04953910	-0.00293933
-428.01620577	-0.00416089
-427.98287243	-0.00544492
-427.94953910	-0.00681602
-427.91620576	-0.00808025
-427.88287243	-0.00942043
-427.84953909	-0.01068973
-427.81620576	-0.01178605
-427.78287243	-0.01285389
-427.74953909	-0.01378226
-427.71620576	-0.01464806
-427.68287242	-0.01539930
-427.64953909	-0.01578261
-427.61620575	-0.01600592
-427.58287242	-0.01604137
-427.54953908	-0.01575410
-427.51620575	-0.01503562
-427.48287241	-0.01415213
-427.44953908	-0.01281780
-427.41620575	-0.01132526
-427.38287241	-0.00946726
-427.34953908	-0.00726862
-427.31620574	-0.00482755
-427.28287241	-0.00214945
-427.24953907	0.00061688
-427.21620574	0.00349204
-427.18287240	0.00628788
-427.14953907	0.00910580
-427.11620573	0.01161148
-427.08287240	0.01382302
-427.04953907	0.01555140
-427.01620573	0.01678907
-426.98287240	0.01741667
-426.94953906	0.01754068
-426.91620573	0.01712874
-426.88287239	0.01618473
-426.84953906	0.01483707
-426.81620572	0.01313842
-426.78287239	0.01122378
-426.74953906	0.00909733
-426.71620572	0.00699666
-426.68287239	0.00482436
-426.64953905	0.00297914
-426.61620572	0.00124820
-426.58287238	-0.00025616
-426.54953905	-0.00119830
-426.51620571	-0.00177365
-426.48287238	-0.00231879
-426.44953904	-0.00227476
-426.41620571	-0.00214478
-426.38287238	-0.00188226
-426.34953904	-0.00156189
-426.31620571	-0.00114447
-426.28287237	-0.00073016
-426.24953904	-0.00034970
-426.21620570	-0.00006360
-426.18287237	0.00008290
-426.14953903	0.00016340
-426.11620570	0.00018268
-426.08287237	-0.00001909
-426.04953903	-0.00019712
-426.01620570	-0.00031454
-425.98287236	-0.00057965
-425.94953903	-0.00070561
-425.91620569	-0.00076143
-425.88287236	-0.00085862
-425.84953902	-0.00084924
-425.81620569	-0.00083049
-425.78287235	-0.00079653
-425.74953902	-0.00077569
-425.71620569	-0.00056936
-425.68287235	-0.00035442
-425.64953902	-0.00020632
-425.61620568	-0.00003770
-425.58287235	0.00015674
-425.54953901	0.00026431
-425.51620568	0.00031926
-425.48287234	0.00038346
-425.44953901	0.00046517
-425.41620567	0.00045146
-425.38287234	0.00049520
-425.34953901	0.00050584
-425.31620567	0.00046707
-425.28287234	0.00041985
-425.24953900	0.00034963
-425.21620567	0.00025702
-425.18287233	0.00021440
-425.14953900	0.00007508
-425.11620566	-0.00002813
-425.08287233	-0.00002514
-425.04953900	-0.00008651
-425.01620566	-0.00025449
-424.98287233	-0.00029893
-424.94953899	-0.00036671
-424.91620566	-0.00049032
-424.88287232	-0.00062603
-424.84953899	-0.00066965
-424.81620565	-0.00079376
-424.78287232	-0.00081170
-424.74953898	-0.00096685
-424.71620565	-0.00103445
-424.68287232	-0.00109951
-424.64953898	-0.00112406
-424.61620565	-0.00119220
-424.58287231	-0.00132999
-424.54953898	-0.00142088
-424.51620564	-0.00139495
-424.48287231	-0.00124437
-424.44953897	-0.00122495
-424.41620564	-0.00102581
-424.38287231	-0.00088008
-424.34953897	-0.00066905
-424.31620564	-0.00040612
-424.28287230	-0.00012545
-424.24953897	0.00017900
-424.21620563	0.00050101
-424.18287230	0.00082655
-424.14953896	0.00115657
-424.11620563	0.00133778
-424.08287229	0.00168763
-424.04953896	0.00182054
-424.01620563	0.00195965
-423.98287229	0.00194601
-423.94953896	0.00205317
-423.91620562	0.00195278
-423.88287229	0.00193206
-423.84953895	0.00169166
-423.81620562	0.00149859
-423.78287228	0.00128316
-423.74953895	0.00098143
-423.71620561	0.00060373
-423.68287228	0.00029115
-423.64953895	-0.00010188
-423.61620561	-0.00048988
-423.58287228	-0.00078887
-423.54953894	-0.00119370
-423.51620561	-0.00162092
-423.48287227	-0.00203560
-423.44953894	-0.00238149
-423.41620560	-0.00272617
-423.38287227	-0.00306747
-423.34953894	-0.00341226
-423.31620560	-0.00368265
-423.28287227	-0.00399800
-423.24953893	-0.00432015
-423.21620560	-0.00460697
-423.18287226	-0.00488416
-423.14953893	-0.00517424
-423.11620559	-0.00539986
-423.08287226	-0.00554255
-423.04953892	-0.00552737
-423.01620559	-0.00543449
-422.98287226	-0.00530748
-422.94953892	-0.00504201
-422.91620559	-0.00455918
-422.88287225	-0.00402339
-422.84953892	-0.00342087
-422.81620558	-0.00272660
-422.78287225	-0.00193005
-422.74953891	-0.00120263
-422.71620558	-0.00040317
-422.68287224	0.00044313
-422.64953891	0.00120645
-422.61620558	0.00176954
-422.58287224	0.00224603
-422.54953891	0.00259996
-422.51620557	0.00285864
-422.48287224	0.00288702
-422.44953890	0.00279714
-422.41620557	0.00262546
-422.38287223	0.00235286
-422.34953890	0.00206150
-422.31620557	0.00158189
-422.28287223	0.00129076
-422.24953890	0.00081719
-422.21620556	0.00056599
-422.18287223	0.00033332
-422.14953889	0.00002988
-422.11620556	-0.00020963
-422.08287222	-0.00033523
-422.04953889	-0.00051791
-422.01620555	-0.00068087
-421.98287222	-0.00071407
-421.94953889	-0.00074825
-421.91620555	-0.00071845
-421.88287222	-0.00081999
-421.84953888	-0.00073316
-421.81620555	-0.00069199
-421.78287221	-0.00060032
-421.74953888	-0.00058828
-421.71620554	-0.00062197
-421.68287221	-0.00056192
-421.64953888	-0.00040453
-421.61620554	-0.00039711
-421.58287221	-0.00029377
-421.54953887	-0.00029012
-421.51620554	-0.00017498
-421.48287220	-0.00016981
-421.44953887	0.00003320
-421.41620553	0.00006581
-421.38287220	0.00009942
-421.34953886	0.00019762
-421.31620553	0.00018199
-421.28287220	0.00024193
-421.24953886	0.00020215
-421.21620553	0.00025270
-421.18287219	0.00030215
-421.14953886	0.00025921
-421.11620552	0.00021556
-421.08287219	0.00021520
-421.04953885	0.00015801
-421.01620552	0.00007690
-420.98287218	0.00003891
-420.94953885	0.00005044
-420.91620552	0.00003044
-420.88287218	0.00001289
-420.84953885	0.00006444
-420.81620551	0.00002529
-420.78287218	-0.00000069
-420.74953884	-0.00004306
-420.71620551	-0.00004095
-420.68287217	-0.00002496
-420.64953884	-0.00001327
-420.61620551	0.00003731
-420.58287217	0.00007403
-420.54953884	0.00006098
-420.51620550	0.00012625
-420.48287217	0.00012425
-420.44953883	0.00014680
-420.41620550	0.00024644
-420.38287216	0.00018204
-420.34953883	0.00031913
-420.31620549	0.00042243
-420.28287216	0.00053585
-420.24953883	0.00048220
-420.21620549	0.00056371
-420.18287216	0.00062216
-420.14953882	0.00064883
-420.11620549	0.00066152
-420.08287215	0.00075185
-420.04953882	0.00089250
-420.01620548	0.00095707
-419.98287215	0.00102234
-419.94953882	0.00109668
-419.91620548	0.00112904
-419.88287215	0.00112540
-419.84953881	0.00128863
-419.81620548	0.00144978
-419.78287214	0.00156663
-419.74953881	0.00159707
-419.71620547	0.00174306
-419.68287214	0.00187075
-419.64953880	0.00196609
-419.61620547	0.00205455
-419.58287214	0.00211162
-419.54953880	0.00229899
-419.51620547	0.00241223
-419.48287213	0.00253039
-419.44953880	0.00269906
-419.41620546	0.00280749
-419.38287213	0.00290198
-419.34953879	0.00310465
-419.31620546	0.00319813
-419.28287212	0.00327580
-419.24953879	0.00328024
-419.21620546	0.00325845
-419.18287212	0.00315589
-419.14953879	0.00308805
-419.11620545	0.00283708
-419.08287212	0.00247416
-419.04953878	0.00199680
-419.01620545	0.00140021
-418.98287211	0.00076013
-418.94953878	0.00006647
-418.91620545	-0.00072050
-418.88287211	-0.00148617
-418.84953878	-0.00217897
-418.81620544	-0.00275180
-418.78287211	-0.00317949
-418.74953877	-0.00341804
-418.71620544	-0.00364160
-418.68287210	-0.00360840
-418.64953877	-0.00350385
-418.61620543	-0.00347911
-418.58287210	-0.00352948
-418.54953877	-0.00345124
-418.51620543	-0.00343209
-418.48287210	-0.00340057
-418.44953876	-0.00327692
-418.41620543	-0.00307334
-418.38287209	-0.00247983
-418.34953876	-0.00180647
-418.31620542	-0.00080493
-418.28287209	0.00049683
-418.24953875	0.00212966
-418.21620542	0.00396667
-418.18287209	0.00598715
-418.14953875	0.00819048
-418.11620542	0.01035467
-418.08287208	0.01247662
-418.04953875	0.01443423
-418.01620541	0.01609837
-417.98287208	0.01750066
-417.94953874	0.01842611
-417.91620541	0.01883728
-417.88287208	0.01871544
-417.84953874	0.01809920
-417.81620541	0.01707650
-417.78287207	0.01570232
-417.74953874	0.01416156
-417.71620540	0.01250095
-417.68287207	0.01096730
-417.64953873	0.00957303
-417.61620540	0.00846888
-417.58287206	0.00763250
-417.54953873	0.00712336
-417.51620540	0.00689500
-417.48287206	0.00695430
-417.44953873	0.00739232
-417.41620539	0.00812589
-417.38287206	0.00906724
-417.34953872	0.01029112
-417.31620539	0.01171751
-417.28287205	0.01321883
-417.24953872	0.01493919
-417.21620539	0.01670822
-417.18287205	0.01848749
-417.14953872	0.02037516
-417.11620538	0.02233911
-417.08287205	0.02444750
-417.04953871	0.02658510
-417.01620538	0.02877060
-416.98287204	0.03124918
-416.94953871	0.03372129
-416.91620537	0.03652658
-416.88287204	0.03939215
-416.84953871	0.04257893
-416.81620537	0.04602592
-416.78287204	0.04969593
-416.74953870	0.05374570
-416.71620537	0.05803644
-416.68287203	0.06265127
-416.64953870	0.06756948
-416.61620536	0.07278799
-416.58287203	0.07836605
-416.54953869	0.08434228
-416.51620536	0.09075314
-416.48287203	0.09767791
-416.44953869	0.10512737
-416.41620536	0.11290063
-416.38287202	0.12138799
-416.34953869	0.13048625
-416.31620535	0.14031148
-416.28287202	0.15076911
-416.24953868	0.16208578
-416.21620535	0.17401783
-416.18287202	0.18689115
-416.14953868	0.20042630
-416.11620535	0.21467920
-416.08287201	0.22940163
-416.04953868	0.24458057
-416.01620534	0.25976287
-415.98287201	0.27433920
-415.94953867	0.28783070
-415.91620534	0.29902426
-415.88287200	0.30662745
-415.84953867	0.30891224
-415.81620534	0.30383060
-415.78287200	0.28917073
-415.74953867	0.26225269
-415.71620533	0.22067447
-415.68287200	0.16225265
-415.64953866	0.08542906
-415.61620533	-0.01042941
-415.58287199	-0.12495873
-415.54953866	-0.25639416
-415.51620533	-0.40170475
-415.48287199	-0.55677488
-415.44953866	-0.71680294
-415.41620532	-0.87684914
-415.38287199	-1.03243410
-415.34953865	-1.18003894
-415.31620532	-1.31721266
-415.28287198	-1.44320650
-415.24953865	-1.55819003
-415.21620531	-1.66214632
-415.18287198	-1.75505691
-415.14953865	-1.83513279
-415.11620531	-1.89883615
-415.08287198	-1.94066811
-415.04953864	-1.95377528
-415.01620531	-1.93050394
-414.98287197	-1.86368797
-414.94953864	-1.74780399
-414.91620530	-1.58011778
-414.88287197	-1.36037637
-414.84953863	-1.09167287
-414.81620530	-0.77991106
-414.78287197	-0.43365933
-414.74953863	-0.06357200
-414.71620530	0.31800349
-414.68287196	0.69764797
-414.64953863	1.06138151
-414.61620529	1.39503302
-414.58287196	1.68451615
-414.54953862	1.91749552
-414.51620529	2.08422773
-414.48287196	2.17854254
-414.44953862	2.19933403
-414.41620529	2.15051357
-414.38287195	2.04061481
-414.34953862	1.88127484
-414.31620528	1.68566252
-414.28287195	1.46666253
-414.24953861	1.23605337
-414.21620528	1.00348556
-414.18287194	0.77727782
-414.14953861	0.56403943
-414.11620528	0.36968607
-414.08287194	0.19860443
-414.04953861	0.05429906
-414.01620527	-0.06115964
-413.98287194	-0.14791828
-413.94953860	-0.20797315
-413.91620527	-0.24512976
-413.88287193	-0.26407262
-413.84953860	-0.26957129
-413.81620526	-0.26545460
-413.78287193	-0.25422529
-413.74953860	-0.23801911
-413.71620526	-0.21789683
-413.68287193	-0.19582870
-413.64953859	-0.17378132
-413.61620526	-0.15358609
-413.58287192	-0.13663070
-413.54953859	-0.12290000
-413.51620525	-0.11161071
-413.48287192	-0.10099100
-413.44953859	-0.08970821
-413.41620525	-0.07681584
-413.38287192	-0.06222985
-413.34953858	-0.04631782
-413.31620525	-0.02983990
-413.28287191	-0.01338258
-413.24953858	0.00243644
-413.21620524	0.01727836
-413.18287191	0.03085314
-413.14953857	0.04260605
-413.11620524	0.05176027
-413.08287191	0.05793020
-413.04953857	0.06069556
-413.01620524	0.06003048
-412.98287190	0.05644937
-412.94953857	0.05081742
-412.91620523	0.04393657
-412.88287190	0.03658614
-412.84953856	0.02951874
-412.81620523	0.02341463
-412.78287190	0.01828999
-412.74953856	0.01450619
-412.71620523	0.01175114
-412.68287189	0.00986923
-412.64953856	0.00887337
-412.61620522	0.00879605
-412.58287189	0.00965810
-412.54953855	0.01122232
-412.51620522	0.01288543
-412.48287188	0.01412987
-412.44953855	0.01449636
-412.41620522	0.01363633
-412.38287188	0.01144576
-412.34953855	0.00787820
-412.31620521	0.00300018
-412.28287188	-0.00269317
-412.24953854	-0.00885713
-412.21620521	-0.01503206
-412.18287187	-0.02095528
-412.14953854	-0.02643557
-412.11620520	-0.03164692
-412.08287187	-0.03644697
-412.04953854	-0.04054531
-412.01620520	-0.04394544
-411.98287187	-0.04654426
-411.94953853	-0.04860958
-411.91620520	-0.04992066
-411.88287186	-0.05035265
-411.84953853	-0.05017982
-411.81620519	-0.04953558
-411.78287186	-0.04872849
-411.74953853	-0.04800802
-411.71620519	-0.04742943
-411.68287186	-0.04678256
-411.64953852	-0.04609707
-411.61620519	-0.04501700
-411.58287185	-0.04362012
-411.54953852	-0.04185752
-411.51620518	-0.03978383
-411.48287185	-0.03733650
-411.44953851	-0.03468567
-411.41620518	-0.03205077
-411.38287185	-0.02976812
-411.34953851	-0.02834796
-411.31620518	-0.02794625
-411.28287184	-0.02887076
-411.24953851	-0.03112486
-411.21620517	-0.03479851
-411.18287184	-0.03976792
-411.14953850	-0.04544360
-411.11620517	-0.05177741
-411.08287184	-0.05854509
-411.04953850	-0.06538974
-411.01620517	-0.07224863
-410.98287183	-0.07860762
-410.94953850	-0.08415803
-410.91620516	-0.08826070
-410.88287183	-0.09102084
-410.84953849	-0.09201511
-410.81620516	-0.09148586
-410.78287182	-0.08948426
-410.74953849	-0.08658100
-410.71620516	-0.08265969
-410.68287182	-0.07830699
-410.64953849	-0.07357343
-410.61620515	-0.06849058
-410.58287182	-0.06339064
-410.54953848	-0.05821213
-410.51620515	-0.05298812
-410.48287181	-0.04778014
-410.44953848	-0.04253906
-410.41620514	-0.03742999
-410.38287181	-0.03223766
-410.34953848	-0.02685961
-410.31620514	-0.02119303
-410.28287181	-0.01526141
-410.24953847	-0.00890051
-410.21620514	-0.00226946
-410.18287180	0.00439328
-410.14953847	0.01085804
-410.11620513	0.01677018
-410.08287180	0.02180600
-410.04953847	0.02569355
-410.01620513	0.02833809
-409.98287180	0.02950593
-409.94953846	0.02951223
-409.91620513	0.02816499
-409.88287179	0.02573253
-409.84953846	0.02297669
-409.81620512	0.01979435
-409.78287179	0.01674595
-409.74953845	0.01400827
-409.71620512	0.01153214
-409.68287179	0.00927901
-409.64953845	0.00743452
-409.61620512	0.00591318
-409.58287178	0.00476044
-409.54953845	0.00401617
-409.51620511	0.00372990
-409.48287178	0.00396566
-409.44953844	0.00446244
-409.41620511	0.00513189
-409.38287177	0.00580592
-409.34953844	0.00616309
-409.31620511	0.00612020
-409.28287177	0.00568480
-409.24953844	0.00502886
-409.21620510	0.00438252
-409.18287177	0.00411498
-409.14953843	0.00443074
-409.11620510	0.00525364
-409.08287176	0.00635403
-409.04953843	0.00736949
-409.01620510	0.00807398
-408.98287176	0.00815140
-408.94953843	0.00773657
-408.91620509	0.00679968
-408.88287176	0.00581052
-408.84953842	0.00495360
-408.81620509	0.00473045
-408.78287175	0.00491453
-408.74953842	0.00564197
-408.71620508	0.00679636
-408.68287175	0.00805162
-408.64953842	0.00927003
-408.61620508	0.01014658
-408.58287175	0.01069447
-408.54953841	0.01088194
-408.51620508	0.01067498
-408.48287174	0.01031948
-408.44953841	0.00999707
-408.41620507	0.00978127
-408.38287174	0.00986225
-408.34953841	0.01019113
-408.31620507	0.01056882
-408.28287174	0.01101837
-408.24953840	0.01128271
-408.21620507	0.01130664
-408.18287173	0.01115116
-408.14953840	0.01102026
-408.11620506	0.01098966
-408.08287173	0.01132059
-408.04953839	0.01183902
-408.01620506	0.01251655
-407.98287173	0.01329134
-407.94953839	0.01406010
-407.91620506	0.01477470
-407.88287172	0.01555379
-407.84953839	0.01642128
-407.81620505	0.01729000
-407.78287172	0.01802250
-407.74953838	0.01837869
-407.71620505	0.01824925
-407.68287171	0.01757083
-407.64953838	0.01623331
-407.61620505	0.01467595
-407.58287171	0.01318617
-407.54953838	0.01172473
-407.51620504	0.01065081
-407.48287171	0.00995237
-407.44953837	0.00959373
-407.41620504	0.00939685
-407.38287170	0.00944891
-407.34953837	0.00948440
-407.31620504	0.00949981
-407.28287170	0.00950619
-407.24953837	0.00923329
-407.21620503	0.00849698
-407.18287170	0.00710180
-407.14953836	0.00453699
-407.11620503	0.00063328
-407.08287169	-0.00467287
-407.04953836	-0.01108377
-407.01620502	-0.01813384
-406.98287169	-0.02535322
-406.94953836	-0.03188979
-406.91620502	-0.03745335
-406.88287169	-0.04185420
-406.84953835	-0.04511762
-406.81620502	-0.04762786
-406.78287168	-0.05007126
-406.74953835	-0.05309500
-406.71620501	-0.05712966
-406.68287168	-0.06263996
-406.64953835	-0.06958981
-406.61620501	-0.07766510
-406.58287168	-0.08643208
-406.54953834	-0.09496054
-406.51620501	-0.10225351
-406.48287167	-0.10708373
-406.44953834	-0.10814518
-406.41620500	-0.10450161
-406.38287167	-0.09542985
-406.34953833	-0.08045040
-406.31620500	-0.05971175
-406.28287167	-0.03393189
-406.24953833	-0.00417620
-406.21620500	0.02782848
-406.18287166	0.05967449
-406.14953833	0.08915149
-406.11620499	0.11403470
-406.08287166	0.13238711
-406.04953832	0.14291414
-406.01620499	0.14537413
-405.98287165	0.13992916
-405.94953832	0.12767878
-405.91620499	0.11024155
-405.88287165	0.08946735
-405.84953832	0.06728421
-405.81620498	0.04548014
-405.78287165	0.02547344
-405.74953831	0.00819775
-405.71620498	-0.00570472
-405.68287164	-0.01609300
-405.64953831	-0.02299365
-405.61620498	-0.02660480
-405.58287164	-0.02739420
-405.54953831	-0.02556407
-405.51620497	-0.02154163
-405.48287164	-0.01563492
-405.44953830	-0.00860666
-405.41620497	-0.00103119
-405.38287163	0.00627415
-405.34953830	0.01248112
-405.31620496	0.01728460
-405.28287163	0.02013161
-405.24953830	0.02124838
-405.21620496	0.02084352
-405.18287163	0.01910981
-405.14953829	0.01646015
-405.11620496	0.01310388
-405.08287162	0.00934888
-405.04953829	0.00569160
-405.01620495	0.00224538
-404.98287162	-0.00068145
-404.94953828	-0.00289403
-404.91620495	-0.00445010
-404.88287162	-0.00552337
-404.84953828	-0.00630182
-404.81620495	-0.00692186
-404.78287161	-0.00728048
-404.74953828	-0.00716506
-404.71620494	-0.00655235
-404.68287161	-0.00531484
-404.64953827	-0.00347912
-404.61620494	-0.00157541
-404.58287161	0.00024059
-404.54953827	0.00204210
-404.51620494	0.00354144
-404.48287160	0.00515861
-404.44953827	0.00687260
-404.41620493	0.00860935
-404.38287160	0.01045104
-404.34953826	0.01203714
-404.31620493	0.01350090
-404.28287159	0.01494252
-404.24953826	0.01640660
-404.21620493	0.01820168
-404.18287159	0.02015198
-404.14953826	0.02218978
-404.11620492	0.02391422
-404.08287159	0.02506882
-404.04953825	0.02548383
-404.01620492	0.02521900
-403.98287158	0.02435644
-403.94953825	0.02305293
-403.91620492	0.02088795
-403.88287158	0.01818608
-403.84953825	0.01478771
-403.81620491	0.01061718
-403.78287158	0.00587179
-403.74953824	0.00099920
-403.71620491	-0.00369936
-403.68287157	-0.00797335
-403.64953824	-0.01153071
-403.61620490	-0.01426437
-403.58287157	-0.01612094
-403.54953824	-0.01713952
-403.51620490	-0.01747909
-403.48287157	-0.01712567
-403.44953823	-0.01612283
-403.41620490	-0.01455442
-403.38287156	-0.01253927
-403.34953823	-0.01019100
-403.31620489	-0.00792462
-403.28287156	-0.00557047
-403.24953822	-0.00334180
-403.21620489	-0.00108625
-403.18287156	0.00116017
-403.14953822	0.00364020
-403.11620489	0.00611900
-403.08287155	0.00873645
-403.04953822	0.01134722
-403.01620488	0.01369543
-402.98287155	0.01542400
-402.94953821	0.01654487
-402.91620488	0.01659499
-402.88287155	0.01559225
-402.84953821	0.01356329
-402.81620488	0.01047251
-402.78287154	0.00647217
-402.74953821	0.00194178
-402.71620487	-0.00293528
-402.68287154	-0.00756318
-402.64953820	-0.01161163
-402.61620487	-0.01474200
-402.58287153	-0.01689825
-402.54953820	-0.01788024
-402.51620487	-0.01788649
-402.48287153	-0.01691362
-402.44953820	-0.01520769
-402.41620486	-0.01271122
-402.38287153	-0.00954377
-402.34953819	-0.00567365
-402.31620486	-0.00150701
-402.28287152	0.00276150
-402.24953819	0.00639756
-402.21620486	0.00934107
-402.18287152	0.01117415
-402.14953819	0.01194892
-402.11620485	0.01172844
-402.08287152	0.01058452
-402.04953818	0.00855522
-402.01620485	0.00597675
-401.98287151	0.00285611
-401.94953818	-0.00042710
-401.91620484	-0.00349381
-401.88287151	-0.00598997
-401.84953818	-0.00767186
-401.81620484	-0.00836116
-401.78287151	-0.00832447
-401.74953817	-0.00752418
-401.71620484	-0.00624343
-401.68287150	-0.00474358
-401.64953817	-0.00284580
-401.61620483	-0.00096936
-401.58287150	0.00096950
-401.54953816	0.00300832
-401.51620483	0.00493145
-401.48287150	0.00642498
-401.44953816	0.00735495
-401.41620483	0.00752455
-401.38287149	0.00704670
-401.34953816	0.00607644
-401.31620482	0.00482487
-401.28287149	0.00362327
-401.24953815	0.00279424
-401.21620482	0.00224958
-401.18287149	0.00223714
-401.14953815	0.00276798
-401.11620482	0.00365624
-401.08287148	0.00469192
-401.04953815	0.00594173
-401.01620481	0.00714492
-400.98287148	0.00815013
-400.94953814	0.00890178
-400.91620481	0.00906257
-400.88287147	0.00864844
-400.84953814	0.00772697
-400.81620481	0.00636466
-400.78287147	0.00489980
-400.74953814	0.00362469
-400.71620480	0.00267994
-400.68287147	0.00230768
-400.64953813	0.00235028
-400.61620480	0.00307722
-400.58287146	0.00417273
-400.54953813	0.00558474
-400.51620479	0.00706780
-400.48287146	0.00850091
-400.44953813	0.00960992
-400.41620479	0.01021667
-400.38287146	0.01018178
-400.34953812	0.00941087
-400.31620479	0.00789577
-400.28287145	0.00547483
-400.24953812	0.00256907
-400.21620478	-0.00091078
-400.18287145	-0.00449560
-400.14953812	-0.00790113
-400.11620478	-0.01084182
-400.08287145	-0.01323346
-400.04953811	-0.01473849
-400.01620478	-0.01533267
-399.98287144	-0.01502653
-399.94953811	-0.01399028
-399.91620477	-0.01227742
-399.88287144	-0.01030278
-399.84953810	-0.00809857
-399.81620477	-0.00599458
-399.78287144	-0.00423194
-399.74953810	-0.00262126
-399.71620477	-0.00122845
-399.68287143	0.00014854
-399.64953810	0.00162015
-399.61620476	0.00315513
-399.58287143	0.00472360
-399.54953809	0.00607060
-399.51620476	0.00733449
-399.48287143	0.00838703
-399.44953809	0.00933870
-399.41620476	0.01030514
-399.38287142	0.01131207
-399.34953809	0.01230722
-399.31620475	0.01324020
-399.28287142	0.01387566
-399.24953808	0.01405934
-399.21620475	0.01356383
-399.18287141	0.01238193
-399.14953808	0.01034506
-399.11620475	0.00765379
-399.08287141	0.00434499
-399.04953808	0.00096683
-399.01620474	-0.00216162
-398.98287141	-0.00470451
-398.94953807	-0.00620127
-398.91620474	-0.00647596
-398.88287140	-0.00559237
-398.84953807	-0.00356614
-398.81620473	-0.00062412
-398.78287140	0.00265892
-398.74953807	0.00580099
-398.71620473	0.00846716
-398.68287140	0.01035383
-398.64953806	0.01152084
-398.61620473	0.01184411
-398.58287139	0.01127706
-398.54953806	0.00991580
-398.51620472	0.00779150
-398.48287139	0.00465779
-398.44953806	0.00104578
-398.41620472	-0.00310681
-398.38287139	-0.00741201
-398.34953805	-0.01117137
-398.31620472	-0.01425889
-398.28287138	-0.01641958
-398.24953805	-0.01735559
-398.21620471	-0.01740658
-398.18287138	-0.01662549
-398.14953804	-0.01526412
-398.11620471	-0.01352921
-398.08287138	-0.01156437
-398.04953804	-0.00955801
-398.01620471	-0.00741531
-397.98287137	-0.00537937
-397.94953804	-0.00331802
-397.91620470	-0.00136782
-397.88287137	0.00056682
-397.84953803	0.00233654
-397.81620470	0.00398785
-397.78287137	0.00547036
-397.74953803	0.00670555
-397.71620470	0.00754803
-397.68287136	0.00781897
-397.64953803	0.00758616
-397.61620469	0.00686847
-397.58287136	0.00560032
-397.54953802	0.00416486
-397.51620469	0.00240868
-397.48287135	0.00067576
-397.44953802	-0.00127089
-397.41620469	-0.00335633
-397.38287135	-0.00552259
-397.34953802	-0.00773272
-397.31620468	-0.00975465
-397.28287135	-0.01148927
-397.24953801	-0.01255577
-397.21620468	-0.01296207
-397.18287134	-0.01251178
-397.14953801	-0.01137403
-397.11620467	-0.00969643
-397.08287134	-0.00737191
-397.04953801	-0.00467406
-397.01620467	-0.00157033
-396.98287134	0.00174904
-396.94953800	0.00536233
-396.91620467	0.00874171
-396.88287133	0.01172520
-396.84953800	0.01381994
-396.81620466	0.01482923
-396.78287133	0.01465698
-396.74953800	0.01322030
-396.71620466	0.01083865
-396.68287133	0.00764683
-396.64953799	0.00390941
-396.61620466	0.00004858
-396.58287132	-0.00359882
-396.54953799	-0.00673212
-396.51620465	-0.00912361
-396.48287132	-0.01084108
-396.44953798	-0.01159480
-396.41620465	-0.01162783
-396.38287132	-0.01090677
-396.34953798	-0.00941256
-396.31620465	-0.00738936
-396.28287131	-0.00501873
-396.24953798	-0.00250519
-396.21620464	-0.00015993
-396.18287131	0.00198559
-396.14953797	0.00342484
-396.11620464	0.00406514
-396.08287130	0.00422891
-396.04953797	0.00384084
-396.01620464	0.00295986
-395.98287130	0.00194314
-395.94953797	0.00094572
-395.91620463	0.00020164
-395.88287130	-0.00029853
-395.84953796	-0.00067088
-395.81620463	-0.00075221
-395.78287129	-0.00075801
-395.74953796	-0.00067675
-395.71620463	-0.00074510
-395.68287129	-0.00088584
-395.64953796	-0.00107261
-395.61620462	-0.00119360
-395.58287129	-0.00128863
-395.54953795	-0.00132849
-395.51620462	-0.00134450
-395.48287128	-0.00140532
-395.44953795	-0.00142034
-395.41620461	-0.00142951
-395.38287128	-0.00138951
-395.34953795	-0.00097818
-395.31620461	-0.00021089
-395.28287128	0.00095571
-395.24953794	0.00254989
-395.21620461	0.00432143
-395.18287127	0.00621316
-395.14953794	0.00784823
-395.11620460	0.00899049
-395.08287127	0.00969775
-395.04953794	0.00984225
-395.01620460	0.00938614
-394.98287127	0.00835705
-394.94953793	0.00648343
-394.91620460	0.00378449
-394.88287126	0.00048167
-394.84953793	-0.00316042
-394.81620459	-0.00690791
-394.78287126	-0.01015720
-394.74953792	-0.01228804
-394.71620459	-0.01320781
-394.68287126	-0.01289431
-394.64953792	-0.01143832
-394.61620459	-0.00937338
-394.58287125	-0.00711210
-394.54953792	-0.00495856
-394.51620458	-0.00319868
-394.48287125	-0.00196388
-394.44953791	-0.00121497
-394.41620458	-0.00079120
-394.38287124	-0.00063432
-394.34953791	-0.00058902
-394.31620458	-0.00037197
-394.28287124	-0.00026189
-394.24953791	-0.00013148
-394.21620457	0.00012549
-394.18287124	0.00035286
-394.14953790	0.00080322
-394.11620457	0.00115413
-394.08287123	0.00145967
-394.04953790	0.00175620
-394.01620457	0.00188042
-393.98287123	0.00209939
-393.94953790	0.00245530
-393.91620456	0.00275684
-393.88287123	0.00318156
-393.84953789	0.00360441
-393.81620456	0.00372232
-393.78287122	0.00350080
-393.74953789	0.00291086
-393.71620455	0.00205720
-393.68287122	0.00102835
-393.64953789	0.00024592
-393.61620455	-0.00011207
-393.58287122	-0.00025383
-393.54953788	0.00014127
-393.51620455	0.00089087
-393.48287121	0.00162508
-393.44953788	0.00217200
-393.41620454	0.00242672
-393.38287121	0.00242172
-393.34953788	0.00214646
-393.31620454	0.00176117
-393.28287121	0.00120578
-393.24953787	0.00045013
-393.21620454	-0.00057015
-393.18287120	-0.00173772
-393.14953787	-0.00327718
-393.11620453	-0.00516992
-393.08287120	-0.00701945
-393.04953786	-0.00889118
-393.01620453	-0.01025979
-392.98287120	-0.01121307
-392.94953786	-0.01133236
-392.91620453	-0.01078517
-392.88287119	-0.00962898
-392.84953786	-0.00788424
-392.81620452	-0.00589493
-392.78287119	-0.00360174
-392.74953785	-0.00128258
-392.71620452	0.00081485
-392.68287118	0.00268448
-392.64953785	0.00406263
-392.61620452	0.00499071
-392.58287118	0.00551113
-392.54953785	0.00574031
-392.51620451	0.00579627
-392.48287118	0.00574014
-392.44953784	0.00576823
-392.41620451	0.00578345
-392.38287117	0.00566847
-392.34953784	0.00557014
-392.31620451	0.00556628
-392.28287117	0.00572338
-392.24953784	0.00613118
-392.21620450	0.00675647
-392.18287117	0.00742567
-392.14953783	0.00801740
-392.11620450	0.00845600
-392.08287116	0.00864532
-392.04953783	0.00844653
-392.01620449	0.00784191
-391.98287116	0.00704993
-391.94953783	0.00594919
-391.91620449	0.00459006
-391.88287116	0.00313495
-391.84953782	0.00178710
-391.81620449	0.00050217
-391.78287115	-0.00057262
-391.74953782	-0.00128114
-391.71620448	-0.00154673
-391.68287115	-0.00135904
-391.64953781	-0.00086713
-391.61620448	-0.00016448
-391.58287115	0.00062657
-391.54953781	0.00119326
-391.51620448	0.00160085
-391.48287114	0.00156449
-391.44953781	0.00118736
-391.41620447	0.00044537
-391.38287114	-0.00066421
-391.34953780	-0.00198228
-391.31620447	-0.00338417
-391.28287114	-0.00448853
-391.24953780	-0.00528919
-391.21620447	-0.00561172
-391.18287113	-0.00554388
-391.14953780	-0.00499899
-391.11620446	-0.00421449
-391.08287113	-0.00335587
-391.04953779	-0.00225056
-391.01620446	-0.00113580
-390.98287112	0.00020092
-390.94953779	0.00163006
-390.91620446	0.00294896
-390.88287112	0.00402374
-390.84953779	0.00473866
-390.81620445	0.00494838
-390.78287112	0.00446892
-390.74953778	0.00344555
-390.71620445	0.00206630
-390.68287111	0.00043273
-390.64953778	-0.00108538
-390.61620445	-0.00253885
-390.58287111	-0.00361622
-390.54953778	-0.00406464
-390.51620444	-0.00423269
-390.48287111	-0.00410826
-390.44953777	-0.00359476
-390.41620444	-0.00274637
-390.38287110	-0.00179913
-390.34953777	-0.00049586
-390.31620443	0.00094659
-390.28287110	0.00248213
-390.24953777	0.00399650
-390.21620443	0.00533703
-390.18287110	0.00628918
-390.14953776	0.00686392
-390.11620443	0.00690832
-390.08287109	0.00644998
-390.04953776	0.00546133
-390.01620442	0.00418899
-389.98287109	0.00294435
-389.94953775	0.00188078
-389.91620442	0.00137558
-389.88287109	0.00100589
-389.84953775	0.00094020
-389.81620442	0.00110714
-389.78287108	0.00099588
-389.74953775	0.00059074
-389.71620441	0.00001392
-389.68287108	-0.00083185
-389.64953774	-0.00169765
-389.61620441	-0.00246880
-389.58287108	-0.00311515
-389.54953774	-0.00352293
-389.51620441	-0.00383761
-389.48287107	-0.00406349
-389.44953774	-0.00419873
-389.41620440	-0.00421716
-389.38287107	-0.00413367
-389.34953773	-0.00375152
-389.31620440	-0.00318670
-389.28287106	-0.00224274
-389.24953773	-0.00117933
-389.21620440	-0.00005246
-389.18287106	0.00078486
-389.14953773	0.00139669
-389.11620439	0.00151448
-389.08287106	0.00108004
-389.04953772	0.00040195
-389.01620439	-0.00046090
-388.98287105	-0.00125266
-388.94953772	-0.00186281
-388.91620439	-0.00211589
-388.88287105	-0.00214881
-388.84953772	-0.00181619
-388.81620438	-0.00118051
-388.78287105	-0.00012367
-388.74953771	0.00124480
-388.71620438	0.00275613
-388.68287104	0.00458783
-388.64953771	0.00635926
-388.61620437	0.00800934
-388.58287104	0.00935127
-388.54953771	0.01045402
-388.51620437	0.01112252
-388.48287104	0.01146427
-388.44953770	0.01139415
-388.41620437	0.01110141
-388.38287103	0.01031284
-388.34953770	0.00943095
-388.31620436	0.00819820
-388.28287103	0.00687863
-388.24953769	0.00563973
-388.21620436	0.00454094
-388.18287103	0.00368605
-388.14953769	0.00296480
-388.11620436	0.00244512
-388.08287102	0.00198272
-388.04953769	0.00146613
-388.01620435	0.00093020
-387.98287102	0.00051436
-387.94953768	0.00010589
-387.91620435	-0.00018995
-387.88287102	-0.00039864
-387.84953768	-0.00066327
-387.81620435	-0.00089853
-387.78287101	-0.00117015
-387.74953768	-0.00141299
-387.71620434	-0.00155502
-387.68287101	-0.00145952
-387.64953767	-0.00105600
-387.61620434	-0.00058998
-387.58287100	0.00007075
-387.54953767	0.00075389
-387.51620434	0.00129531
-387.48287100	0.00160060
-387.44953767	0.00191719
-387.41620433	0.00209976
-387.38287100	0.00204759
-387.34953766	0.00193745
-387.31620433	0.00159999
-387.28287099	0.00104183
-387.24953766	0.00021062
-387.21620432	-0.00073512
-387.18287099	-0.00169745
-387.14953766	-0.00264072
-387.11620432	-0.00344838
-387.08287099	-0.00403876
-387.04953765	-0.00429984
-387.01620432	-0.00421487
-386.98287098	-0.00388686
-386.94953765	-0.00319637
-386.91620431	-0.00214086
-386.88287098	-0.00104515
-386.84953765	0.00049796
-386.81620431	0.00203202
-386.78287098	0.00360811
-386.74953764	0.00509359
-386.71620431	0.00627530
-386.68287097	0.00711294
-386.64953764	0.00757457
-386.61620430	0.00749049
-386.58287097	0.00692294
-386.54953763	0.00593202
-386.51620430	0.00449226
-386.48287097	0.00264321
-386.44953763	0.00068006
-386.41620430	-0.00134702
-386.38287096	-0.00313307
-386.34953763	-0.00457228
-386.31620429	-0.00566243
-386.28287096	-0.00633116
-386.24953762	-0.00666389
-386.21620429	-0.00668175
-386.18287096	-0.00659943
-386.14953762	-0.00625526
-386.11620429	-0.00565707
-386.08287095	-0.00501180
-386.04953762	-0.00407631
-386.01620428	-0.00301567
-385.98287095	-0.00171795
-385.94953761	-0.00047384
-385.91620428	0.00058779
-385.88287094	0.00145194
-385.84953761	0.00181444
-385.81620428	0.00177922
-385.78287094	0.00132378
-385.74953761	0.00052769
-385.71620427	-0.00045838
-385.68287094	-0.00164581
-385.64953760	-0.00287578
-385.61620427	-0.00408219
-385.58287093	-0.00531912
-385.54953760	-0.00663119
-385.51620426	-0.00791994
-385.48287093	-0.00926580
-385.44953760	-0.01031106
-385.41620426	-0.01135433
-385.38287093	-0.01205218
-385.34953759	-0.01248060
-385.31620426	-0.01254324
-385.28287092	-0.01215935
-385.24953759	-0.01141380
-385.21620425	-0.01031618
-385.18287092	-0.00893430
-385.14953759	-0.00742411
-385.11620425	-0.00582529
-385.08287092	-0.00421641
-385.04953758	-0.00269655
-385.01620425	-0.00115588
-384.98287091	0.00009909
-384.94953758	0.00126839
-384.91620424	0.00214343
-384.88287091	0.00266231
-384.84953757	0.00267524
-384.81620424	0.00236798
-384.78287091	0.00149126
-384.74953757	0.00013853
-384.71620424	-0.00134332
-384.68287090	-0.00295139
-384.64953757	-0.00459732
-384.61620423	-0.00607886
-384.58287090	-0.00724094
-384.54953756	-0.00798061
-384.51620423	-0.00836280
-384.48287090	-0.00845264
-384.44953756	-0.00823686
-384.41620423	-0.00780557
-384.38287089	-0.00726278
-384.34953756	-0.00662957
-384.31620422	-0.00583089
-384.28287089	-0.00497223
-384.24953755	-0.00408229
-384.21620422	-0.00316868
-384.18287088	-0.00234673
-384.14953755	-0.00154508
-384.11620422	-0.00098629
-384.08287088	-0.00070280
-384.04953755	-0.00058226
-384.01620421	-0.00053180
-383.98287088	-0.00052088
-383.94953754	-0.00037367
-383.91620421	-0.00001268
-383.88287087	0.00038010
-383.84953754	0.00093197
-383.81620420	0.00156529
-383.78287087	0.00207574
-383.74953754	0.00258781
-383.71620420	0.00301048
-383.68287087	0.00334387
-383.64953753	0.00383975
-383.61620420	0.00427997
-383.58287086	0.00489532
-383.54953753	0.00547758
-383.51620419	0.00619936
-383.48287086	0.00698392
-383.44953753	0.00788490
-383.41620419	0.00892253
-383.38287086	0.01004148
-383.34953752	0.01134205
-383.31620419	0.01265975
-383.28287085	0.01421835
-383.24953752	0.01589585
-383.21620418	0.01751789
-383.18287085	0.01890146
-383.14953751	0.02001676
-383.11620418	0.02084464
-383.08287085	0.02118237
-383.04953751	0.02100894
-383.01620418	0.02034300
-382.98287084	0.01933859
-382.94953751	0.01792521
-382.91620417	0.01613764
-382.88287084	0.01404692
-382.84953750	0.01184081
-382.81620417	0.00959385
-382.78287083	0.00735998
-382.74953750	0.00540555
-382.71620417	0.00370539
-382.68287083	0.00239951
-382.64953750	0.00154764
-382.61620416	0.00102030
-382.58287083	0.00078776
-382.54953749	0.00073374
-382.51620416	0.00058725
-382.48287082	0.00056550
-382.44953749	0.00035985
-382.41620416	-0.00008363
-382.38287082	-0.00046930
-382.34953749	-0.00104025
-382.31620415	-0.00170584
-382.28287082	-0.00239714
-382.24953748	-0.00316926
-382.21620415	-0.00423128
-382.18287081	-0.00543867
-382.14953748	-0.00681852
-382.11620414	-0.00825686
-382.08287081	-0.00985561
-382.04953748	-0.01132727
-382.01620414	-0.01259160
-381.98287081	-0.01346317
-381.94953747	-0.01390905
-381.91620414	-0.01395238
-381.88287080	-0.01352771
-381.84953747	-0.01282990
-381.81620413	-0.01203661
-381.78287080	-0.01088041
-381.74953747	-0.00974856
-381.71620413	-0.00850329
-381.68287080	-0.00724500
-381.64953746	-0.00599663
-381.61620413	-0.00477566
-381.58287079	-0.00372187
-381.54953746	-0.00270463
-381.51620412	-0.00198552
-381.48287079	-0.00125317
-381.44953745	-0.00055450
-381.41620412	0.00014898
-381.38287079	0.00089444
-381.34953745	0.00171849
-381.31620412	0.00263287
-381.28287078	0.00356240
-381.24953745	0.00432686
-381.21620411	0.00493315
-381.18287078	0.00527851
-381.14953744	0.00540308
-381.11620411	0.00536177
-381.08287077	0.00510260
-381.04953744	0.00474744
-381.01620411	0.00439442
-380.98287077	0.00397806
-380.94953744	0.00357681
-380.91620410	0.00314920
-380.88287077	0.00275484
-380.84953743	0.00230200
-380.81620410	0.00198629
-380.78287076	0.00174420
-380.74953743	0.00145133
-380.71620410	0.00126661
-380.68287076	0.00103734
-380.64953743	0.00059288
-380.61620409	0.00005712
-380.58287076	-0.00090458
-380.54953742	-0.00202582
-380.51620409	-0.00348870
-380.48287075	-0.00509676
-380.44953742	-0.00689635
-380.41620408	-0.00876766
-380.38287075	-0.01052526
-380.34953742	-0.01213093
-380.31620408	-0.01368729
-380.28287075	-0.01498986
-380.24953741	-0.01612638
-380.21620408	-0.01692974
-380.18287074	-0.01750955
-380.14953741	-0.01792281
-380.11620407	-0.01826097
-380.08287074	-0.01850468
-380.04953741	-0.01862465
-380.01620407	-0.01864716
-379.98287074	-0.01850308
-379.94953740	-0.01828924
-379.91620407	-0.01790079
-379.88287073	-0.01761394
-379.84953740	-0.01707210
-379.81620406	-0.01641232
-379.78287073	-0.01559020
-379.74953739	-0.01445193
-379.71620406	-0.01295712
-379.68287073	-0.01115762
-379.64953739	-0.00922230
-379.61620406	-0.00708970
-379.58287072	-0.00513121
-379.54953739	-0.00325746
-379.51620405	-0.00143253
-379.48287072	0.00002878
-379.44953738	0.00135373
-379.41620405	0.00215631
-379.38287071	0.00251994
-379.34953738	0.00232680
-379.31620405	0.00163892
-379.28287071	0.00046151
-379.24953738	-0.00107743
-379.21620404	-0.00263670
-379.18287071	-0.00391453
-379.14953737	-0.00505628
-379.11620404	-0.00581917
-379.08287070	-0.00608530
-379.04953737	-0.00605687
-379.01620404	-0.00569149
-378.98287070	-0.00500248
-378.94953737	-0.00402613
-378.91620403	-0.00284265
-378.88287070	-0.00151287
-378.84953736	-0.00009981
-378.81620403	0.00130155
-378.78287069	0.00247458
-378.74953736	0.00346791
-378.71620402	0.00409080
-378.68287069	0.00452200
-378.64953736	0.00453375
-378.61620402	0.00427524
-378.58287069	0.00384720
-378.54953735	0.00328805
-378.51620402	0.00293043
-378.48287068	0.00245745
-378.44953735	0.00219829
-378.41620401	0.00202719
-378.38287068	0.00199437
-378.34953734	0.00205415
-378.31620401	0.00213601
-378.28287068	0.00214232
-378.24953734	0.00222734
-378.21620401	0.00229288
-378.18287067	0.00253474
-378.14953734	0.00315994
-378.11620400	0.00424744
-378.08287067	0.00584345
-378.04953733	0.00793934
-378.01620400	0.01052301
-377.98287067	0.01341876
-377.94953733	0.01667382
-377.91620400	0.02015993
-377.88287066	0.02373923
-377.84953733	0.02742135
-377.81620399	0.03118301
-377.78287066	0.03484931
-377.74953732	0.03831277
-377.71620399	0.04132176
-377.68287065	0.04360694
-377.64953732	0.04493438
-377.61620399	0.04501269
-377.58287065	0.04386617
-377.54953732	0.04126768
-377.51620398	0.03762388
-377.48287065	0.03299794
-377.44953731	0.02760933
-377.41620398	0.02216852
-377.38287064	0.01692805
-377.34953731	0.01240700
-377.31620398	0.00896594
-377.28287064	0.00689693
-377.24953731	0.00608744
-377.21620397	0.00662188
-377.18287064	0.00825246
-377.14953730	0.01056952
-377.11620397	0.01340219
-377.08287063	0.01637651
-377.04953730	0.01925440
-377.01620396	0.02191189
-376.98287063	0.02405858
-376.94953730	0.02569620
-376.91620396	0.02665086
-376.88287063	0.02687255
-376.84953729	0.02654330
-376.81620396	0.02547805
-376.78287062	0.02391247
-376.74953729	0.02211722
-376.71620395	0.01994815
-376.68287062	0.01785067
-376.64953728	0.01562543
-376.61620395	0.01332748
-376.58287062	0.01102547
-376.54953728	0.00860047
-376.51620395	0.00587198
-376.48287061	0.00311917
-376.44953728	0.00035205
-376.41620394	-0.00254994
-376.38287061	-0.00555676
-376.34953727	-0.00864889
-376.31620394	-0.01182031
-376.28287061	-0.01504435
-376.24953727	-0.01826071
-376.21620394	-0.02154814
-376.18287060	-0.02470313
-376.14953727	-0.02762481
-376.11620393	-0.03014962
-376.08287060	-0.03241146
-376.04953726	-0.03425089
-376.01620393	-0.03574267
-375.98287059	-0.03691942
-375.94953726	-0.03779096
-375.91620393	-0.03859792
-375.88287059	-0.03937004
-375.84953726	-0.04018734
-375.81620392	-0.04124034
-375.78287059	-0.04255514
-375.74953725	-0.04413368
-375.71620392	-0.04593875
-375.68287058	-0.04775836
-375.64953725	-0.04966067
-375.61620392	-0.05143140
-375.58287058	-0.05298264
-375.54953725	-0.05400019
-375.51620391	-0.05453225
-375.48287058	-0.05456286
-375.44953724	-0.05374575
-375.41620391	-0.05249707
-375.38287057	-0.05080524
-375.34953724	-0.04866700
-375.31620390	-0.04648783
-375.28287057	-0.04444405
-375.24953724	-0.04258931
-375.21620390	-0.04111407
-375.18287057	-0.04000144
-375.14953723	-0.03907457
-375.11620390	-0.03836186
-375.08287056	-0.03783947
-375.04953723	-0.03729499
-375.01620389	-0.03648731
-374.98287056	-0.03539295
-374.94953722	-0.03402374
-374.91620389	-0.03229112
-374.88287056	-0.03014508
-374.84953722	-0.02761764
-374.81620389	-0.02469323
-374.78287055	-0.02136736
-374.74953722	-0.01787157
-374.71620388	-0.01431729
-374.68287055	-0.01093981
-374.64953721	-0.00761845
-374.61620388	-0.00453642
-374.58287055	-0.00181479
-374.54953721	0.00065560
-374.51620388	0.00289858
-374.48287054	0.00495688
-374.44953721	0.00705774
-374.41620387	0.00920786
-374.38287054	0.01152533
-374.34953720	0.01376896
-374.31620387	0.01622981
-374.28287053	0.01866550
-374.24953720	0.02093775
-374.21620387	0.02327054
-374.18287053	0.02528617
-374.14953720	0.02698734
-374.11620386	0.02844127
-374.08287053	0.02940573
-374.04953719	0.03023728
-374.01620386	0.03085202
-373.98287052	0.03136359
-373.94953719	0.03203579
-373.91620385	0.03291950
-373.88287052	0.03401963
-373.84953719	0.03522353
-373.81620385	0.03665610
-373.78287052	0.03824230
-373.74953718	0.03974568
-373.71620385	0.04121517
-373.68287051	0.04234429
-373.64953718	0.04313160
-373.61620384	0.04334975
-373.58287051	0.04300036
-373.54953718	0.04208089
-373.51620384	0.04067081
-373.48287051	0.03883153
-373.44953717	0.03682107
-373.41620384	0.03488235
-373.38287050	0.03307818
-373.34953717	0.03151768
-373.31620383	0.03014803
-373.28287050	0.02894955
-373.24953716	0.02790750
-373.21620383	0.02692174
-373.18287050	0.02617534
-373.14953716	0.02550363
-373.11620383	0.02505429
-373.08287049	0.02467289
-373.04953716	0.02437134
-373.01620382	0.02400530
-372.98287049	0.02333683
-372.94953715	0.02227604
-372.91620382	0.02092278
-372.88287049	0.01902870
-372.84953715	0.01703030
-372.81620382	0.01483770
-372.78287048	0.01257375
-372.74953715	0.01045874
-372.71620381	0.00845567
-372.68287048	0.00650130
-372.64953714	0.00462068
-372.61620381	0.00287944
-372.58287047	0.00144990
-372.54953714	0.00015028
-372.51620381	-0.00098597
-372.48287047	-0.00190785
-372.44953714	-0.00244289
-372.41620380	-0.00281241
-372.38287047	-0.00299546
-372.34953713	-0.00315311
-372.31620380	-0.00349034
-372.28287046	-0.00386491
-372.24953713	-0.00450324
-372.21620379	-0.00527134
-372.18287046	-0.00597553
-372.14953713	-0.00669265
-372.11620379	-0.00725694
-372.08287046	-0.00766093
-372.04953712	-0.00808600
-372.01620379	-0.00831888
-371.98287045	-0.00846623
-371.94953712	-0.00867513
-371.91620378	-0.00883924
-371.88287045	-0.00899401
-371.84953712	-0.00903745
-371.81620378	-0.00910150
-371.78287045	-0.00916144
-371.74953711	-0.00933726
-371.71620378	-0.00965009
-371.68287044	-0.00997571
-371.64953711	-0.01029144
-371.61620377	-0.01082808
-371.58287044	-0.01132669
-371.54953710	-0.01187178
-371.51620377	-0.01221783
-371.48287044	-0.01227753
-371.44953710	-0.01197816
-371.41620377	-0.01130936
-371.38287043	-0.01013781
-371.34953710	-0.00870759
-371.31620376	-0.00694890
-371.28287043	-0.00495460
-371.24953709	-0.00280262
-371.21620376	-0.00094742
-371.18287043	0.00088232
-371.14953709	0.00233204
-371.11620376	0.00346656
-371.08287042	0.00409191
-371.04953709	0.00435918
-371.01620375	0.00425382
-370.98287042	0.00375891
-370.94953708	0.00301609
-370.91620375	0.00209481
-370.88287041	0.00109511
-370.84953708	0.00008028
-370.81620375	-0.00076750
-370.78287041	-0.00144436
-370.74953708	-0.00171532
-370.71620374	-0.00170826
-370.68287041	-0.00128403
-370.64953707	-0.00053099
-370.61620374	0.00063241
-370.58287040	0.00212740
-370.54953707	0.00378289
-370.51620373	0.00541957
-370.48287040	0.00706324
-370.44953707	0.00871663
-370.41620373	0.01015425
-370.38287040	0.01136068
-370.34953706	0.01228041
-370.31620373	0.01274686
-370.28287039	0.01295466
-370.24953706	0.01284083
-370.21620372	0.01240845
-370.18287039	0.01186569
-370.14953706	0.01107452
-370.11620372	0.01008872
-370.08287039	0.00897237
-370.04953705	0.00776576
-370.01620372	0.00641883
-369.98287038	0.00493759
-369.94953705	0.00330248
-369.91620371	0.00195895
-369.88287038	0.00065209
-369.84953704	-0.00040834
-369.81620371	-0.00092910
-369.78287038	-0.00104488
-369.74953704	-0.00079801
-369.71620371	0.00000115
-369.68287037	0.00118638
-369.64953704	0.00251616
-369.61620370	0.00401112
-369.58287037	0.00546008
-369.54953703	0.00696198
-369.51620370	0.00842129
-369.48287036	0.00969381
-369.44953703	0.01084618
-369.41620370	0.01174335
-369.38287036	0.01230013
-369.34953703	0.01243899
-369.31620369	0.01211893
-369.28287036	0.01122112
-369.24953702	0.00996958
-369.21620369	0.00838083
-369.18287035	0.00654712
-369.14953702	0.00485027
-369.11620369	0.00336798
-369.08287035	0.00226280
-369.04953702	0.00158859
-369.01620368	0.00144332
-368.98287035	0.00167873
-368.94953701	0.00243336
-368.91620368	0.00359812
-368.88287034	0.00502792
-368.84953701	0.00683370
-368.81620367	0.00866802
-368.78287034	0.01061326
-368.74953701	0.01235722
-368.71620367	0.01378913
-368.68287034	0.01487110
-368.64953700	0.01555608
-368.61620367	0.01571710
-368.58287033	0.01519517
-368.54953700	0.01409704
-368.51620366	0.01241104
-368.48287033	0.01025846
-368.44953700	0.00757686
-368.41620366	0.00475388
-368.38287033	0.00167643
-368.34953699	-0.00131098
-368.31620366	-0.00434378
-368.28287032	-0.00732067
-368.24953699	-0.01000966
-368.21620365	-0.01264583
-368.18287032	-0.01492706
-368.14953698	-0.01695700
-368.11620365	-0.01861269
-368.08287032	-0.01973383
-368.04953698	-0.02027473
-368.01620365	-0.02046486
-367.98287031	-0.02000365
-367.94953698	-0.01919408
-367.91620364	-0.01815883
-367.88287031	-0.01679898
-367.84953697	-0.01531806
-367.81620364	-0.01381817
-367.78287030	-0.01212415
-367.74953697	-0.01045042
-367.71620364	-0.00901407
-367.68287030	-0.00763876
-367.64953697	-0.00667659
-367.61620363	-0.00605122
-367.58287030	-0.00603912
-367.54953696	-0.00645122
-367.51620363	-0.00746418
-367.48287029	-0.00870953
-367.44953696	-0.01025924
-367.41620363	-0.01183120
-367.38287029	-0.01355482
-367.34953696	-0.01513261
-367.31620362	-0.01678061
-367.28287029	-0.01838905
-367.24953695	-0.01986729
-367.21620362	-0.02121857
-367.18287028	-0.02233935
-367.14953695	-0.02314314
-367.11620361	-0.02363780
-367.08287028	-0.02387036
-367.04953695	-0.02379543
-367.01620361	-0.02364358
-366.98287028	-0.02354099
-366.94953694	-0.02330614
-366.91620361	-0.02315901
-366.88287027	-0.02312133
-366.84953694	-0.02322174
-366.81620360	-0.02343086
-366.78287027	-0.02392896
-366.74953694	-0.02460016
-366.71620360	-0.02557222
-366.68287027	-0.02680529
-366.64953693	-0.02792053
-366.61620360	-0.02920689
-366.58287026	-0.03042790
-366.54953693	-0.03149895
-366.51620359	-0.03222576
-366.48287026	-0.03260384
-366.44953692	-0.03268404
-366.41620359	-0.03235018
-366.38287026	-0.03147804
-366.34953692	-0.03020614
-366.31620359	-0.02859528
-366.28287025	-0.02648615
-366.24953692	-0.02423124
-366.21620358	-0.02176454
-366.18287025	-0.01909319
-366.14953691	-0.01633695
-366.11620358	-0.01341139
-366.08287024	-0.01048768
-366.04953691	-0.00762578
-366.01620358	-0.00478905
-365.98287024	-0.00194718
-365.94953691	0.00061781
-365.91620357	0.00299963
-365.88287024	0.00512169
-365.84953690	0.00693235
-365.81620357	0.00859737
-365.78287023	0.00998720
-365.74953690	0.01120914
-365.71620357	0.01237516
-365.68287023	0.01340246
-365.64953690	0.01447492
-365.61620356	0.01549899
-365.58287023	0.01653663
-365.54953689	0.01764308
-365.51620356	0.01882041
-365.48287022	0.01983791
-365.44953689	0.02077625
-365.41620355	0.02138329
-365.38287022	0.02176820
-365.34953689	0.02173149
-365.31620355	0.02138244
-365.28287022	0.02060901
-365.24953688	0.01956799
-365.21620355	0.01799088
-365.18287021	0.01589067
-365.14953688	0.01328978
-365.11620354	0.01031138
-365.08287021	0.00694814
-365.04953687	0.00358182
-365.01620354	0.00019790
-364.98287021	-0.00313039
-364.94953687	-0.00608096
-364.91620354	-0.00875955
-364.88287020	-0.01119013
-364.84953687	-0.01335496
-364.81620353	-0.01512020
-364.78287020	-0.01665183
-364.74953686	-0.01781067
-364.71620353	-0.01847545
-364.68287020	-0.01867865
-364.64953686	-0.01839434
-364.61620353	-0.01772593
-364.58287019	-0.01667695
-364.54953686	-0.01542614
-364.51620352	-0.01385712
-364.48287019	-0.01222608
-364.44953685	-0.01028778
-364.41620352	-0.00820215
-364.38287018	-0.00587847
-364.34953685	-0.00338681
-364.31620352	-0.00078043
-364.28287018	0.00192157
-364.24953685	0.00445840
-364.21620351	0.00689454
-364.18287018	0.00912764
-364.14953684	0.01112190
-364.11620351	0.01307918
-364.08287017	0.01482745
-364.04953684	0.01630861
-364.01620351	0.01755155
-363.98287017	0.01841888
-363.94953684	0.01886918
-363.91620350	0.01900355
-363.88287017	0.01874696
-363.84953683	0.01822282
-363.81620350	0.01747478
-363.78287016	0.01654389
-363.74953683	0.01555350
-363.71620349	0.01438315
-363.68287016	0.01316009
-363.64953683	0.01174843
-363.61620349	0.01031319
-363.58287016	0.00877817
-363.54953682	0.00726134
-363.51620349	0.00560213
-363.48287015	0.00400494
-363.44953682	0.00250660
-363.41620348	0.00118041
-363.38287015	0.00001915
-363.34953681	-0.00089671
-363.31620348	-0.00177811
-363.28287015	-0.00244797
-363.24953681	-0.00305082
-363.21620348	-0.00354377
-363.18287014	-0.00393725
-363.14953681	-0.00460944
-363.11620347	-0.00541500
-363.08287014	-0.00625420
-363.04953680	-0.00717581
-363.01620347	-0.00822781
-362.98287014	-0.00948048
-362.94953680	-0.01079531
-362.91620347	-0.01206118
-362.88287013	-0.01329898
-362.84953680	-0.01444440
-362.81620346	-0.01543334
-362.78287013	-0.01595228
-362.74953679	-0.01620208
-362.71620346	-0.01599488
-362.68287012	-0.01528036
-362.64953679	-0.01407903
-362.61620346	-0.01232663
-362.58287012	-0.01019270
-362.54953679	-0.00777599
-362.51620345	-0.00496480
-362.48287012	-0.00205965
-362.44953678	0.00095031
-362.41620345	0.00411554
-362.38287011	0.00728958
-362.34953678	0.01043573
-362.31620345	0.01354593
-362.28287011	0.01636765
-362.24953678	0.01911814
-362.21620344	0.02173235
-362.18287011	0.02414459
-362.14953677	0.02627360
-362.11620344	0.02814032
-362.08287010	0.02965367
-362.04953677	0.03075468
-362.01620343	0.03131123
-361.98287010	0.03129612
-361.94953677	0.03063439
-361.91620343	0.02928286
-361.88287010	0.02742812
-361.84953676	0.02482146
-361.81620343	0.02159511
-361.78287009	0.01787467
-361.74953676	0.01367681
-361.71620342	0.00922468
-361.68287009	0.00460644
-361.64953675	0.00004567
-361.61620342	-0.00442371
-361.58287009	-0.00870685
-361.54953675	-0.01249952
-361.51620342	-0.01591417
-361.48287008	-0.01878993
-361.44953675	-0.02107073
-361.41620341	-0.02275251
-361.38287008	-0.02379234
-361.34953674	-0.02416400
-361.31620341	-0.02378600
-361.28287008	-0.02292501
-361.24953674	-0.02155801
-361.21620341	-0.01966173
-361.18287007	-0.01725350
-361.14953674	-0.01438420
-361.11620340	-0.01121847
-361.08287007	-0.00777459
-361.04953673	-0.00402287
-361.01620340	-0.00023273
-360.98287006	0.00344994
-360.94953673	0.00694903
-360.91620340	0.01009868
-360.88287006	0.01260322
-360.84953673	0.01469259
-360.81620339	0.01599910
-360.78287006	0.01667656
-360.74953672	0.01651703
-360.71620339	0.01571943
-360.68287005	0.01433579
-360.64953672	0.01240225
-360.61620338	0.01011577
-360.58287005	0.00750388
-360.54953672	0.00490857
-360.51620338	0.00251712
-360.48287005	0.00033956
-360.44953671	-0.00136115
-360.41620338	-0.00255598
-360.38287004	-0.00330969
-360.34953671	-0.00350925
-360.31620337	-0.00322318
-360.28287004	-0.00258146
-360.24953671	-0.00173188
-360.21620337	-0.00070665
-360.18287004	0.00027698
-360.14953670	0.00120809
-360.11620337	0.00182354
-360.08287003	0.00237859
-360.04953670	0.00254138
-360.01620336	0.00262828
-359.98287003	0.00250984
-359.94953669	0.00206556
-359.91620336	0.00159688
-359.88287003	0.00086416
-359.84953669	0.00016707
-359.81620336	-0.00058118
-359.78287002	-0.00131387
-359.74953669	-0.00178568
-359.71620335	-0.00215957
-359.68287002	-0.00235956
-359.64953668	-0.00224077
-359.61620335	-0.00179503
-359.58287002	-0.00134629
-359.54953668	-0.00083925
-359.51620335	-0.00016977
-359.48287001	0.00038455
-359.44953668	0.00095463
-359.41620334	0.00151358
-359.38287001	0.00201775
-359.34953667	0.00248766
-359.31620334	0.00279287
-359.28287000	0.00304858
-359.24953667	0.00298589
-359.21620334	0.00263690
-359.18287000	0.00203276
-359.14953667	0.00113257
-359.11620333	0.00002768
-359.08287000	-0.00132990
-359.04953666	-0.00280162
-359.01620333	-0.00415075
-358.98286999	-0.00560825
-358.94953666	-0.00700834
-358.91620332	-0.00830363
-358.88286999	-0.00959716
-358.84953666	-0.01069158
-358.81620332	-0.01175121
-358.78286999	-0.01267113
-358.74953665	-0.01339215
-358.71620332	-0.01396327
-358.68286998	-0.01431142
-358.64953665	-0.01453324
-358.61620331	-0.01449073
-358.58286998	-0.01441267
-358.54953665	-0.01422311
-358.51620331	-0.01374321
-358.48286998	-0.01306642
-358.44953664	-0.01225874
-358.41620331	-0.01110433
-358.38286997	-0.00967816
-358.34953664	-0.00796459
-358.31620330	-0.00612062
-358.28286997	-0.00418121
-358.24953663	-0.00218005
-358.21620330	-0.00005378
-358.18286997	0.00187378
-358.14953663	0.00368971
-358.11620330	0.00538014
-358.08286996	0.00678396
-358.04953663	0.00808874
-358.01620329	0.00895963
-357.98286996	0.00954738
-357.94953662	0.00966153
-357.91620329	0.00940576
-357.88286996	0.00876117
-357.84953662	0.00774531
-357.81620329	0.00645066
-357.78286995	0.00488137
-357.74953662	0.00309540
-357.71620328	0.00134889
-357.68286995	-0.00054473
-357.64953661	-0.00215491
-357.61620328	-0.00374303
-357.58286994	-0.00501937
-357.54953661	-0.00593906
-357.51620328	-0.00655549
-357.48286994	-0.00680430
-357.44953661	-0.00666708
-357.41620327	-0.00627566
-357.38286994	-0.00558055
-357.34953660	-0.00466328
-357.31620327	-0.00352296
-357.28286993	-0.00207453
-357.24953660	-0.00065276
-357.21620326	0.00089474
-357.18286993	0.00222010
-357.14953660	0.00367413
-357.11620326	0.00486746
-357.08286993	0.00587409
-357.04953659	0.00672880
-357.01620326	0.00727224
-356.98286992	0.00767672
-356.94953659	0.00781934
-356.91620325	0.00788036
-356.88286992	0.00767297
-356.84953659	0.00751469
-356.81620325	0.00713152
-356.78286992	0.00681399
-356.74953658	0.00634237
-356.71620325	0.00581158
-356.68286991	0.00513206
-356.64953658	0.00437032
-356.61620324	0.00353895
-356.58286991	0.00258383
-356.54953657	0.00169193
-356.51620324	0.00060786
-356.48286991	-0.00036591
-356.44953657	-0.00135802
-356.41620324	-0.00223521
-356.38286990	-0.00296212
-356.34953657	-0.00353521
-356.31620323	-0.00399549
-356.28286990	-0.00421412
-356.24953656	-0.00429598
-356.21620323	-0.00411300
-356.18286989	-0.00390010
-356.14953656	-0.00355439
-356.11620323	-0.00300462
-356.08286989	-0.00254294
-356.04953656	-0.00203948
-356.01620322	-0.00159040
-355.98286989	-0.00122332
-355.94953655	-0.00094833
-355.91620322	-0.00068179
-355.88286988	-0.00030882
-355.84953655	-0.00006343
-355.81620322	0.00029733
-355.78286988	0.00063511
-355.74953655	0.00095090
-355.71620321	0.00120667
-355.68286988	0.00150208
-355.64953654	0.00153375
-355.61620321	0.00163491
-355.58286987	0.00158067
-355.54953654	0.00124921
-355.51620320	0.00082154
-355.48286987	0.00036449
-355.44953654	-0.00031964
-355.41620320	-0.00104710
-355.38286987	-0.00180048
-355.34953653	-0.00252765
-355.31620320	-0.00322331
-355.28286986	-0.00386556
-355.24953653	-0.00436919
-355.21620319	-0.00477829
-355.18286986	-0.00483826
-355.14953653	-0.00474664
-355.11620319	-0.00439825
-355.08286986	-0.00392903
-355.04953652	-0.00332501
-355.01620319	-0.00261828
-354.98286985	-0.00200941
-354.94953652	-0.00150993
-354.91620318	-0.00109030
-354.88286985	-0.00091027
-354.84953651	-0.00102213
-354.81620318	-0.00121913
-354.78286985	-0.00151992
-354.74953651	-0.00207784
-354.71620318	-0.00272711
-354.68286984	-0.00341194
-354.64953651	-0.00403478
-354.61620317	-0.00464934
-354.58286984	-0.00502592
-354.54953650	-0.00518078
-354.51620317	-0.00526671
-354.48286983	-0.00496393
-354.44953650	-0.00451786
-354.41620317	-0.00389175
-354.38286983	-0.00321158
-354.34953650	-0.00227601
-354.31620316	-0.00128339
-354.28286983	-0.00020150
-354.24953649	0.00091641
-354.21620316	0.00215488
-354.18286982	0.00338821
-354.14953649	0.00454406
-354.11620316	0.00566406
-354.08286982	0.00653972
-354.04953649	0.00736556
-354.01620315	0.00791514
-353.98286982	0.00820097
-353.94953648	0.00815041
-353.91620315	0.00779104
-353.88286981	0.00726129
-353.84953648	0.00647417
-353.81620314	0.00535372
-353.78286981	0.00397663
-353.74953648	0.00246262
-353.71620314	0.00071593
-353.68286981	-0.00104289
-353.64953647	-0.00273547
-353.61620314	-0.00437070
-353.58286980	-0.00599638
-353.54953647	-0.00719034
-353.51620313	-0.00825269
-353.48286980	-0.00902050
-353.44953647	-0.00937794
-353.41620313	-0.00961819
-353.38286980	-0.00973051
-353.34953646	-0.00948169
-353.31620313	-0.00910551
-353.28286979	-0.00860078
-353.24953646	-0.00791580
-353.21620312	-0.00702483
-353.18286979	-0.00618289
-353.14953645	-0.00512442
-353.11620312	-0.00415770
-353.08286979	-0.00305835
-353.04953645	-0.00202290
-353.01620312	-0.00096958
-352.98286978	0.00009781
-352.94953645	0.00107086
-352.91620311	0.00206858
-352.88286978	0.00293872
-352.84953644	0.00374710
-352.81620311	0.00453596
-352.78286977	0.00525436
-352.74953644	0.00574803
-352.71620311	0.00611698
-352.68286977	0.00636945
-352.64953644	0.00657029
-352.61620310	0.00664144
-352.58286977	0.00650807
-352.54953643	0.00638379
-352.51620310	0.00617094
-352.48286976	0.00580917
-352.44953643	0.00556809
-352.41620310	0.00528325
-352.38286976	0.00508493
-352.34953643	0.00494799
-352.31620309	0.00487785
-352.28286976	0.00482916
-352.24953642	0.00487771
-352.21620309	0.00481871
-352.18286975	0.00471659
-352.14953642	0.00454935
-352.11620308	0.00424616
-352.08286975	0.00369298
-352.04953642	0.00290036
-352.01620308	0.00177315
-351.98286975	0.00032641
-351.94953641	-0.00133262
-351.91620308	-0.00323841
-351.88286974	-0.00530485
-351.84953641	-0.00735563
-351.81620307	-0.00936496
-351.78286974	-0.01123620
-351.74953640	-0.01282388
-351.71620307	-0.01403047
-351.68286974	-0.01484117
-351.64953640	-0.01514445
-351.61620307	-0.01517613
-351.58286973	-0.01473201
-351.54953640	-0.01381405
-351.51620306	-0.01252267
-351.48286973	-0.01087668
-351.44953639	-0.00912148
-351.41620306	-0.00715700
-351.38286973	-0.00513778
-351.34953639	-0.00329490
-351.31620306	-0.00167071
-351.28286972	-0.00031038
-351.24953639	0.00063325
-351.21620305	0.00126619
-351.18286972	0.00146360
-351.14953638	0.00142088
-351.11620305	0.00114354
-351.08286971	0.00081706
-351.04953638	0.00021304
-351.01620305	-0.00032289
-350.98286971	-0.00073554
-350.94953638	-0.00124209
-350.91620304	-0.00146137
-350.88286971	-0.00149949
-350.84953637	-0.00146725
-350.81620304	-0.00113709
-350.78286970	-0.00072928
-350.74953637	-0.00024112
-350.71620304	0.00034831
-350.68286970	0.00089091
-350.64953637	0.00136084
-350.61620303	0.00186207
-350.58286970	0.00231955
-350.54953636	0.00266351
-350.51620303	0.00297963
-350.48286969	0.00311631
-350.44953636	0.00328763
-350.41620302	0.00336938
-350.38286969	0.00329057
-350.34953636	0.00308009
-350.31620302	0.00266651
-350.28286969	0.00217696
-350.24953635	0.00133050
-350.21620302	0.00046662
-350.18286968	-0.00048318
-350.14953635	-0.00137057
-350.11620301	-0.00217975
-350.08286968	-0.00301812
-350.04953634	-0.00356451
-350.01620301	-0.00405876
-349.98286968	-0.00417465
-349.94953634	-0.00415732
-349.91620301	-0.00384002
-349.88286967	-0.00319257
-349.84953634	-0.00247478
-349.81620300	-0.00158119
-349.78286967	-0.00064604
-349.74953633	0.00014851
-349.71620300	0.00072991
-349.68286967	0.00116472
-349.64953633	0.00133834
-349.61620300	0.00121045
-349.58286966	0.00084245
-349.54953633	0.00021785
-349.51620299	-0.00045994
-349.48286966	-0.00113360
-349.44953632	-0.00176628
-349.41620299	-0.00224810
-349.38286965	-0.00260331
-349.34953632	-0.00268623
-349.31620299	-0.00242908
-349.28286965	-0.00186072
-349.24953632	-0.00107079
-349.21620298	0.00005411
-349.18286965	0.00132265
-349.14953631	0.00270710
-349.11620298	0.00398314
-349.08286964	0.00504766
-349.04953631	0.00602134
-349.01620298	0.00663786
-348.98286964	0.00689600
-348.94953631	0.00695719
-348.91620297	0.00671907
-348.88286964	0.00650806
-348.84953630	0.00624544
-348.81620297	0.00589186
-348.78286963	0.00559333
-348.74953630	0.00531362
-348.71620296	0.00503186
-348.68286963	0.00467498
-348.64953630	0.00436911
-348.61620296	0.00419118
-348.58286963	0.00390897
-348.54953629	0.00362468
-348.51620296	0.00333315
-348.48286962	0.00295896
-348.44953629	0.00246906
-348.41620295	0.00189132
-348.38286962	0.00118771
-348.34953628	0.00044870
-348.31620295	-0.00038001
-348.28286962	-0.00103321
-348.24953628	-0.00153628
-348.21620295	-0.00186000
-348.18286961	-0.00199696
-348.14953628	-0.00191361
-348.11620294	-0.00163762
-348.08286961	-0.00142957
-348.04953627	-0.00114949
-348.01620294	-0.00085046
-347.98286961	-0.00063066
-347.94953627	-0.00040229
-347.91620294	-0.00017263
-347.88286960	0.00002646
-347.84953627	0.00019604
-347.81620293	0.00027094
-347.78286960	0.00022295
-347.74953626	0.00013120
-347.71620293	-0.00001909
-347.68286959	-0.00022494
-347.64953626	-0.00052125
-347.61620293	-0.00059098
-347.58286959	-0.00063180
-347.54953626	-0.00041352
-347.51620292	-0.00029215
-347.48286959	-0.00001629
-347.44953625	0.00035035
-347.41620292	0.00058080
-347.38286958	0.00066620
-347.34953625	0.00057983
-347.31620291	0.00039892
-347.28286958	0.00020915
-347.24953625	-0.00006411
-347.21620291	-0.00044129
-347.18286958	-0.00086374
-347.14953624	-0.00125662
-347.11620291	-0.00177166
-347.08286957	-0.00230159
-347.04953624	-0.00272074
-347.01620290	-0.00317857
-346.98286957	-0.00356759
-346.94953624	-0.00393177
-346.91620290	-0.00400374
-346.88286957	-0.00421173
-346.84953623	-0.00427399
-346.81620290	-0.00423189
-346.78286956	-0.00425705
-346.74953623	-0.00421747
-346.71620289	-0.00427734
-346.68286956	-0.00417352
-346.64953622	-0.00417205
-346.61620289	-0.00411575
-346.58286956	-0.00412748
-346.54953622	-0.00402132
-346.51620289	-0.00406321
-346.48286955	-0.00416520
-346.44953622	-0.00415306
-346.41620288	-0.00419800
-346.38286955	-0.00423918
-346.34953621	-0.00428970
-346.31620288	-0.00420904
-346.28286955	-0.00422338
-346.24953621	-0.00433019
-346.21620288	-0.00440921
-346.18286954	-0.00455553
-346.14953621	-0.00483121
-346.11620287	-0.00519195
-346.08286954	-0.00564861
-346.04953620	-0.00602194
-346.01620287	-0.00641431
-345.98286953	-0.00670635
-345.94953620	-0.00697532
-345.91620287	-0.00706455
-345.88286953	-0.00703772
-345.84953620	-0.00671345
-345.81620286	-0.00627399
-345.78286953	-0.00547929
-345.74953619	-0.00463782
-345.71620286	-0.00381310
-345.68286952	-0.00280649
-345.64953619	-0.00187181
-345.61620285	-0.00107684
-345.58286952	-0.00036199
-345.54953619	0.00015140
-345.51620285	0.00040823
-345.48286952	0.00054853
-345.44953618	0.00032941
-345.41620285	-0.00007128
-345.38286951	-0.00063672
-345.34953618	-0.00130106
-345.31620284	-0.00207443
-345.28286951	-0.00289672
-345.24953618	-0.00352885
-345.21620284	-0.00415144
-345.18286951	-0.00447168
-345.14953617	-0.00461165
-345.11620284	-0.00443246
-345.08286950	-0.00405087
-345.04953617	-0.00339609
-345.01620283	-0.00276730
-344.98286950	-0.00192792
-344.94953616	-0.00119124
-344.91620283	-0.00032396
-344.88286950	0.00033920
-344.84953616	0.00099672
-344.81620283	0.00140660
-344.78286949	0.00172805
-344.74953616	0.00187006
-344.71620282	0.00180535
-344.68286949	0.00168012
-344.64953615	0.00139323
-344.61620282	0.00118377
-344.58286949	0.00105243
-344.54953615	0.00100980
-344.51620282	0.00109341
-344.48286948	0.00129678
-344.44953615	0.00148034
-344.41620281	0.00190775
-344.38286948	0.00224595
-344.34953614	0.00253376
-344.31620281	0.00281030
-344.28286947	0.00309506
-344.24953614	0.00317797
-344.21620281	0.00320311
-344.18286947	0.00319881
-344.14953614	0.00310779
-344.11620280	0.00310973
-344.08286947	0.00297418
-344.04953613	0.00291141
-344.01620280	0.00279975
-343.98286946	0.00272541
-343.94953613	0.00267851
-343.91620279	0.00269152
-343.88286946	0.00273955
-343.84953613	0.00271996
-343.81620279	0.00271234
-343.78286946	0.00268525
-343.74953612	0.00257172
-343.71620279	0.00239975
-343.68286945	0.00221895
-343.64953612	0.00193523
-343.61620278	0.00152699
-343.58286945	0.00120714
-343.54953612	0.00081599
-343.51620278	0.00042907
-343.48286945	0.00017304
-343.44953611	0.00012445
-343.41620278	0.00000082
-343.38286944	0.00004794
-343.34953611	0.00025801
-343.31620277	0.00060530
-343.28286944	0.00081241
-343.24953610	0.00111139
-343.21620277	0.00133466
-343.18286944	0.00150688
-343.14953610	0.00165823
-343.11620277	0.00150219
-343.08286943	0.00150818
-343.04953610	0.00125037
-343.01620276	0.00089231
-342.98286943	0.00035447
-342.94953609	-0.00015822
-342.91620276	-0.00079922
-342.88286942	-0.00152335
-342.84953609	-0.00213882
-342.81620276	-0.00284231
-342.78286942	-0.00346069
-342.74953609	-0.00396002
-342.71620275	-0.00446705
-342.68286942	-0.00488414
-342.64953608	-0.00527711
-342.61620275	-0.00560313
-342.58286941	-0.00592702
-342.54953608	-0.00613270
-342.51620275	-0.00626794
-342.48286941	-0.00623886
-342.44953608	-0.00610127
-342.41620274	-0.00597623
-342.38286941	-0.00572886
-342.34953607	-0.00538949
-342.31620274	-0.00502841
-342.28286940	-0.00463531
-342.24953607	-0.00407404
-342.21620273	-0.00339438
-342.18286940	-0.00277683
-342.14953607	-0.00208337
-342.11620273	-0.00149258
-342.08286940	-0.00091407
-342.04953606	-0.00053171
-342.01620273	-0.00032342
-341.98286939	-0.00053415
-341.94953606	-0.00087178
-341.91620272	-0.00142256
-341.88286939	-0.00235149
-341.84953606	-0.00328274
-341.81620272	-0.00443645
-341.78286939	-0.00559057
-341.74953605	-0.00666495
-341.71620272	-0.00768388
-341.68286938	-0.00868126
-341.64953605	-0.00936089
-341.61620271	-0.00990153
-341.58286938	-0.01006466
-341.54953604	-0.01002049
-341.51620271	-0.00962603
-341.48286938	-0.00896016
-341.44953604	-0.00813942
-341.41620271	-0.00715067
-341.38286937	-0.00618915
-341.34953604	-0.00511146
-341.31620270	-0.00411350
-341.28286937	-0.00310630
-341.24953603	-0.00220277
-341.21620270	-0.00143267
-341.18286936	-0.00078715
-341.14953603	-0.00024226
-341.11620270	0.00010632
-341.08286936	0.00028576
-341.04953603	0.00024334
-341.01620269	0.00005152
-340.98286936	-0.00025533
-340.94953602	-0.00061740
-340.91620269	-0.00104097
-340.88286935	-0.00141646
-340.84953602	-0.00191828
-340.81620269	-0.00230427
-340.78286935	-0.00281171
-340.74953602	-0.00321518
-340.71620268	-0.00359831
-340.68286935	-0.00391409
-340.64953601	-0.00420464
-340.61620268	-0.00423319
-340.58286934	-0.00417504
-340.54953601	-0.00393718
-340.51620267	-0.00353579
-340.48286934	-0.00309392
-340.44953601	-0.00247636
-340.41620267	-0.00203528
-340.38286934	-0.00153652
-340.34953600	-0.00108923
-340.31620267	-0.00084176
-340.28286933	-0.00083964
-340.24953600	-0.00107046
-340.21620266	-0.00148030
-340.18286933	-0.00219099
-340.14953600	-0.00313333
-340.11620266	-0.00418896
-340.08286933	-0.00541443
-340.04953599	-0.00664060
-340.01620266	-0.00771928
-339.98286932	-0.00869398
-339.94953599	-0.00948477
-339.91620265	-0.01012709
-339.88286932	-0.01034615
-339.84953598	-0.01049739
-339.81620265	-0.01039433
-339.78286932	-0.01000458
-339.74953598	-0.00947227
-339.71620265	-0.00887523
-339.68286931	-0.00825292
-339.64953598	-0.00758462
-339.61620264	-0.00699103
-339.58286931	-0.00651244
-339.54953597	-0.00606710
-339.51620264	-0.00581571
-339.48286930	-0.00567249
-339.44953597	-0.00568594
-339.41620264	-0.00583319
-339.38286930	-0.00620173
-339.34953597	-0.00673041
-339.31620263	-0.00730550
-339.28286930	-0.00804594
-339.24953596	-0.00882533
-339.21620263	-0.00959112
-339.18286929	-0.01015790
-339.14953596	-0.01075805
-339.11620263	-0.01111185
-339.08286929	-0.01139091
-339.04953596	-0.01153072
-339.01620262	-0.01156051
-338.98286929	-0.01143051
-338.94953595	-0.01124315
-338.91620262	-0.01094646
-338.88286928	-0.01052214
-338.84953595	-0.01008303
-338.81620261	-0.00948507
-338.78286928	-0.00889964
-338.74953595	-0.00829254
-338.71620261	-0.00748276
-338.68286928	-0.00669780
-338.64953594	-0.00582865
-338.61620261	-0.00499133
-338.58286927	-0.00393274
-338.54953594	-0.00310156
-338.51620260	-0.00214537
-338.48286927	-0.00127854
-338.44953593	-0.00048468
-338.41620260	0.00023292
-338.38286927	0.00079994
-338.34953593	0.00121760
-338.31620260	0.00148629
-338.28286926	0.00161048
-338.24953593	0.00155214
-338.21620259	0.00144763
-338.18286926	0.00141065
-338.14953592	0.00134452
-338.11620259	0.00121583
-338.08286926	0.00130611
-338.04953592	0.00140108
-338.01620259	0.00158109
-337.98286925	0.00188748
-337.94953592	0.00229584
-337.91620258	0.00268621
-337.88286925	0.00293135
-337.84953591	0.00319774
-337.81620258	0.00340562
-337.78286924	0.00355187
-337.74953591	0.00347585
-337.71620258	0.00350208
-337.68286924	0.00326559
-337.64953591	0.00283072
-337.61620257	0.00238936
-337.58286924	0.00177908
-337.54953590	0.00127115
-337.51620257	0.00057880
-337.48286923	0.00003157
-337.44953590	-0.00047220
-337.41620257	-0.00092133
-337.38286923	-0.00129614
-337.34953590	-0.00148812
-337.31620256	-0.00154580
-337.28286923	-0.00143974
-337.24953589	-0.00124953
-337.21620256	-0.00097048
-337.18286922	-0.00053124
-337.14953589	-0.00002832
-337.11620255	0.00044753
-337.08286922	0.00099974
-337.04953589	0.00156999
-337.01620255	0.00209930
-336.98286922	0.00253132
-336.94953588	0.00293553
-336.91620255	0.00325999
-336.88286921	0.00342490
-336.84953588	0.00352731
-336.81620254	0.00357416
-336.78286921	0.00359552
-336.74953587	0.00343549
-336.71620254	0.00328332
-336.68286921	0.00308265
-336.64953587	0.00278135
-336.61620254	0.00239792
-336.58286920	0.00208418
-336.54953587	0.00169654
-336.51620253	0.00128862
-336.48286920	0.00091820
-336.44953586	0.00063068
-336.41620253	0.00039252
-336.38286920	0.00018896
-336.34953586	0.00002483
-336.31620253	-0.00006033
-336.28286919	-0.00012813
-336.24953586	-0.00013847
-336.21620252	-0.00016205
-336.18286919	-0.00013135
-336.14953585	-0.00001543
-336.11620252	0.00001935
-336.08286918	0.00005241
-336.04953585	0.00011770
-336.01620252	0.00017993
-335.98286918	0.00019106
-335.94953585	0.00021747
-335.91620251	0.00020354
-335.88286918	0.00019114
-335.84953584	0.00013684
-335.81620251	0.00007669
-335.78286917	-0.00001939
-335.74953584	-0.00016162
-335.71620251	-0.00032108
-335.68286917	-0.00046235
-335.64953584	-0.00059376
-335.61620250	-0.00074181
-335.58286917	-0.00085927
-335.54953583	-0.00094619
-335.51620250	-0.00098344
-335.48286916	-0.00100371
-335.44953583	-0.00097369
-335.41620249	-0.00092127
-335.38286916	-0.00081163
-335.34953583	-0.00069356
-335.31620249	-0.00057796
-335.28286916	-0.00043876
-335.24953582	-0.00031311
-335.21620249	-0.00021928
-335.18286915	-0.00013438
-335.14953582	-0.00006023
-335.11620248	0.00000141
-335.08286915	0.00004099
-335.04953581	0.00009243
-335.01620248	0.00012398
-334.98286915	0.00014970
-334.94953581	0.00019000
-334.91620248	0.00021013
-334.88286914	0.00021374
-334.84953581	0.00022043
-334.81620247	0.00022802
-334.78286914	0.00022466
-334.74953580	0.00021568
-334.71620247	0.00020197
-334.68286914	0.00018315
-334.64953580	0.00016944
-334.61620247	0.00014472
-334.58286913	0.00011975
-334.54953580	0.00010821
-334.51620246	0.00009281
-334.48286913	0.00008635
-334.44953579	0.00007838
-334.41620246	0.00007603
-334.38286912	0.00007617
-334.34953579	0.00007641
-334.31620246	0.00007781
-334.28286912	0.00007541
-334.24953579	0.00007222
-334.21620245	0.00006555
-334.18286912	0.00005728
-334.14953578	0.00004742
-334.11620245	0.00003712
-334.08286911	0.00002701
-334.04953578	0.00001770
-334.01620244	0.00001051
-333.98286911	0.00000528
-333.94953578	0.00000200
-333.91620244	0.00000039
-333.88286911	-0.00000002
-333.84953577	0.00000000
