# Menlo Systems GmbH ScanControl
# Program Version 1.7.0+git.a90605a3
# Start: -433.90000000 ps, Average over 3000 waveforms. Timestamp: 2024-05-07T15:15:34
# Window type: Tukey, parameters: alpha = 0.1
# User time axis shift: 0 ps
# Time axis offset: 0 ps
# Time [ps]	THz Signal [a.u.]
-433.81620601	0.00000000
-433.78287275	-0.00000001
-433.74953949	-0.00000005
-433.71620623	-0.00000002
-433.68287297	0.00000004
-433.64953972	0.00000000
-433.61620646	-0.00000036
-433.58287320	-0.00000013
-433.54953994	-0.00000049
-433.51620668	-0.00000045
-433.48287342	0.00000055
-433.44954016	0.00000008
-433.41620691	0.00000030
-433.38287365	0.00000028
-433.34954039	0.00000038
-433.31620713	-0.00000126
-433.28287387	-0.00000041
-433.24954061	0.00000042
-433.21620736	0.00000002
-433.18287410	0.00000094
-433.14954084	0.00000103
-433.11620758	0.00000243
-433.08287432	-0.00000188
-433.04954106	0.00000166
-433.01620781	0.00000417
-432.98287455	0.00000567
-432.94954129	0.00000391
-432.91620803	0.00000303
-432.88287477	0.00000818
-432.84954151	0.00000802
-432.81620826	0.00000842
-432.78287500	0.00001123
-432.74954174	0.00001746
-432.71620848	0.00001353
-432.68287522	0.00002593
-432.64954196	0.00001709
-432.61620871	0.00002433
-432.58287545	0.00002099
-432.54954219	0.00001079
-432.51620893	0.00002046
-432.48287567	0.00003029
-432.44954241	0.00001500
-432.41620916	0.00002491
-432.38287590	0.00002433
-432.34954264	0.00003128
-432.31620938	0.00004375
-432.28287612	0.00003624
-432.24954286	0.00005096
-432.21620961	0.00003705
-432.18287635	0.00003997
-432.14954309	0.00002330
-432.11620983	0.00004667
-432.08287657	0.00004930
-432.04954331	0.00004897
-432.01621006	0.00005567
-431.98287680	0.00003877
-431.94954354	0.00003895
-431.91621028	0.00006193
-431.88287702	0.00005739
-431.84954376	0.00004347
-431.81621051	0.00005718
-431.78287725	0.00005695
-431.74954399	0.00005421
-431.71621073	0.00006704
-431.68287747	0.00004451
-431.64954421	0.00003638
-431.61621096	0.00004335
-431.58287770	0.00006461
-431.54954444	0.00003912
-431.51621118	0.00006588
-431.48287792	0.00007828
-431.44954466	0.00006028
-431.41621141	0.00005177
-431.38287815	0.00007549
-431.34954489	0.00005489
-431.31621163	0.00008052
-431.28287837	0.00010040
-431.24954511	0.00008658
-431.21621186	0.00005685
-431.18287860	0.00007317
-431.14954534	0.00007165
-431.11621208	0.00008858
-431.08287882	0.00011648
-431.04954556	0.00008357
-431.01621231	0.00010678
-430.98287905	0.00004868
-430.94954579	0.00009081
-430.91621253	0.00012176
-430.88287927	0.00011970
-430.84954601	0.00009923
-430.81621276	0.00010160
-430.78287950	0.00010279
-430.74954624	0.00012778
-430.71621298	0.00002797
-430.68287972	0.00008713
-430.64954646	0.00012296
-430.61621321	0.00009448
-430.58287995	0.00015821
-430.54954669	0.00009396
-430.51621343	0.00011371
-430.48288017	0.00011486
-430.44954691	0.00009615
-430.41621366	0.00002223
-430.38288040	0.00011133
-430.34954714	0.00010290
-430.31621388	0.00008560
-430.28288062	0.00007172
-430.24954736	0.00010326
-430.21621411	0.00012218
-430.18288085	0.00005300
-430.14954759	0.00006295
-430.11621433	0.00011992
-430.08288107	0.00003791
-430.04954781	0.00009328
-430.01621456	0.00003139
-429.98288130	0.00008717
-429.94954804	0.00010757
-429.91621478	0.00004957
-429.88288152	0.00009595
-429.84954826	0.00002802
-429.81621501	0.00008574
-429.78288175	0.00004656
-429.74954849	0.00005791
-429.71621523	0.00009298
-429.68288197	0.00008017
-429.64954871	0.00011817
-429.61621545	0.00008370
-429.58288220	0.00005861
-429.54954894	0.00006116
-429.51621568	0.00007476
-429.48288242	0.00009636
-429.44954916	0.00002317
-429.41621590	0.00011479
-429.38288265	0.00006899
-429.34954939	-0.00004496
-429.31621613	0.00014129
-429.28288287	0.00007447
-429.24954961	0.00013566
-429.21621635	0.00004069
-429.18288310	0.00012632
-429.14954984	0.00009011
-429.11621658	0.00008059
-429.08288332	0.00011779
-429.04955006	0.00008515
-429.01621680	0.00013533
-428.98288355	0.00000947
-428.94955029	0.00005772
-428.91621703	0.00008899
-428.88288377	0.00011169
-428.84955051	0.00005637
-428.81621725	0.00004718
-428.78288400	0.00004295
-428.74955074	0.00014276
-428.71621748	0.00011685
-428.68288422	0.00008120
-428.64955096	0.00010216
-428.61621770	0.00010986
-428.58288445	0.00004429
-428.54955119	0.00002040
-428.51621793	0.00005108
-428.48288467	0.00013251
-428.44955141	0.00008362
-428.41621815	0.00012650
-428.38288490	0.00004534
-428.34955164	0.00009796
-428.31621838	0.00008968
-428.28288512	0.00007795
-428.24955186	0.00011891
-428.21621860	0.00012215
-428.18288535	0.00015941
-428.14955209	0.00007744
-428.11621883	0.00015385
-428.08288557	0.00013093
-428.04955231	0.00013613
-428.01621905	0.00007970
-427.98288580	0.00010294
-427.94955254	0.00013903
-427.91621928	0.00010910
-427.88288602	0.00008208
-427.84955276	0.00011600
-427.81621950	0.00017699
-427.78288625	0.00014669
-427.74955299	0.00012985
-427.71621973	0.00011601
-427.68288647	0.00010791
-427.64955321	0.00009464
-427.61621995	0.00015331
-427.58288670	0.00009856
-427.54955344	0.00013973
-427.51622018	0.00019108
-427.48288692	0.00010575
-427.44955366	0.00009186
-427.41622040	0.00009750
-427.38288715	0.00014868
-427.34955389	0.00010811
-427.31622063	0.00011335
-427.28288737	0.00015366
-427.24955411	0.00000950
-427.21622085	0.00004285
-427.18288760	0.00004356
-427.14955434	0.00003670
-427.11622108	0.00003547
-427.08288782	-0.00000211
-427.04955456	0.00005006
-427.01622130	0.00002703
-426.98288805	0.00004618
-426.94955479	0.00009564
-426.91622153	0.00007379
-426.88288827	0.00007547
-426.84955501	0.00006549
-426.81622175	-0.00000947
-426.78288850	0.00013777
-426.74955524	0.00007973
-426.71622198	0.00004560
-426.68288872	0.00013452
-426.64955546	0.00009499
-426.61622220	0.00002706
-426.58288895	0.00004106
-426.54955569	0.00012839
-426.51622243	0.00013005
-426.48288917	0.00012203
-426.44955591	0.00010652
-426.41622265	0.00016128
-426.38288940	0.00022311
-426.34955614	0.00012502
-426.31622288	0.00015165
-426.28288962	0.00026890
-426.24955636	0.00023341
-426.21622310	0.00024363
-426.18288985	0.00022509
-426.14955659	0.00029754
-426.11622333	0.00021656
-426.08289007	0.00026494
-426.04955681	0.00026753
-426.01622355	0.00026526
-425.98289029	0.00031683
-425.94955704	0.00029069
-425.91622378	0.00028535
-425.88289052	0.00030083
-425.84955726	0.00038904
-425.81622400	0.00029802
-425.78289074	0.00033538
-425.74955749	0.00031286
-425.71622423	0.00034429
-425.68289097	0.00035550
-425.64955771	0.00034993
-425.61622445	0.00041237
-425.58289119	0.00038428
-425.54955794	0.00038074
-425.51622468	0.00035619
-425.48289142	0.00040960
-425.44955816	0.00036644
-425.41622490	0.00042193
-425.38289164	0.00045259
-425.34955839	0.00040433
-425.31622513	0.00033739
-425.28289187	0.00035090
-425.24955861	0.00029033
-425.21622535	0.00032508
-425.18289209	0.00030229
-425.14955884	0.00038556
-425.11622558	0.00033204
-425.08289232	0.00034401
-425.04955906	0.00032471
-425.01622580	0.00028471
-424.98289254	0.00030646
-424.94955929	0.00020961
-424.91622603	0.00027898
-424.88289277	0.00020109
-424.84955951	0.00022334
-424.81622625	0.00025192
-424.78289299	0.00019431
-424.74955974	0.00019247
-424.71622648	0.00014733
-424.68289322	0.00019154
-424.64955996	0.00023905
-424.61622670	0.00021705
-424.58289344	0.00020385
-424.54956019	0.00022309
-424.51622693	0.00017944
-424.48289367	0.00022772
-424.44956041	0.00027722
-424.41622715	0.00017138
-424.38289389	0.00018912
-424.34956064	0.00019338
-424.31622738	0.00018718
-424.28289412	0.00022978
-424.24956086	0.00026581
-424.21622760	0.00026546
-424.18289434	0.00028086
-424.14956109	0.00022326
-424.11622783	0.00028537
-424.08289457	0.00022891
-424.04956131	0.00030891
-424.01622805	0.00030588
-423.98289479	0.00030173
-423.94956154	0.00038422
-423.91622828	0.00037594
-423.88289502	0.00035671
-423.84956176	0.00036098
-423.81622850	0.00039204
-423.78289524	0.00035088
-423.74956199	0.00038901
-423.71622873	0.00042201
-423.68289547	0.00048823
-423.64956221	0.00046605
-423.61622895	0.00043544
-423.58289569	0.00044545
-423.54956244	0.00043275
-423.51622918	0.00048530
-423.48289592	0.00048957
-423.44956266	0.00056878
-423.41622940	0.00063553
-423.38289614	0.00058310
-423.34956289	0.00063039
-423.31622963	0.00061982
-423.28289637	0.00065806
-423.24956311	0.00063355
-423.21622985	0.00066840
-423.18289659	0.00064921
-423.14956334	0.00065239
-423.11623008	0.00059063
-423.08289682	0.00059261
-423.04956356	0.00066682
-423.01623030	0.00060497
-422.98289704	0.00065739
-422.94956379	0.00063234
-422.91623053	0.00063658
-422.88289727	0.00063110
-422.84956401	0.00062460
-422.81623075	0.00063108
-422.78289749	0.00063385
-422.74956424	0.00062390
-422.71623098	0.00056501
-422.68289772	0.00063993
-422.64956446	0.00059456
-422.61623120	0.00060039
-422.58289794	0.00056487
-422.54956469	0.00058740
-422.51623143	0.00059457
-422.48289817	0.00064527
-422.44956491	0.00054531
-422.41623165	0.00053777
-422.38289839	0.00052792
-422.34956513	0.00051959
-422.31623188	0.00057660
-422.28289862	0.00052692
-422.24956536	0.00063160
-422.21623210	0.00050479
-422.18289884	0.00053170
-422.14956558	0.00059174
-422.11623233	0.00063112
-422.08289907	0.00051833
-422.04956581	0.00062248
-422.01623255	0.00066317
-421.98289929	0.00065706
-421.94956603	0.00066255
-421.91623278	0.00064211
-421.88289952	0.00066837
-421.84956626	0.00067237
-421.81623300	0.00072201
-421.78289974	0.00074406
-421.74956648	0.00081546
-421.71623323	0.00084555
-421.68289997	0.00076026
-421.64956671	0.00089215
-421.61623345	0.00095342
-421.58290019	0.00096083
-421.54956693	0.00103993
-421.51623368	0.00112948
-421.48290042	0.00119270
-421.44956716	0.00122862
-421.41623390	0.00122650
-421.38290064	0.00125879
-421.34956738	0.00137886
-421.31623413	0.00144992
-421.28290087	0.00148630
-421.24956761	0.00159768
-421.21623435	0.00153257
-421.18290109	0.00165581
-421.14956783	0.00166390
-421.11623458	0.00175586
-421.08290132	0.00175733
-421.04956806	0.00185593
-421.01623480	0.00183783
-420.98290154	0.00182107
-420.94956828	0.00178302
-420.91623503	0.00168038
-420.88290177	0.00158119
-420.84956851	0.00143091
-420.81623525	0.00129185
-420.78290199	0.00097370
-420.74956873	0.00077265
-420.71623548	0.00039549
-420.68290222	0.00003846
-420.64956896	-0.00034867
-420.61623570	-0.00081494
-420.58290244	-0.00126288
-420.54956918	-0.00177629
-420.51623593	-0.00225501
-420.48290267	-0.00288114
-420.44956941	-0.00332185
-420.41623615	-0.00388773
-420.38290289	-0.00425837
-420.34956963	-0.00471824
-420.31623638	-0.00499404
-420.28290312	-0.00543478
-420.24956986	-0.00556240
-420.21623660	-0.00562042
-420.18290334	-0.00572866
-420.14957008	-0.00563025
-420.11623683	-0.00535856
-420.08290357	-0.00502280
-420.04957031	-0.00462725
-420.01623705	-0.00403354
-419.98290379	-0.00343453
-419.94957053	-0.00259439
-419.91623728	-0.00174337
-419.88290402	-0.00079910
-419.84957076	0.00026261
-419.81623750	0.00132968
-419.78290424	0.00234960
-419.74957098	0.00352485
-419.71623773	0.00460520
-419.68290447	0.00559794
-419.64957121	0.00648428
-419.61623795	0.00725185
-419.58290469	0.00781260
-419.54957143	0.00828224
-419.51623818	0.00840287
-419.48290492	0.00844969
-419.44957166	0.00821589
-419.41623840	0.00786567
-419.38290514	0.00721045
-419.34957188	0.00656141
-419.31623863	0.00566150
-419.28290537	0.00475797
-419.24957211	0.00372348
-419.21623885	0.00264583
-419.18290559	0.00174232
-419.14957233	0.00079003
-419.11623908	0.00007691
-419.08290582	-0.00053479
-419.04957256	-0.00096965
-419.01623930	-0.00126103
-418.98290604	-0.00138778
-418.94957278	-0.00149870
-418.91623953	-0.00133134
-418.88290627	-0.00105266
-418.84957301	-0.00084475
-418.81623975	-0.00061308
-418.78290649	-0.00027814
-418.74957323	0.00004278
-418.71623997	0.00021877
-418.68290672	0.00035063
-418.64957346	0.00053893
-418.61624020	0.00060946
-418.58290694	0.00057509
-418.54957368	0.00061362
-418.51624042	0.00056287
-418.48290717	0.00043355
-418.44957391	0.00030336
-418.41624065	0.00025615
-418.38290739	0.00011304
-418.34957413	0.00009533
-418.31624087	0.00006730
-418.28290762	-0.00001278
-418.24957436	0.00006443
-418.21624110	0.00001196
-418.18290784	0.00003046
-418.14957458	0.00007488
-418.11624132	0.00020280
-418.08290807	0.00031538
-418.04957481	0.00032100
-418.01624155	0.00035848
-417.98290829	0.00042312
-417.94957503	0.00049314
-417.91624177	0.00059420
-417.88290852	0.00059919
-417.84957526	0.00058841
-417.81624200	0.00060250
-417.78290874	0.00060261
-417.74957548	0.00058908
-417.71624222	0.00057597
-417.68290897	0.00047808
-417.64957571	0.00040683
-417.61624245	0.00048009
-417.58290919	0.00045296
-417.54957593	0.00037490
-417.51624267	0.00034679
-417.48290942	0.00035215
-417.44957616	0.00031325
-417.41624290	0.00019619
-417.38290964	0.00024207
-417.34957638	0.00017987
-417.31624312	0.00015686
-417.28290987	0.00015203
-417.24957661	0.00018893
-417.21624335	0.00005537
-417.18291009	0.00012747
-417.14957683	0.00003651
-417.11624357	0.00001397
-417.08291032	0.00007241
-417.04957706	0.00010616
-417.01624380	0.00015217
-416.98291054	0.00021779
-416.94957728	0.00026464
-416.91624402	0.00033062
-416.88291077	0.00043961
-416.84957751	0.00053935
-416.81624425	0.00070166
-416.78291099	0.00084153
-416.74957773	0.00097279
-416.71624447	0.00111117
-416.68291122	0.00123966
-416.64957796	0.00131887
-416.61624470	0.00143638
-416.58291144	0.00151234
-416.54957818	0.00164431
-416.51624492	0.00158798
-416.48291167	0.00158522
-416.44957841	0.00159808
-416.41624515	0.00154712
-416.38291189	0.00154346
-416.34957863	0.00139029
-416.31624537	0.00129488
-416.28291212	0.00112983
-416.24957886	0.00099380
-416.21624560	0.00084451
-416.18291234	0.00061764
-416.14957908	0.00040878
-416.11624582	0.00020711
-416.08291257	0.00003187
-416.04957931	-0.00018130
-416.01624605	-0.00031981
-415.98291279	-0.00047114
-415.94957953	-0.00064538
-415.91624627	-0.00076248
-415.88291302	-0.00088649
-415.84957976	-0.00105144
-415.81624650	-0.00110128
-415.78291324	-0.00123629
-415.74957998	-0.00127958
-415.71624672	-0.00130823
-415.68291347	-0.00130498
-415.64958021	-0.00133720
-415.61624695	-0.00128287
-415.58291369	-0.00131389
-415.54958043	-0.00114846
-415.51624717	-0.00103626
-415.48291392	-0.00075355
-415.44958066	-0.00072454
-415.41624740	-0.00044465
-415.38291414	-0.00020958
-415.34958088	0.00009756
-415.31624762	0.00040463
-415.28291437	0.00071112
-415.24958111	0.00107859
-415.21624785	0.00140540
-415.18291459	0.00163456
-415.14958133	0.00198611
-415.11624807	0.00211603
-415.08291481	0.00239463
-415.04958156	0.00256010
-415.01624830	0.00261298
-414.98291504	0.00263449
-414.94958178	0.00261878
-414.91624852	0.00255001
-414.88291526	0.00244973
-414.84958201	0.00226207
-414.81624875	0.00198948
-414.78291549	0.00186142
-414.74958223	0.00163089
-414.71624897	0.00135765
-414.68291571	0.00125641
-414.64958246	0.00105332
-414.61624920	0.00092914
-414.58291594	0.00082026
-414.54958268	0.00074748
-414.51624942	0.00066187
-414.48291616	0.00059430
-414.44958291	0.00060759
-414.41624965	0.00055290
-414.38291639	0.00056000
-414.34958313	0.00060121
-414.31624987	0.00058860
-414.28291661	0.00064392
-414.24958336	0.00067339
-414.21625010	0.00066135
-414.18291684	0.00066990
-414.14958358	0.00071730
-414.11625032	0.00076705
-414.08291706	0.00081699
-414.04958381	0.00077128
-414.01625055	0.00082989
-413.98291729	0.00089443
-413.94958403	0.00085640
-413.91625077	0.00093247
-413.88291751	0.00091492
-413.84958426	0.00093260
-413.81625100	0.00096431
-413.78291774	0.00090986
-413.74958448	0.00091019
-413.71625122	0.00092221
-413.68291796	0.00094583
-413.64958471	0.00086792
-413.61625145	0.00088288
-413.58291819	0.00084876
-413.54958493	0.00083642
-413.51625167	0.00084776
-413.48291841	0.00077957
-413.44958516	0.00083468
-413.41625190	0.00080942
-413.38291864	0.00075728
-413.34958538	0.00073466
-413.31625212	0.00069832
-413.28291886	0.00077228
-413.24958561	0.00078050
-413.21625235	0.00068073
-413.18291909	0.00072713
-413.14958583	0.00076827
-413.11625257	0.00066173
-413.08291931	0.00074766
-413.04958606	0.00069476
-413.01625280	0.00073885
-412.98291954	0.00072910
-412.94958628	0.00077266
-412.91625302	0.00085693
-412.88291976	0.00074907
-412.84958651	0.00069049
-412.81625325	0.00074503
-412.78291999	0.00077217
-412.74958673	0.00072733
-412.71625347	0.00067849
-412.68292021	0.00071743
-412.64958696	0.00068622
-412.61625370	0.00065012
-412.58292044	0.00059259
-412.54958718	0.00059292
-412.51625392	0.00060464
-412.48292066	0.00059331
-412.44958741	0.00048314
-412.41625415	0.00045258
-412.38292089	0.00054335
-412.34958763	0.00050272
-412.31625437	0.00045556
-412.28292111	0.00045086
-412.24958786	0.00033420
-412.21625460	0.00035880
-412.18292134	0.00043668
-412.14958808	0.00031112
-412.11625482	0.00030076
-412.08292156	0.00034164
-412.04958831	0.00025760
-412.01625505	0.00020550
-411.98292179	0.00017683
-411.94958853	0.00005568
-411.91625527	-0.00002397
-411.88292201	-0.00009623
-411.84958876	-0.00024845
-411.81625550	-0.00039845
-411.78292224	-0.00057150
-411.74958898	-0.00068372
-411.71625572	-0.00097938
-411.68292246	-0.00123893
-411.64958921	-0.00145877
-411.61625595	-0.00174181
-411.58292269	-0.00197716
-411.54958943	-0.00241702
-411.51625617	-0.00270970
-411.48292291	-0.00313151
-411.44958966	-0.00338288
-411.41625640	-0.00374074
-411.38292314	-0.00411853
-411.34958988	-0.00434109
-411.31625662	-0.00456480
-411.28292336	-0.00486335
-411.24959010	-0.00504530
-411.21625685	-0.00517748
-411.18292359	-0.00529230
-411.14959033	-0.00518946
-411.11625707	-0.00520134
-411.08292381	-0.00505248
-411.04959055	-0.00487624
-411.01625730	-0.00465342
-410.98292404	-0.00444400
-410.94959078	-0.00408982
-410.91625752	-0.00365059
-410.88292426	-0.00319964
-410.84959100	-0.00274704
-410.81625775	-0.00210662
-410.78292449	-0.00157386
-410.74959123	-0.00084823
-410.71625797	-0.00008674
-410.68292471	0.00074144
-410.64959145	0.00149472
-410.61625820	0.00235915
-410.58292494	0.00313396
-410.54959168	0.00381613
-410.51625842	0.00438054
-410.48292516	0.00481896
-410.44959190	0.00509246
-410.41625865	0.00521694
-410.38292539	0.00523462
-410.34959213	0.00504681
-410.31625887	0.00463635
-410.28292561	0.00417421
-410.24959235	0.00352768
-410.21625910	0.00283657
-410.18292584	0.00233124
-410.14959258	0.00172145
-410.11625932	0.00124697
-410.08292606	0.00089641
-410.04959280	0.00067505
-410.01625955	0.00068907
-409.98292629	0.00080400
-409.94959303	0.00113205
-409.91625977	0.00153279
-409.88292651	0.00221491
-409.84959325	0.00291706
-409.81626000	0.00381851
-409.78292674	0.00473633
-409.74959348	0.00572591
-409.71626022	0.00686747
-409.68292696	0.00799263
-409.64959370	0.00929658
-409.61626045	0.01062885
-409.58292719	0.01205814
-409.54959393	0.01350871
-409.51626067	0.01501410
-409.48292741	0.01668586
-409.44959415	0.01853527
-409.41626090	0.02057644
-409.38292764	0.02279552
-409.34959438	0.02504809
-409.31626112	0.02767870
-409.28292786	0.03048153
-409.24959460	0.03344419
-409.21626135	0.03666087
-409.18292809	0.04010403
-409.14959483	0.04395211
-409.11626157	0.04788563
-409.08292831	0.05214806
-409.04959505	0.05657753
-409.01626180	0.06125696
-408.98292854	0.06619380
-408.94959528	0.07142088
-408.91626202	0.07676823
-408.88292876	0.08235523
-408.84959550	0.08805215
-408.81626225	0.09385436
-408.78292899	0.09962460
-408.74959573	0.10547592
-408.71626247	0.11125669
-408.68292921	0.11684199
-408.64959595	0.12201593
-408.61626270	0.12665002
-408.58292944	0.13047437
-408.54959618	0.13319468
-408.51626292	0.13443448
-408.48292966	0.13389580
-408.44959640	0.13113522
-408.41626315	0.12555485
-408.38292989	0.11661523
-408.34959663	0.10378212
-408.31626337	0.08695515
-408.28293011	0.06528543
-408.24959685	0.03859150
-408.21626360	0.00650470
-408.18293034	-0.03097255
-408.14959708	-0.07388969
-408.11626382	-0.12200703
-408.08293056	-0.17475816
-408.04959730	-0.23146913
-408.01626405	-0.29104669
-407.98293079	-0.35250374
-407.94959753	-0.41449516
-407.91626427	-0.47537268
-407.88293101	-0.53371014
-407.84959775	-0.58774766
-407.81626450	-0.63589749
-407.78293124	-0.67662040
-407.74959798	-0.70844012
-407.71626472	-0.73042305
-407.68293146	-0.74111780
-407.64959820	-0.73996345
-407.61626494	-0.72613294
-407.58293169	-0.69927131
-407.54959843	-0.65880743
-407.51626517	-0.60450506
-407.48293191	-0.53650168
-407.44959865	-0.45476497
-407.41626539	-0.35978394
-407.38293214	-0.25218203
-407.34959888	-0.13338052
-407.31626562	-0.00525141
-407.28293236	0.12978421
-407.24959910	0.26820033
-407.21626584	0.40602187
-407.18293259	0.53895840
-407.14959933	0.66244636
-407.11626607	0.77148164
-407.08293281	0.86164074
-407.04959955	0.92900300
-407.01626629	0.97042466
-406.98293304	0.98426570
-406.94959978	0.97008713
-406.91626652	0.92901387
-406.88293326	0.86340378
-406.84960000	0.77711159
-406.81626674	0.67443239
-406.78293349	0.56066901
-406.74960023	0.44104714
-406.71626697	0.32117061
-406.68293371	0.20570532
-406.64960045	0.09856186
-406.61626719	0.00325156
-406.58293394	-0.07795481
-406.54960068	-0.14361271
-406.51626742	-0.19331029
-406.48293416	-0.22721310
-406.44960090	-0.24631279
-406.41626764	-0.25235516
-406.38293439	-0.24725584
-406.34960113	-0.23352241
-406.31626787	-0.21343197
-406.28293461	-0.18921765
-406.24960135	-0.16316119
-406.21626809	-0.13718162
-406.18293484	-0.11267519
-406.14960158	-0.09075700
-406.11626832	-0.07208520
-406.08293506	-0.05676424
-406.04960180	-0.04483987
-406.01626854	-0.03586483
-405.98293529	-0.02959012
-405.94960203	-0.02552229
-405.91626877	-0.02320254
-405.88293551	-0.02234025
-405.84960225	-0.02249392
-405.81626899	-0.02329336
-405.78293574	-0.02442476
-405.74960248	-0.02561306
-405.71626922	-0.02629736
-405.68293596	-0.02638101
-405.64960270	-0.02563117
-405.61626944	-0.02408049
-405.58293619	-0.02186033
-405.54960293	-0.01937937
-405.51626967	-0.01700284
-405.48293641	-0.01531407
-405.44960315	-0.01448022
-405.41626989	-0.01478781
-405.38293664	-0.01602449
-405.34960338	-0.01804557
-405.31627012	-0.02007019
-405.28293686	-0.02179976
-405.24960360	-0.02272799
-405.21627034	-0.02251164
-405.18293709	-0.02113566
-405.14960383	-0.01872910
-405.11627057	-0.01551641
-405.08293731	-0.01197727
-405.04960405	-0.00852335
-405.01627079	-0.00565184
-404.98293754	-0.00343106
-404.94960428	-0.00201433
-404.91627102	-0.00152616
-404.88293776	-0.00198383
-404.84960450	-0.00311638
-404.81627124	-0.00505224
-404.78293799	-0.00771619
-404.74960473	-0.01096816
-404.71627147	-0.01458192
-404.68293821	-0.01857342
-404.64960495	-0.02264899
-404.61627169	-0.02645326
-404.58293844	-0.02984699
-404.54960518	-0.03246694
-404.51627192	-0.03438198
-404.48293866	-0.03526424
-404.44960540	-0.03534754
-404.41627214	-0.03468387
-404.38293889	-0.03338273
-404.34960563	-0.03143266
-404.31627237	-0.02911300
-404.28293911	-0.02650203
-404.24960585	-0.02363883
-404.21627259	-0.02050769
-404.18293934	-0.01725654
-404.14960608	-0.01400468
-404.11627282	-0.01089347
-404.08293956	-0.00783470
-404.04960630	-0.00502338
-404.01627304	-0.00251244
-403.98293978	-0.00025684
-403.94960653	0.00177831
-403.91627327	0.00354003
-403.88294001	0.00505889
-403.84960675	0.00591788
-403.81627349	0.00617222
-403.78294023	0.00556821
-403.74960698	0.00412116
-403.71627372	0.00179782
-403.68294046	-0.00142441
-403.64960720	-0.00537195
-403.61627394	-0.00985293
-403.58294068	-0.01451233
-403.54960743	-0.01912548
-403.51627417	-0.02348122
-403.48294091	-0.02722507
-403.44960765	-0.03034887
-403.41627439	-0.03257860
-403.38294113	-0.03382187
-403.34960788	-0.03415812
-403.31627462	-0.03338815
-403.28294136	-0.03170570
-403.24960810	-0.02906787
-403.21627484	-0.02572112
-403.18294158	-0.02199979
-403.14960833	-0.01803423
-403.11627507	-0.01424926
-403.08294181	-0.01073261
-403.04960855	-0.00775413
-403.01627529	-0.00545640
-402.98294203	-0.00371229
-402.94960878	-0.00250628
-402.91627552	-0.00149104
-402.88294226	-0.00066092
-402.84960900	0.00019802
-402.81627574	0.00131851
-402.78294248	0.00268070
-402.74960923	0.00447459
-402.71627597	0.00642535
-402.68294271	0.00850167
-402.64960945	0.01074406
-402.61627619	0.01301142
-402.58294293	0.01512838
-402.54960968	0.01686404
-402.51627642	0.01826398
-402.48294316	0.01940850
-402.44960990	0.01989363
-402.41627664	0.02000718
-402.38294338	0.01959963
-402.34961013	0.01871467
-402.31627687	0.01725548
-402.28294361	0.01556400
-402.24961035	0.01356811
-402.21627709	0.01146790
-402.18294383	0.00929774
-402.14961058	0.00738252
-402.11627732	0.00574993
-402.08294406	0.00438035
-402.04961080	0.00352478
-402.01627754	0.00291306
-401.98294428	0.00242179
-401.94961103	0.00220415
-401.91627777	0.00179682
-401.88294451	0.00124372
-401.84961125	0.00085198
-401.81627799	0.00012266
-401.78294473	-0.00048463
-401.74961148	-0.00115589
-401.71627822	-0.00167418
-401.68294496	-0.00205547
-401.64961170	-0.00215478
-401.61627844	-0.00204962
-401.58294518	-0.00166703
-401.54961193	-0.00116495
-401.51627867	-0.00051891
-401.48294541	0.00013383
-401.44961215	0.00079607
-401.41627889	0.00138955
-401.38294563	0.00196472
-401.34961238	0.00243273
-401.31627912	0.00274726
-401.28294586	0.00292917
-401.24961260	0.00304435
-401.21627934	0.00320190
-401.18294608	0.00332652
-401.14961283	0.00347696
-401.11627957	0.00374923
-401.08294631	0.00406151
-401.04961305	0.00454075
-401.01627979	0.00511025
-400.98294653	0.00567994
-400.94961328	0.00614781
-400.91628002	0.00672414
-400.88294676	0.00726644
-400.84961350	0.00767619
-400.81628024	0.00797073
-400.78294698	0.00822778
-400.74961373	0.00856307
-400.71628047	0.00874986
-400.68294721	0.00890918
-400.64961395	0.00916396
-400.61628069	0.00933078
-400.58294743	0.00953365
-400.54961418	0.00992559
-400.51628092	0.01035313
-400.48294766	0.01081806
-400.44961440	0.01144566
-400.41628114	0.01202958
-400.38294788	0.01254474
-400.34961462	0.01290143
-400.31628137	0.01292921
-400.28294811	0.01265304
-400.24961485	0.01216739
-400.21628159	0.01132424
-400.18294833	0.01018071
-400.14961507	0.00884021
-400.11628182	0.00754938
-400.08294856	0.00603716
-400.04961530	0.00463405
-400.01628204	0.00316377
-399.98294878	0.00159628
-399.94961552	0.00003659
-399.91628227	-0.00152813
-399.88294901	-0.00313681
-399.84961575	-0.00452376
-399.81628249	-0.00565134
-399.78294923	-0.00664174
-399.74961597	-0.00732997
-399.71628272	-0.00764227
-399.68294946	-0.00783625
-399.64961620	-0.00807576
-399.61628294	-0.00841220
-399.58294968	-0.00912709
-399.54961642	-0.01030548
-399.51628317	-0.01190989
-399.48294991	-0.01403617
-399.44961665	-0.01637748
-399.41628339	-0.01902661
-399.38295013	-0.02166844
-399.34961687	-0.02415127
-399.31628362	-0.02657418
-399.28295036	-0.02883990
-399.24961710	-0.03092289
-399.21628384	-0.03279814
-399.18295058	-0.03446424
-399.14961732	-0.03591434
-399.11628407	-0.03697836
-399.08295081	-0.03766130
-399.04961755	-0.03756441
-399.01628429	-0.03677828
-398.98295103	-0.03509308
-398.94961777	-0.03240028
-398.91628452	-0.02851783
-398.88295126	-0.02356504
-398.84961800	-0.01730983
-398.81628474	-0.00996635
-398.78295148	-0.00170104
-398.74961822	0.00739231
-398.71628497	0.01703803
-398.68295171	0.02667352
-398.64961845	0.03598457
-398.61628519	0.04430766
-398.58295193	0.05116890
-398.54961867	0.05591883
-398.51628542	0.05824514
-398.48295216	0.05784649
-398.44961890	0.05477775
-398.41628564	0.04909317
-398.38295238	0.04136269
-398.34961912	0.03202133
-398.31628587	0.02198874
-398.28295261	0.01181991
-398.24961935	0.00217677
-398.21628609	-0.00621669
-398.18295283	-0.01277576
-398.14961957	-0.01752600
-398.11628632	-0.02021044
-398.08295306	-0.02113397
-398.04961980	-0.02056102
-398.01628654	-0.01856814
-397.98295328	-0.01588017
-397.94962002	-0.01278601
-397.91628677	-0.00932364
-397.88295351	-0.00606981
-397.84962025	-0.00311720
-397.81628699	-0.00056197
-397.78295373	0.00170127
-397.74962047	0.00347430
-397.71628722	0.00485243
-397.68295396	0.00573776
-397.64962070	0.00638494
-397.61628744	0.00655975
-397.58295418	0.00634366
-397.54962092	0.00589878
-397.51628767	0.00516579
-397.48295441	0.00403651
-397.44962115	0.00294605
-397.41628789	0.00163090
-397.38295463	0.00043652
-397.34962137	-0.00066593
-397.31628812	-0.00162135
-397.28295486	-0.00205658
-397.24962160	-0.00233303
-397.21628834	-0.00235241
-397.18295508	-0.00181865
-397.14962182	-0.00118585
-397.11628857	-0.00035828
-397.08295531	0.00055486
-397.04962205	0.00130482
-397.01628879	0.00180179
-396.98295553	0.00230727
-396.94962227	0.00258227
-396.91628902	0.00276430
-396.88295576	0.00301763
-396.84962250	0.00342468
-396.81628924	0.00409117
-396.78295598	0.00502397
-396.74962272	0.00601882
-396.71628946	0.00712071
-396.68295621	0.00815748
-396.64962295	0.00887132
-396.61628969	0.00941044
-396.58295643	0.00945861
-396.54962317	0.00900313
-396.51628991	0.00813624
-396.48295666	0.00698870
-396.44962340	0.00565741
-396.41629014	0.00388610
-396.38295688	0.00198572
-396.34962362	-0.00008642
-396.31629036	-0.00223764
-396.28295711	-0.00465157
-396.24962385	-0.00706528
-396.21629059	-0.00935862
-396.18295733	-0.01151464
-396.14962407	-0.01318256
-396.11629081	-0.01445012
-396.08295756	-0.01504146
-396.04962430	-0.01496666
-396.01629104	-0.01421571
-395.98295778	-0.01284121
-395.94962452	-0.01114881
-395.91629126	-0.00898131
-395.88295801	-0.00679980
-395.84962475	-0.00449213
-395.81629149	-0.00229703
-395.78295823	-0.00030139
-395.74962497	0.00173594
-395.71629171	0.00359087
-395.68295846	0.00532548
-395.64962520	0.00686134
-395.61629194	0.00823006
-395.58295868	0.00938677
-395.54962542	0.01030245
-395.51629216	0.01082258
-395.48295891	0.01098266
-395.44962565	0.01081980
-395.41629239	0.01027526
-395.38295913	0.00934224
-395.34962587	0.00797391
-395.31629261	0.00623816
-395.28295936	0.00419602
-395.24962610	0.00189443
-395.21629284	-0.00055083
-395.18295958	-0.00316848
-395.14962632	-0.00562028
-395.11629306	-0.00778869
-395.08295981	-0.00975858
-395.04962655	-0.01114121
-395.01629329	-0.01194537
-394.98296003	-0.01214053
-394.94962677	-0.01160573
-394.91629351	-0.01022510
-394.88296026	-0.00830750
-394.84962700	-0.00593102
-394.81629374	-0.00323030
-394.78296048	-0.00045487
-394.74962722	0.00220858
-394.71629396	0.00444851
-394.68296071	0.00607130
-394.64962745	0.00699152
-394.61629419	0.00720507
-394.58296093	0.00658467
-394.54962767	0.00524347
-394.51629441	0.00347731
-394.48296116	0.00125848
-394.44962790	-0.00124745
-394.41629464	-0.00376029
-394.38296138	-0.00614896
-394.34962812	-0.00816308
-394.31629486	-0.00981417
-394.28296161	-0.01085302
-394.24962835	-0.01135986
-394.21629509	-0.01135325
-394.18296183	-0.01068115
-394.14962857	-0.00951990
-394.11629531	-0.00796666
-394.08296206	-0.00605502
-394.04962880	-0.00396199
-394.01629554	-0.00186057
-393.98296228	0.00015816
-393.94962902	0.00185640
-393.91629576	0.00325448
-393.88296251	0.00432690
-393.84962925	0.00482155
-393.81629599	0.00501353
-393.78296273	0.00493199
-393.74962947	0.00448263
-393.71629621	0.00390327
-393.68296296	0.00344107
-393.64962970	0.00297326
-393.61629644	0.00277430
-393.58296318	0.00254420
-393.54962992	0.00255418
-393.51629666	0.00262687
-393.48296341	0.00256519
-393.44963015	0.00252731
-393.41629689	0.00235968
-393.38296363	0.00209645
-393.34963037	0.00166089
-393.31629711	0.00121620
-393.28296386	0.00072947
-393.24963060	0.00035101
-393.21629734	0.00005598
-393.18296408	-0.00000084
-393.14963082	0.00009737
-393.11629756	0.00031928
-393.08296431	0.00056612
-393.04963105	0.00096938
-393.01629779	0.00137623
-392.98296453	0.00185398
-392.94963127	0.00217157
-392.91629801	0.00233399
-392.88296475	0.00235594
-392.84963150	0.00190574
-392.81629824	0.00110759
-392.78296498	-0.00024569
-392.74963172	-0.00209323
-392.71629846	-0.00424573
-392.68296520	-0.00674279
-392.64963195	-0.00933541
-392.61629869	-0.01179341
-392.58296543	-0.01388886
-392.54963217	-0.01537552
-392.51629891	-0.01619567
-392.48296565	-0.01627475
-392.44963240	-0.01552506
-392.41629914	-0.01408456
-392.38296588	-0.01219963
-392.34963262	-0.01001143
-392.31629936	-0.00755235
-392.28296610	-0.00510804
-392.24963285	-0.00275983
-392.21629959	-0.00055941
-392.18296633	0.00140345
-392.14963307	0.00318577
-392.11629981	0.00461250
-392.08296655	0.00587562
-392.04963330	0.00691200
-392.01630004	0.00777537
-391.98296678	0.00850165
-391.94963352	0.00895546
-391.91630026	0.00925698
-391.88296700	0.00940441
-391.84963375	0.00926466
-391.81630049	0.00894566
-391.78296723	0.00843004
-391.74963397	0.00765606
-391.71630071	0.00660846
-391.68296745	0.00530974
-391.64963420	0.00370149
-391.61630094	0.00193853
-391.58296768	0.00024556
-391.54963442	-0.00148321
-391.51630116	-0.00309672
-391.48296790	-0.00442705
-391.44963465	-0.00525255
-391.41630139	-0.00569713
-391.38296813	-0.00549262
-391.34963487	-0.00478123
-391.31630161	-0.00351603
-391.28296835	-0.00194794
-391.24963510	-0.00011504
-391.21630184	0.00181345
-391.18296858	0.00351113
-391.14963532	0.00482387
-391.11630206	0.00569340
-391.08296880	0.00578497
-391.04963555	0.00507736
-391.01630229	0.00365428
-390.98296903	0.00151436
-390.94963577	-0.00107064
-390.91630251	-0.00418473
-390.88296925	-0.00740795
-390.84963600	-0.01046789
-390.81630274	-0.01321663
-390.78296948	-0.01547676
-390.74963622	-0.01702046
-390.71630296	-0.01755794
-390.68296970	-0.01723798
-390.64963645	-0.01605442
-390.61630319	-0.01398788
-390.58296993	-0.01137592
-390.54963667	-0.00840329
-390.51630341	-0.00523417
-390.48297015	-0.00223937
-390.44963690	0.00064779
-390.41630364	0.00317167
-390.38297038	0.00525749
-390.34963712	0.00684861
-390.31630386	0.00796387
-390.28297060	0.00863864
-390.24963735	0.00886871
-390.21630409	0.00877323
-390.18297083	0.00824044
-390.14963757	0.00748110
-390.11630431	0.00633357
-390.08297105	0.00479715
-390.04963780	0.00293331
-390.01630454	0.00100628
-389.98297128	-0.00096351
-389.94963802	-0.00279611
-389.91630476	-0.00456117
-389.88297150	-0.00611043
-389.84963825	-0.00725652
-389.81630499	-0.00802106
-389.78297173	-0.00837287
-389.74963847	-0.00847420
-389.71630521	-0.00820394
-389.68297195	-0.00760757
-389.64963870	-0.00662480
-389.61630544	-0.00530095
-389.58297218	-0.00366337
-389.54963892	-0.00184327
-389.51630566	0.00007691
-389.48297240	0.00202430
-389.44963915	0.00396765
-389.41630589	0.00553185
-389.38297263	0.00671253
-389.34963937	0.00741443
-389.31630611	0.00749848
-389.28297285	0.00706934
-389.24963959	0.00617919
-389.21630634	0.00470697
-389.18297308	0.00300948
-389.14963982	0.00097494
-389.11630656	-0.00115483
-389.08297330	-0.00334150
-389.04964004	-0.00534939
-389.01630679	-0.00720037
-388.98297353	-0.00867551
-388.94964027	-0.00958328
-388.91630701	-0.01009843
-388.88297375	-0.01001168
-388.84964049	-0.00925745
-388.81630724	-0.00800576
-388.78297398	-0.00623902
-388.74964072	-0.00428355
-388.71630746	-0.00216112
-388.68297420	-0.00029536
-388.64964094	0.00146678
-388.61630769	0.00287859
-388.58297443	0.00382298
-388.54964117	0.00437916
-388.51630791	0.00462185
-388.48297465	0.00439360
-388.44964139	0.00398667
-388.41630814	0.00338745
-388.38297488	0.00278313
-388.34964162	0.00209762
-388.31630836	0.00152751
-388.28297510	0.00112173
-388.24964184	0.00087334
-388.21630859	0.00068034
-388.18297533	0.00060390
-388.14964207	0.00070726
-388.11630881	0.00092407
-388.08297555	0.00105071
-388.04964229	0.00119304
-388.01630904	0.00133257
-387.98297578	0.00149230
-387.94964252	0.00167313
-387.91630926	0.00198296
-387.88297600	0.00252507
-387.84964274	0.00305351
-387.81630949	0.00393984
-387.78297623	0.00504914
-387.74964297	0.00625580
-387.71630971	0.00769095
-387.68297645	0.00900251
-387.64964319	0.01030435
-387.61630994	0.01138801
-387.58297668	0.01220793
-387.54964342	0.01278995
-387.51631016	0.01274826
-387.48297690	0.01225188
-387.44964364	0.01127639
-387.41631039	0.00996346
-387.38297713	0.00839984
-387.34964387	0.00660798
-387.31631061	0.00481448
-387.28297735	0.00305322
-387.24964409	0.00165572
-387.21631084	0.00066898
-387.18297758	0.00019476
-387.14964432	0.00031666
-387.11631106	0.00099610
-387.08297780	0.00215465
-387.04964454	0.00375924
-387.01631129	0.00543204
-386.98297803	0.00710383
-386.94964477	0.00865238
-386.91631151	0.00993544
-386.88297825	0.01056017
-386.84964499	0.01068471
-386.81631174	0.01000315
-386.78297848	0.00862574
-386.74964522	0.00652451
-386.71631196	0.00371465
-386.68297870	0.00028512
-386.64964544	-0.00356578
-386.61631219	-0.00791275
-386.58297893	-0.01253543
-386.54964567	-0.01733081
-386.51631241	-0.02208054
-386.48297915	-0.02711224
-386.44964589	-0.03200393
-386.41631264	-0.03682215
-386.38297938	-0.04158959
-386.34964612	-0.04636443
-386.31631286	-0.05096757
-386.28297960	-0.05524407
-386.24964634	-0.05922507
-386.21631309	-0.06263660
-386.18297983	-0.06538781
-386.14964657	-0.06713856
-386.11631331	-0.06807324
-386.08298005	-0.06788895
-386.04964679	-0.06656598
-386.01631354	-0.06414533
-385.98298028	-0.06054366
-385.94964702	-0.05576869
-385.91631376	-0.04995303
-385.88298050	-0.04327211
-385.84964724	-0.03557016
-385.81631399	-0.02694988
-385.78298073	-0.01760055
-385.74964747	-0.00768109
-385.71631421	0.00299158
-385.68298095	0.01385481
-385.64964769	0.02481761
-385.61631443	0.03578971
-385.58298118	0.04654845
-385.54964792	0.05680678
-385.51631466	0.06616222
-385.48298140	0.07463592
-385.44964814	0.08184416
-385.41631488	0.08763173
-385.38298163	0.09181230
-385.34964837	0.09428951
-385.31631511	0.09476999
-385.28298185	0.09328305
-385.24964859	0.08975521
-385.21631533	0.08408626
-385.18298208	0.07630161
-385.14964882	0.06674077
-385.11631556	0.05557178
-385.08298230	0.04315159
-385.04964904	0.02998341
-385.01631578	0.01656503
-384.98298253	0.00329981
-384.94964927	-0.00912285
-384.91631601	-0.02012779
-384.88298275	-0.02942075
-384.84964949	-0.03665522
-384.81631623	-0.04166454
-384.78298298	-0.04441116
-384.74964972	-0.04494883
-384.71631646	-0.04353383
-384.68298320	-0.04027537
-384.64964994	-0.03551413
-384.61631668	-0.02981862
-384.58298343	-0.02334865
-384.54965017	-0.01662990
-384.51631691	-0.01005488
-384.48298365	-0.00404641
-384.44965039	0.00111119
-384.41631713	0.00509420
-384.38298388	0.00802513
-384.34965062	0.00984011
-384.31631736	0.01047359
-384.28298410	0.01025035
-384.24965084	0.00925908
-384.21631758	0.00776307
-384.18298433	0.00593065
-384.14965107	0.00394656
-384.11631781	0.00184078
-384.08298455	-0.00019277
-384.04965129	-0.00198260
-384.01631803	-0.00374744
-383.98298478	-0.00534891
-383.94965152	-0.00670667
-383.91631826	-0.00796916
-383.88298500	-0.00891843
-383.84965174	-0.00965568
-383.81631848	-0.01009061
-383.78298523	-0.01025713
-383.74965197	-0.01025125
-383.71631871	-0.00996255
-383.68298545	-0.00944905
-383.64965219	-0.00871143
-383.61631893	-0.00782504
-383.58298568	-0.00665919
-383.54965242	-0.00534771
-383.51631916	-0.00395031
-383.48298590	-0.00264962
-383.44965264	-0.00143664
-383.41631938	-0.00036682
-383.38298613	0.00053168
-383.34965287	0.00100264
-383.31631961	0.00112630
-383.28298635	0.00082417
-383.24965309	0.00024924
-383.21631983	-0.00054968
-383.18298658	-0.00155100
-383.14965332	-0.00258785
-383.11632006	-0.00361186
-383.08298680	-0.00443026
-383.04965354	-0.00508845
-383.01632028	-0.00541985
-382.98298703	-0.00555277
-382.94965377	-0.00544855
-382.91632051	-0.00499571
-382.88298725	-0.00420874
-382.84965399	-0.00327258
-382.81632073	-0.00224030
-382.78298748	-0.00101978
-382.74965422	0.00018249
-382.71632096	0.00129399
-382.68298770	0.00238693
-382.64965444	0.00312077
-382.61632118	0.00376077
-382.58298793	0.00413325
-382.54965467	0.00423886
-382.51632141	0.00409060
-382.48298815	0.00374437
-382.44965489	0.00328125
-382.41632163	0.00264135
-382.38298838	0.00198362
-382.34965512	0.00110437
-382.31632186	0.00027443
-382.28298860	-0.00047548
-382.24965534	-0.00121187
-382.21632208	-0.00195893
-382.18298883	-0.00265378
-382.14965557	-0.00335649
-382.11632231	-0.00391667
-382.08298905	-0.00435171
-382.04965579	-0.00489633
-382.01632253	-0.00537934
-381.98298927	-0.00568463
-381.94965602	-0.00600840
-381.91632276	-0.00621201
-381.88298950	-0.00628839
-381.84965624	-0.00632195
-381.81632298	-0.00625932
-381.78298972	-0.00606465
-381.74965647	-0.00575101
-381.71632321	-0.00553260
-381.68298995	-0.00527120
-381.64965669	-0.00509700
-381.61632343	-0.00495461
-381.58299017	-0.00479361
-381.54965692	-0.00470240
-381.51632366	-0.00463844
-381.48299040	-0.00437147
-381.44965714	-0.00402945
-381.41632388	-0.00360433
-381.38299062	-0.00292069
-381.34965737	-0.00209565
-381.31632411	-0.00102590
-381.28299085	0.00027900
-381.24965759	0.00169019
-381.21632433	0.00316825
-381.18299107	0.00482367
-381.14965782	0.00638234
-381.11632456	0.00766375
-381.08299130	0.00875333
-381.04965804	0.00953631
-381.01632478	0.00988575
-380.98299152	0.00988787
-380.94965827	0.00946285
-380.91632501	0.00876428
-380.88299175	0.00771755
-380.84965849	0.00668317
-380.81632523	0.00548681
-380.78299197	0.00418681
-380.74965872	0.00297081
-380.71632546	0.00172064
-380.68299220	0.00059997
-380.64965894	-0.00044647
-380.61632568	-0.00134945
-380.58299242	-0.00222015
-380.54965917	-0.00296024
-380.51632591	-0.00354682
-380.48299265	-0.00401609
-380.44965939	-0.00430841
-380.41632613	-0.00443790
-380.38299287	-0.00460565
-380.34965962	-0.00465375
-380.31632636	-0.00456505
-380.28299310	-0.00440440
-380.24965984	-0.00424223
-380.21632658	-0.00389869
-380.18299332	-0.00355632
-380.14966007	-0.00300032
-380.11632681	-0.00241288
-380.08299355	-0.00191630
-380.04966029	-0.00146822
-380.01632703	-0.00107985
-379.98299377	-0.00078119
-379.94966052	-0.00072212
-379.91632726	-0.00068284
-379.88299400	-0.00078818
-379.84966074	-0.00108097
-379.81632748	-0.00147701
-379.78299422	-0.00196457
-379.74966097	-0.00250122
-379.71632771	-0.00284865
-379.68299445	-0.00327821
-379.64966119	-0.00368419
-379.61632793	-0.00395332
-379.58299467	-0.00406833
-379.54966142	-0.00387252
-379.51632816	-0.00358883
-379.48299490	-0.00300693
-379.44966164	-0.00220796
-379.41632838	-0.00120742
-379.38299512	-0.00013438
-379.34966187	0.00119193
-379.31632861	0.00240439
-379.28299535	0.00356102
-379.24966209	0.00463864
-379.21632883	0.00554007
-379.18299557	0.00620403
-379.14966232	0.00672719
-379.11632906	0.00690913
-379.08299580	0.00683574
-379.04966254	0.00630237
-379.01632928	0.00554118
-378.98299602	0.00445938
-378.94966277	0.00324798
-378.91632951	0.00180792
-378.88299625	0.00029591
-378.84966299	-0.00108264
-378.81632973	-0.00245410
-378.78299647	-0.00351169
-378.74966322	-0.00427163
-378.71632996	-0.00460586
-378.68299670	-0.00462558
-378.64966344	-0.00431486
-378.61633018	-0.00380283
-378.58299692	-0.00290095
-378.54966367	-0.00183401
-378.51633041	-0.00068976
-378.48299715	0.00043766
-378.44966389	0.00153883
-378.41633063	0.00239962
-378.38299737	0.00295179
-378.34966411	0.00334924
-378.31633086	0.00329027
-378.28299760	0.00287160
-378.24966434	0.00224178
-378.21633108	0.00125088
-378.18299782	0.00006008
-378.14966456	-0.00123817
-378.11633131	-0.00267623
-378.08299805	-0.00411174
-378.04966479	-0.00555926
-378.01633153	-0.00682088
-377.98299827	-0.00802020
-377.94966501	-0.00895211
-377.91633176	-0.00951985
-377.88299850	-0.00988282
-377.84966524	-0.00989678
-377.81633198	-0.00963278
-377.78299872	-0.00905988
-377.74966546	-0.00810199
-377.71633221	-0.00707331
-377.68299895	-0.00570407
-377.64966569	-0.00432293
-377.61633243	-0.00294134
-377.58299917	-0.00144399
-377.54966591	-0.00012803
-377.51633266	0.00098566
-377.48299940	0.00200776
-377.44966614	0.00275310
-377.41633288	0.00324626
-377.38299962	0.00357556
-377.34966636	0.00371505
-377.31633311	0.00357625
-377.28299985	0.00325853
-377.24966659	0.00274473
-377.21633333	0.00203445
-377.18300007	0.00137414
-377.14966681	0.00050084
-377.11633356	-0.00016533
-377.08300030	-0.00075439
-377.04966704	-0.00115236
-377.01633378	-0.00136036
-376.98300052	-0.00137773
-376.94966726	-0.00117835
-376.91633401	-0.00068502
-376.88300075	-0.00006191
-376.84966749	0.00048706
-376.81633423	0.00116426
-376.78300097	0.00162509
-376.74966771	0.00199397
-376.71633446	0.00210488
-376.68300120	0.00206642
-376.64966794	0.00176755
-376.61633468	0.00135611
-376.58300142	0.00082492
-376.54966816	0.00009520
-376.51633491	-0.00068440
-376.48300165	-0.00134358
-376.44966839	-0.00213622
-376.41633513	-0.00278272
-376.38300187	-0.00333793
-376.34966861	-0.00368765
-376.31633536	-0.00375629
-376.28300210	-0.00367165
-376.24966884	-0.00334538
-376.21633558	-0.00276698
-376.18300232	-0.00200994
-376.14966906	-0.00113171
-376.11633581	-0.00008762
-376.08300255	0.00091547
-376.04966929	0.00194344
-376.01633603	0.00292581
-375.98300277	0.00386825
-375.94966951	0.00478715
-375.91633626	0.00566656
-375.88300300	0.00637170
-375.84966974	0.00719261
-375.81633648	0.00795815
-375.78300322	0.00855314
-375.74966996	0.00916724
-375.71633671	0.00956783
-375.68300345	0.00993558
-375.64967019	0.01011293
-375.61633693	0.01009087
-375.58300367	0.00985656
-375.54967041	0.00944576
-375.51633716	0.00869111
-375.48300390	0.00769379
-375.44967064	0.00642722
-375.41633738	0.00505879
-375.38300412	0.00350060
-375.34967086	0.00187012
-375.31633761	0.00022851
-375.28300435	-0.00122088
-375.24967109	-0.00252947
-375.21633783	-0.00363627
-375.18300457	-0.00447165
-375.14967131	-0.00507765
-375.11633806	-0.00538232
-375.08300480	-0.00539324
-375.04967154	-0.00517035
-375.01633828	-0.00481621
-374.98300502	-0.00431086
-374.94967176	-0.00376763
-374.91633851	-0.00324718
-374.88300525	-0.00286861
-374.84967199	-0.00268540
-374.81633873	-0.00269121
-374.78300547	-0.00280121
-374.74967221	-0.00317906
-374.71633896	-0.00374437
-374.68300570	-0.00456323
-374.64967244	-0.00530967
-374.61633918	-0.00621045
-374.58300592	-0.00720478
-374.54967266	-0.00793635
-374.51633940	-0.00859493
-374.48300615	-0.00903296
-374.44967289	-0.00925474
-374.41633963	-0.00922423
-374.38300637	-0.00896071
-374.34967311	-0.00843782
-374.31633985	-0.00780027
-374.28300660	-0.00683831
-374.24967334	-0.00578637
-374.21634008	-0.00447973
-374.18300682	-0.00304933
-374.14967356	-0.00165419
-374.11634030	-0.00023920
-374.08300705	0.00110318
-374.04967379	0.00224063
-374.01634053	0.00320172
-373.98300727	0.00387476
-373.94967401	0.00429567
-373.91634075	0.00449272
-373.88300750	0.00450760
-373.84967424	0.00444130
-373.81634098	0.00417448
-373.78300772	0.00388183
-373.74967446	0.00357462
-373.71634120	0.00331652
-373.68300795	0.00304590
-373.64967469	0.00272419
-373.61634143	0.00245365
-373.58300817	0.00218793
-373.54967491	0.00188528
-373.51634165	0.00165930
-373.48300840	0.00122586
-373.44967514	0.00098075
-373.41634188	0.00056239
-373.38300862	0.00025423
-373.34967536	0.00003608
-373.31634210	-0.00010522
-373.28300885	-0.00021602
-373.24967559	-0.00025014
-373.21634233	-0.00016072
-373.18300907	-0.00008644
-373.14967581	0.00000529
-373.11634255	0.00000323
-373.08300930	-0.00008825
-373.04967604	-0.00029554
-373.01634278	-0.00067233
-372.98300952	-0.00107065
-372.94967626	-0.00177658
-372.91634300	-0.00243905
-372.88300975	-0.00326664
-372.84967649	-0.00401855
-372.81634323	-0.00488626
-372.78300997	-0.00558129
-372.74967671	-0.00624598
-372.71634345	-0.00682316
-372.68301020	-0.00734633
-372.64967694	-0.00763600
-372.61634368	-0.00783327
-372.58301042	-0.00792003
-372.54967716	-0.00784263
-372.51634390	-0.00756788
-372.48301065	-0.00718224
-372.44967739	-0.00659237
-372.41634413	-0.00602311
-372.38301087	-0.00518471
-372.34967761	-0.00433261
-372.31634435	-0.00338003
-372.28301110	-0.00232753
-372.24967784	-0.00134762
-372.21634458	-0.00030734
-372.18301132	0.00077467
-372.14967806	0.00181941
-372.11634480	0.00281750
-372.08301155	0.00364381
-372.04967829	0.00441064
-372.01634503	0.00508984
-371.98301177	0.00549961
-371.94967851	0.00563009
-371.91634525	0.00551253
-371.88301200	0.00506100
-371.84967874	0.00447396
-371.81634548	0.00351475
-371.78301222	0.00247834
-371.74967896	0.00123695
-371.71634570	-0.00006663
-371.68301245	-0.00134677
-371.64967919	-0.00255613
-371.61634593	-0.00360794
-371.58301267	-0.00442351
-371.54967941	-0.00500254
-371.51634615	-0.00535971
-371.48301290	-0.00543290
-371.44967964	-0.00520397
-371.41634638	-0.00494165
-371.38301312	-0.00443711
-371.34967986	-0.00375109
-371.31634660	-0.00321186
-371.28301335	-0.00262459
-371.24968009	-0.00218160
-371.21634683	-0.00184317
-371.18301357	-0.00160311
-371.14968031	-0.00162659
-371.11634705	-0.00179158
-371.08301380	-0.00206276
-371.04968054	-0.00255254
-371.01634728	-0.00310769
-370.98301402	-0.00364346
-370.94968076	-0.00416218
-370.91634750	-0.00462594
-370.88301424	-0.00483302
-370.84968099	-0.00490884
-370.81634773	-0.00482073
-370.78301447	-0.00442134
-370.74968121	-0.00392046
-370.71634795	-0.00310307
-370.68301469	-0.00209937
-370.64968144	-0.00090791
-370.61634818	0.00053927
-370.58301492	0.00202105
-370.54968166	0.00358599
-370.51634840	0.00521931
-370.48301514	0.00695141
-370.44968189	0.00860598
-370.41634863	0.01026093
-370.38301537	0.01171236
-370.34968211	0.01311461
-370.31634885	0.01413764
-370.28301559	0.01496443
-370.24968234	0.01556325
-370.21634908	0.01571001
-370.18301582	0.01542484
-370.14968256	0.01487826
-370.11634930	0.01401140
-370.08301604	0.01278902
-370.04968279	0.01123628
-370.01634953	0.00940850
-369.98301627	0.00744741
-369.94968301	0.00545429
-369.91634975	0.00331693
-369.88301649	0.00128879
-369.84968324	-0.00052501
-369.81634998	-0.00204123
-369.78301672	-0.00332324
-369.74968346	-0.00408675
-369.71635020	-0.00429623
-369.68301694	-0.00412970
-369.64968369	-0.00345213
-369.61635043	-0.00248935
-369.58301717	-0.00111209
-369.54968391	0.00051544
-369.51635065	0.00218248
-369.48301739	0.00376572
-369.44968414	0.00520070
-369.41635088	0.00622363
-369.38301762	0.00703872
-369.34968436	0.00745774
-369.31635110	0.00727631
-369.28301784	0.00689265
-369.24968459	0.00613340
-369.21635133	0.00506579
-369.18301807	0.00374984
-369.14968481	0.00231501
-369.11635155	0.00087703
-369.08301829	-0.00051170
-369.04968504	-0.00187021
-369.01635178	-0.00313592
-368.98301852	-0.00422945
-368.94968526	-0.00530154
-368.91635200	-0.00629277
-368.88301874	-0.00731593
-368.84968549	-0.00837982
-368.81635223	-0.00921471
-368.78301897	-0.01008060
-368.74968571	-0.01084778
-368.71635245	-0.01146053
-368.68301919	-0.01190002
-368.64968594	-0.01222367
-368.61635268	-0.01234879
-368.58301942	-0.01244086
-368.54968616	-0.01242970
-368.51635290	-0.01236849
-368.48301964	-0.01224386
-368.44968639	-0.01226022
-368.41635313	-0.01221913
-368.38301987	-0.01226361
-368.34968661	-0.01229429
-368.31635335	-0.01237681
-368.28302009	-0.01256946
-368.24968684	-0.01276399
-368.21635358	-0.01304101
-368.18302032	-0.01330972
-368.14968706	-0.01356610
-368.11635380	-0.01378074
-368.08302054	-0.01392701
-368.04968729	-0.01404309
-368.01635403	-0.01408248
-367.98302077	-0.01393096
-367.94968751	-0.01356930
-367.91635425	-0.01311906
-367.88302099	-0.01232132
-367.84968774	-0.01151703
-367.81635448	-0.01066213
-367.78302122	-0.00958910
-367.74968796	-0.00860467
-367.71635470	-0.00777172
-367.68302144	-0.00704839
-367.64968819	-0.00654560
-367.61635493	-0.00615764
-367.58302167	-0.00601080
-367.54968841	-0.00606542
-367.51635515	-0.00611343
-367.48302189	-0.00609859
-367.44968864	-0.00617637
-367.41635538	-0.00604696
-367.38302212	-0.00571187
-367.34968886	-0.00510885
-367.31635560	-0.00429327
-367.28302234	-0.00328916
-367.24968908	-0.00209189
-367.21635583	-0.00088761
-367.18302257	0.00037542
-367.14968931	0.00165771
-367.11635605	0.00283508
-367.08302279	0.00385264
-367.04968953	0.00472169
-367.01635628	0.00554878
-366.98302302	0.00616430
-366.94968976	0.00671769
-366.91635650	0.00716534
-366.88302324	0.00753918
-366.84968998	0.00789843
-366.81635673	0.00820612
-366.78302347	0.00855287
-366.74969021	0.00883462
-366.71635695	0.00922447
-366.68302369	0.00948427
-366.64969043	0.00973039
-366.61635718	0.01000033
-366.58302392	0.01022712
-366.54969066	0.01038420
-366.51635740	0.01062217
-366.48302414	0.01080153
-366.44969088	0.01093188
-366.41635763	0.01111414
-366.38302437	0.01136650
-366.34969111	0.01158840
-366.31635785	0.01179248
-366.28302459	0.01205220
-366.24969133	0.01224653
-366.21635808	0.01227750
-366.18302482	0.01228294
-366.14969156	0.01219005
-366.11635830	0.01182619
-366.08302504	0.01124606
-366.04969178	0.01048878
-366.01635853	0.00953582
-365.98302527	0.00841039
-365.94969201	0.00719059
-365.91635875	0.00591876
-365.88302549	0.00462488
-365.84969223	0.00345162
-365.81635898	0.00245691
-365.78302572	0.00169167
-365.74969246	0.00116909
-365.71635920	0.00101614
-365.68302594	0.00104557
-365.64969268	0.00132739
-365.61635943	0.00164748
-365.58302617	0.00199456
-365.54969291	0.00236903
-365.51635965	0.00262109
-365.48302639	0.00266547
-365.44969313	0.00248867
-365.41635988	0.00206030
-365.38302662	0.00140917
-365.34969336	0.00061672
-365.31636010	-0.00020566
-365.28302684	-0.00112150
-365.24969358	-0.00203302
-365.21636033	-0.00284048
-365.18302707	-0.00366601
-365.14969381	-0.00435822
-365.11636055	-0.00500740
-365.08302729	-0.00554646
-365.04969403	-0.00613041
-365.01636078	-0.00663357
-364.98302752	-0.00715400
-364.94969426	-0.00768190
-364.91636100	-0.00815928
-364.88302774	-0.00861499
-364.84969448	-0.00904914
-364.81636123	-0.00942561
-364.78302797	-0.00975096
-364.74969471	-0.01007873
-364.71636145	-0.01022534
-364.68302819	-0.01044304
-364.64969493	-0.01057106
-364.61636168	-0.01076169
-364.58302842	-0.01091586
-364.54969516	-0.01107907
-364.51636190	-0.01113721
-364.48302864	-0.01114795
-364.44969538	-0.01112758
-364.41636213	-0.01095555
-364.38302887	-0.01069484
-364.34969561	-0.01045293
-364.31636235	-0.01001611
-364.28302909	-0.00957928
-364.24969583	-0.00901334
-364.21636258	-0.00845424
-364.18302932	-0.00784772
-364.14969606	-0.00710135
-364.11636280	-0.00630345
-364.08302954	-0.00536064
-364.04969628	-0.00441958
-364.01636303	-0.00330832
-363.98302977	-0.00200238
-363.94969651	-0.00061741
-363.91636325	0.00075369
-363.88302999	0.00223248
-363.84969673	0.00366886
-363.81636348	0.00509011
-363.78303022	0.00637448
-363.74969696	0.00748106
-363.71636370	0.00841469
-363.68303044	0.00901892
-363.64969718	0.00927789
-363.61636392	0.00924083
-363.58303067	0.00883145
-363.54969741	0.00803116
-363.51636415	0.00688728
-363.48303089	0.00546263
-363.44969763	0.00359014
-363.41636437	0.00165318
-363.38303112	-0.00031689
-363.34969786	-0.00231833
-363.31636460	-0.00418827
-363.28303134	-0.00578156
-363.24969808	-0.00719574
-363.21636482	-0.00800701
-363.18303157	-0.00834218
-363.14969831	-0.00822737
-363.11636505	-0.00758934
-363.08303179	-0.00655456
-363.04969853	-0.00518985
-363.01636527	-0.00341164
-362.98303202	-0.00145049
-362.94969876	0.00056663
-362.91636550	0.00263274
-362.88303224	0.00446268
-362.84969898	0.00611701
-362.81636572	0.00750380
-362.78303247	0.00853353
-362.74969921	0.00920881
-362.71636595	0.00936950
-362.68303269	0.00915257
-362.64969943	0.00852475
-362.61636617	0.00749312
-362.58303292	0.00603324
-362.54969966	0.00442744
-362.51636640	0.00265491
-362.48303314	0.00086912
-362.44969988	-0.00094289
-362.41636662	-0.00266494
-362.38303337	-0.00408387
-362.34970011	-0.00509508
-362.31636685	-0.00596742
-362.28303359	-0.00637759
-362.24970033	-0.00645282
-362.21636707	-0.00622635
-362.18303382	-0.00565835
-362.14970056	-0.00479245
-362.11636730	-0.00386323
-362.08303404	-0.00271635
-362.04970078	-0.00152405
-362.01636752	-0.00047091
-361.98303427	0.00056542
-361.94970101	0.00134544
-361.91636775	0.00185802
-361.88303449	0.00205441
-361.84970123	0.00188335
-361.81636797	0.00148319
-361.78303472	0.00081298
-361.74970146	-0.00017647
-361.71636820	-0.00122348
-361.68303494	-0.00233767
-361.64970168	-0.00332042
-361.61636842	-0.00409200
-361.58303517	-0.00468828
-361.54970191	-0.00509503
-361.51636865	-0.00513710
-361.48303539	-0.00479780
-361.44970213	-0.00424601
-361.41636887	-0.00337312
-361.38303562	-0.00226653
-361.34970236	-0.00110766
-361.31636910	0.00020196
-361.28303584	0.00153551
-361.24970258	0.00272020
-361.21636932	0.00391483
-361.18303607	0.00474447
-361.14970281	0.00532785
-361.11636955	0.00558631
-361.08303629	0.00553950
-361.04970303	0.00524093
-361.01636977	0.00452614
-360.98303652	0.00345401
-360.94970326	0.00230677
-360.91637000	0.00079858
-360.88303674	-0.00079197
-360.84970348	-0.00240346
-360.81637022	-0.00404162
-360.78303697	-0.00564040
-360.74970371	-0.00703239
-360.71637045	-0.00827904
-360.68303719	-0.00935436
-360.64970393	-0.01015321
-360.61637067	-0.01065725
-360.58303742	-0.01088481
-360.54970416	-0.01084670
-360.51637090	-0.01047389
-360.48303764	-0.00993107
-360.44970438	-0.00916083
-360.41637112	-0.00811188
-360.38303787	-0.00686770
-360.34970461	-0.00565039
-360.31637135	-0.00430951
-360.28303809	-0.00296032
-360.24970483	-0.00185836
-360.21637157	-0.00084915
-360.18303832	-0.00001137
-360.14970506	0.00062992
-360.11637180	0.00098206
-360.08303854	0.00105339
-360.04970528	0.00091988
-360.01637202	0.00034762
-359.98303876	-0.00039684
-359.94970551	-0.00128633
-359.91637225	-0.00227844
-359.88303899	-0.00329338
-359.84970573	-0.00446498
-359.81637247	-0.00557126
-359.78303921	-0.00649501
-359.74970596	-0.00725106
-359.71637270	-0.00789221
-359.68303944	-0.00839622
-359.64970618	-0.00858784
-359.61637292	-0.00863502
-359.58303966	-0.00848759
-359.54970641	-0.00830381
-359.51637315	-0.00791485
-359.48303989	-0.00751041
-359.44970663	-0.00694649
-359.41637337	-0.00641401
-359.38304011	-0.00603223
-359.34970686	-0.00570660
-359.31637360	-0.00540848
-359.28304034	-0.00525289
-359.24970708	-0.00528696
-359.21637382	-0.00547476
-359.18304056	-0.00571524
-359.14970731	-0.00606942
-359.11637405	-0.00660472
-359.08304079	-0.00714627
-359.04970753	-0.00763640
-359.01637427	-0.00808606
-358.98304101	-0.00844566
-358.94970776	-0.00856793
-358.91637450	-0.00853484
-358.88304124	-0.00825930
-358.84970798	-0.00767167
-358.81637472	-0.00687977
-358.78304146	-0.00588422
-358.74970821	-0.00455953
-358.71637495	-0.00316471
-358.68304169	-0.00174065
-358.64970843	0.00002456
-358.61637517	0.00160599
-358.58304191	0.00319350
-358.54970866	0.00461903
-358.51637540	0.00589492
-358.48304214	0.00690845
-358.44970888	0.00778606
-358.41637562	0.00839101
-358.38304236	0.00873533
-358.34970911	0.00898324
-358.31637585	0.00896082
-358.28304259	0.00893966
-358.24970933	0.00863884
-358.21637607	0.00835981
-358.18304281	0.00788500
-358.14970956	0.00750921
-358.11637630	0.00706295
-358.08304304	0.00666933
-358.04970978	0.00629559
-358.01637652	0.00593874
-357.98304326	0.00571409
-357.94971001	0.00541244
-357.91637675	0.00518469
-357.88304349	0.00497982
-357.84971023	0.00468772
-357.81637697	0.00428603
-357.78304371	0.00376098
-357.74971046	0.00323196
-357.71637720	0.00239362
-357.68304394	0.00152883
-357.64971068	0.00042393
-357.61637742	-0.00085229
-357.58304416	-0.00209460
-357.54971091	-0.00329560
-357.51637765	-0.00449545
-357.48304439	-0.00568200
-357.44971113	-0.00672994
-357.41637787	-0.00764172
-357.38304461	-0.00830041
-357.34971136	-0.00879842
-357.31637810	-0.00905225
-357.28304484	-0.00914124
-357.24971158	-0.00909613
-357.21637832	-0.00881358
-357.18304506	-0.00843007
-357.14971181	-0.00796029
-357.11637855	-0.00742641
-357.08304529	-0.00676394
-357.04971203	-0.00609728
-357.01637877	-0.00536825
-356.98304551	-0.00461291
-356.94971226	-0.00382246
-356.91637900	-0.00299858
-356.88304574	-0.00226987
-356.84971248	-0.00139215
-356.81637922	-0.00050719
-356.78304596	0.00025710
-356.74971271	0.00108463
-356.71637945	0.00177961
-356.68304619	0.00245317
-356.64971293	0.00298018
-356.61637967	0.00335672
-356.58304641	0.00364334
-356.54971316	0.00382800
-356.51637990	0.00384068
-356.48304664	0.00386705
-356.44971338	0.00362750
-356.41638012	0.00320084
-356.38304686	0.00285243
-356.34971360	0.00227895
-356.31638035	0.00172489
-356.28304709	0.00113945
-356.24971383	0.00053087
-356.21638057	-0.00004129
-356.18304731	-0.00061407
-356.14971405	-0.00126684
-356.11638080	-0.00175860
-356.08304754	-0.00228928
-356.04971428	-0.00269907
-356.01638102	-0.00301799
-355.98304776	-0.00330978
-355.94971450	-0.00338030
-355.91638125	-0.00359559
-355.88304799	-0.00357318
-355.84971473	-0.00352689
-355.81638147	-0.00354506
-355.78304821	-0.00329192
-355.74971495	-0.00338236
-355.71638170	-0.00324924
-355.68304844	-0.00311855
-355.64971518	-0.00306911
-355.61638192	-0.00303717
-355.58304866	-0.00314330
-355.54971540	-0.00320334
-355.51638215	-0.00342540
-355.48304889	-0.00361415
-355.44971563	-0.00401645
-355.41638237	-0.00450571
-355.38304911	-0.00496964
-355.34971585	-0.00548849
-355.31638260	-0.00592971
-355.28304934	-0.00637589
-355.24971608	-0.00658201
-355.21638282	-0.00663407
-355.18304956	-0.00650470
-355.14971630	-0.00601858
-355.11638305	-0.00532583
-355.08304979	-0.00446256
-355.04971653	-0.00336713
-355.01638327	-0.00213575
-354.98305001	-0.00094406
-354.94971675	0.00037671
-354.91638350	0.00163194
-354.88305024	0.00290652
-354.84971698	0.00411469
-354.81638372	0.00519161
-354.78305046	0.00612722
-354.74971720	0.00693646
-354.71638395	0.00756482
-354.68305069	0.00805714
-354.64971743	0.00836127
-354.61638417	0.00849086
-354.58305091	0.00855554
-354.54971765	0.00839629
-354.51638440	0.00816441
-354.48305114	0.00768524
-354.44971788	0.00712157
-354.41638462	0.00635340
-354.38305136	0.00538739
-354.34971810	0.00424106
-354.31638485	0.00286650
-354.28305159	0.00137686
-354.24971833	-0.00027721
-354.21638507	-0.00191457
-354.18305181	-0.00368649
-354.14971855	-0.00539228
-354.11638530	-0.00697817
-354.08305204	-0.00844284
-354.04971878	-0.00957465
-354.01638552	-0.01067193
-353.98305226	-0.01138478
-353.94971900	-0.01164431
-353.91638575	-0.01173217
-353.88305249	-0.01140465
-353.84971923	-0.01074335
-353.81638597	-0.00988272
-353.78305271	-0.00887673
-353.74971945	-0.00755939
-353.71638620	-0.00616019
-353.68305294	-0.00479584
-353.64971968	-0.00335999
-353.61638642	-0.00198651
-353.58305316	-0.00076168
-353.54971990	0.00032965
-353.51638665	0.00140622
-353.48305339	0.00214725
-353.44972013	0.00266289
-353.41638687	0.00316675
-353.38305361	0.00319433
-353.34972035	0.00315595
-353.31638710	0.00285098
-353.28305384	0.00239747
-353.24972058	0.00174813
-353.21638732	0.00089236
-353.18305406	-0.00014438
-353.14972080	-0.00112087
-353.11638755	-0.00221519
-353.08305429	-0.00324062
-353.04972103	-0.00427308
-353.01638777	-0.00507403
-352.98305451	-0.00574928
-352.94972125	-0.00632591
-352.91638800	-0.00666513
-352.88305474	-0.00684615
-352.84972148	-0.00681583
-352.81638822	-0.00655723
-352.78305496	-0.00618337
-352.74972170	-0.00573208
-352.71638845	-0.00525111
-352.68305519	-0.00454368
-352.64972193	-0.00393341
-352.61638867	-0.00332936
-352.58305541	-0.00278723
-352.54972215	-0.00239040
-352.51638889	-0.00198731
-352.48305564	-0.00165570
-352.44972238	-0.00137667
-352.41638912	-0.00117362
-352.38305586	-0.00108672
-352.34972260	-0.00101085
-352.31638934	-0.00079778
-352.28305609	-0.00063348
-352.24972283	-0.00045562
-352.21638957	-0.00020328
-352.18305631	0.00010244
-352.14972305	0.00037487
-352.11638979	0.00076039
-352.08305654	0.00113805
-352.04972328	0.00143015
-352.01639002	0.00179007
-351.98305676	0.00195274
-351.94972350	0.00205468
-351.91639024	0.00211162
-351.88305699	0.00204414
-351.84972373	0.00184326
-351.81639047	0.00159576
-351.78305721	0.00110646
-351.74972395	0.00048812
-351.71639069	-0.00028813
-351.68305744	-0.00119053
-351.64972418	-0.00226867
-351.61639092	-0.00330514
-351.58305766	-0.00445587
-351.54972440	-0.00564485
-351.51639114	-0.00676322
-351.48305789	-0.00784218
-351.44972463	-0.00882651
-351.41639137	-0.00964700
-351.38305811	-0.01017613
-351.34972485	-0.01074116
-351.31639159	-0.01105545
-351.28305834	-0.01111289
-351.24972508	-0.01101386
-351.21639182	-0.01080357
-351.18305856	-0.01048508
-351.14972530	-0.00999867
-351.11639204	-0.00940042
-351.08305879	-0.00877083
-351.04972553	-0.00800214
-351.01639227	-0.00721240
-350.98305901	-0.00640824
-350.94972575	-0.00547572
-350.91639249	-0.00449536
-350.88305924	-0.00346920
-350.84972598	-0.00243769
-350.81639272	-0.00134970
-350.78305946	-0.00024088
-350.74972620	0.00077614
-350.71639294	0.00182326
-350.68305969	0.00279371
-350.64972643	0.00366623
-350.61639317	0.00429606
-350.58305991	0.00486887
-350.54972665	0.00519362
-350.51639339	0.00539479
-350.48306014	0.00533636
-350.44972688	0.00505338
-350.41639362	0.00457469
-350.38306036	0.00392134
-350.34972710	0.00318452
-350.31639384	0.00244463
-350.28306059	0.00164100
-350.24972733	0.00081865
-350.21639407	-0.00000033
-350.18306081	-0.00079081
-350.14972755	-0.00142001
-350.11639429	-0.00202113
-350.08306104	-0.00268683
-350.04972778	-0.00327885
-350.01639452	-0.00375682
-349.98306126	-0.00422088
-349.94972800	-0.00459907
-349.91639474	-0.00489276
-349.88306149	-0.00515038
-349.84972823	-0.00530630
-349.81639497	-0.00535224
-349.78306171	-0.00526526
-349.74972845	-0.00518466
-349.71639519	-0.00487973
-349.68306194	-0.00453648
-349.64972868	-0.00412611
-349.61639542	-0.00356959
-349.58306216	-0.00302419
-349.54972890	-0.00240648
-349.51639564	-0.00185230
-349.48306239	-0.00128164
-349.44972913	-0.00067029
-349.41639587	-0.00019889
-349.38306261	0.00007024
-349.34972935	0.00031417
-349.31639609	0.00049757
-349.28306284	0.00049816
-349.24972958	0.00050123
-349.21639632	0.00040875
-349.18306306	0.00025098
-349.14972980	0.00005073
-349.11639654	-0.00026436
-349.08306329	-0.00044213
-349.04973003	-0.00078830
-349.01639677	-0.00107217
-348.98306351	-0.00138074
-348.94973025	-0.00153887
-348.91639699	-0.00182741
-348.88306373	-0.00205125
-348.84973048	-0.00210019
-348.81639722	-0.00220579
-348.78306396	-0.00221686
-348.74973070	-0.00213517
-348.71639744	-0.00215780
-348.68306418	-0.00199276
-348.64973093	-0.00182070
-348.61639767	-0.00163422
-348.58306441	-0.00131032
-348.54973115	-0.00094686
-348.51639789	-0.00065766
-348.48306463	-0.00045354
-348.44973138	-0.00026339
-348.41639812	-0.00007713
-348.38306486	0.00002975
-348.34973160	0.00005857
-348.31639834	-0.00003656
-348.28306508	-0.00013356
-348.24973183	-0.00034560
-348.21639857	-0.00059573
-348.18306531	-0.00080055
-348.14973205	-0.00107971
-348.11639879	-0.00133404
-348.08306553	-0.00156600
-348.04973228	-0.00188696
-348.01639902	-0.00219122
-347.98306576	-0.00253496
-347.94973250	-0.00286926
-347.91639924	-0.00320217
-347.88306598	-0.00335363
-347.84973273	-0.00375657
-347.81639947	-0.00390357
-347.78306621	-0.00402523
-347.74973295	-0.00412804
-347.71639969	-0.00412199
-347.68306643	-0.00393977
-347.64973318	-0.00388146
-347.61639992	-0.00363750
-347.58306666	-0.00336511
-347.54973340	-0.00312932
-347.51640014	-0.00277855
-347.48306688	-0.00261294
-347.44973363	-0.00248651
-347.41640037	-0.00235103
-347.38306711	-0.00241461
-347.34973385	-0.00256768
-347.31640059	-0.00274937
-347.28306733	-0.00300156
-347.24973408	-0.00339277
-347.21640082	-0.00372554
-347.18306756	-0.00415284
-347.14973430	-0.00454566
-347.11640104	-0.00493291
-347.08306778	-0.00533788
-347.04973453	-0.00559984
-347.01640127	-0.00584342
-346.98306801	-0.00579134
-346.94973475	-0.00565768
-346.91640149	-0.00543464
-346.88306823	-0.00507906
-346.84973498	-0.00456348
-346.81640172	-0.00384845
-346.78306846	-0.00316253
-346.74973520	-0.00242453
-346.71640194	-0.00171703
-346.68306868	-0.00091672
-346.64973543	-0.00024359
-346.61640217	0.00040396
-346.58306891	0.00090757
-346.54973565	0.00132459
-346.51640239	0.00149604
-346.48306913	0.00155237
-346.44973588	0.00136801
-346.41640262	0.00099875
-346.38306936	0.00041844
-346.34973610	-0.00038574
-346.31640284	-0.00131691
-346.28306958	-0.00244838
-346.24973633	-0.00361348
-346.21640307	-0.00474677
-346.18306981	-0.00592197
-346.14973655	-0.00702703
-346.11640329	-0.00802013
-346.08307003	-0.00878112
-346.04973678	-0.00934973
-346.01640352	-0.00957401
-345.98307026	-0.00972953
-345.94973700	-0.00955868
-345.91640374	-0.00909742
-345.88307048	-0.00852946
-345.84973723	-0.00770999
-345.81640397	-0.00687568
-345.78307071	-0.00601742
-345.74973745	-0.00491369
-345.71640419	-0.00397001
-345.68307093	-0.00308470
-345.64973768	-0.00231438
-345.61640442	-0.00158317
-345.58307116	-0.00077513
-345.54973790	-0.00018647
-345.51640464	0.00024757
-345.48307138	0.00071750
-345.44973813	0.00100256
-345.41640487	0.00125229
-345.38307161	0.00155851
-345.34973835	0.00180633
-345.31640509	0.00196295
-345.28307183	0.00211594
-345.24973857	0.00223236
-345.21640532	0.00234552
-345.18307206	0.00237721
-345.14973880	0.00246078
-345.11640554	0.00247271
-345.08307228	0.00243325
-345.04973902	0.00250647
-345.01640577	0.00250303
-344.98307251	0.00253774
-344.94973925	0.00251527
-344.91640599	0.00252887
-344.88307273	0.00250950
-344.84973947	0.00249460
-344.81640622	0.00236932
-344.78307296	0.00222346
-344.74973970	0.00212853
-344.71640644	0.00181149
-344.68307318	0.00151680
-344.64973992	0.00109701
-344.61640667	0.00058797
-344.58307341	-0.00001621
-344.54974015	-0.00079993
-344.51640689	-0.00162608
-344.48307363	-0.00252738
-344.44974037	-0.00349979
-344.41640712	-0.00448707
-344.38307386	-0.00548191
-344.34974060	-0.00627703
-344.31640734	-0.00704885
-344.28307408	-0.00773847
-344.24974082	-0.00822366
-344.21640757	-0.00851139
-344.18307431	-0.00859654
-344.14974105	-0.00851513
-344.11640779	-0.00817146
-344.08307453	-0.00755906
-344.04974127	-0.00681796
-344.01640802	-0.00594213
-343.98307476	-0.00489443
-343.94974150	-0.00379661
-343.91640824	-0.00262596
-343.88307498	-0.00173315
-343.84974172	-0.00086757
-343.81640847	-0.00001020
-343.78307521	0.00045690
-343.74974195	0.00084645
-343.71640869	0.00105031
-343.68307543	0.00087857
-343.64974217	0.00065034
-343.61640892	0.00021119
-343.58307566	-0.00044932
-343.54974240	-0.00109713
-343.51640914	-0.00182277
-343.48307588	-0.00250728
-343.44974262	-0.00317591
-343.41640937	-0.00370712
-343.38307611	-0.00417454
-343.34974285	-0.00440953
-343.31640959	-0.00457559
-343.28307633	-0.00454367
-343.24974307	-0.00438655
-343.21640982	-0.00401426
-343.18307656	-0.00353676
-343.14974330	-0.00298456
-343.11641004	-0.00248066
-343.08307678	-0.00194891
-343.04974352	-0.00151473
-343.01641027	-0.00106267
-342.98307701	-0.00072165
-342.94974375	-0.00049482
-342.91641049	-0.00044841
-342.88307723	-0.00053230
-342.84974397	-0.00071772
-342.81641072	-0.00094352
-342.78307746	-0.00137473
-342.74974420	-0.00186166
-342.71641094	-0.00235583
-342.68307768	-0.00282455
-342.64974442	-0.00328181
-342.61641117	-0.00380230
-342.58307791	-0.00425802
-342.54974465	-0.00468032
-342.51641139	-0.00478978
-342.48307813	-0.00499255
-342.44974487	-0.00489968
-342.41641162	-0.00467978
-342.38307836	-0.00433605
-342.34974510	-0.00380706
-342.31641184	-0.00328546
-342.28307858	-0.00268333
-342.24974532	-0.00202263
-342.21641207	-0.00136979
-342.18307881	-0.00088251
-342.14974555	-0.00056476
-342.11641229	-0.00039065
-342.08307903	-0.00030778
-342.04974577	-0.00042293
-342.01641252	-0.00070026
-341.98307926	-0.00102605
-341.94974600	-0.00142302
-341.91641274	-0.00178444
-341.88307948	-0.00211335
-341.84974622	-0.00239157
-341.81641297	-0.00249366
-341.78307971	-0.00255419
-341.74974645	-0.00243901
-341.71641319	-0.00211913
-341.68307993	-0.00178725
-341.64974667	-0.00139280
-341.61641341	-0.00097382
-341.58308016	-0.00043036
-341.54974690	-0.00000383
-341.51641364	0.00032533
-341.48308038	0.00063451
-341.44974712	0.00089695
-341.41641386	0.00100335
-341.38308061	0.00103318
-341.34974735	0.00107619
-341.31641409	0.00108404
-341.28308083	0.00110190
-341.24974757	0.00103389
-341.21641431	0.00100610
-341.18308106	0.00093415
-341.14974780	0.00077214
-341.11641454	0.00090524
-341.08308128	0.00071839
-341.04974802	0.00048076
-341.01641476	0.00035762
-340.98308151	-0.00003151
-340.94974825	-0.00043057
-340.91641499	-0.00081572
-340.88308173	-0.00139357
-340.84974847	-0.00200897
-340.81641521	-0.00253831
-340.78308196	-0.00316180
-340.74974870	-0.00367907
-340.71641544	-0.00416955
-340.68308218	-0.00453022
-340.64974892	-0.00473366
-340.61641566	-0.00487540
-340.58308241	-0.00489017
-340.54974915	-0.00479762
-340.51641589	-0.00455884
-340.48308263	-0.00432761
-340.44974937	-0.00392037
-340.41641611	-0.00370111
-340.38308286	-0.00330784
-340.34974960	-0.00307787
-340.31641634	-0.00276000
-340.28308308	-0.00250220
-340.24974982	-0.00227232
-340.21641656	-0.00209118
-340.18308331	-0.00197273
-340.14975005	-0.00176805
-340.11641679	-0.00161843
-340.08308353	-0.00147698
-340.04975027	-0.00130877
-340.01641701	-0.00117195
-339.98308376	-0.00114424
-339.94975050	-0.00109037
-339.91641724	-0.00114016
-339.88308398	-0.00111289
-339.84975072	-0.00119468
-339.81641746	-0.00130505
-339.78308421	-0.00144145
-339.74975095	-0.00165172
-339.71641769	-0.00178886
-339.68308443	-0.00191703
-339.64975117	-0.00200493
-339.61641791	-0.00212430
-339.58308466	-0.00224888
-339.54975140	-0.00230191
-339.51641814	-0.00237663
-339.48308488	-0.00250200
-339.44975162	-0.00248523
-339.41641836	-0.00258441
-339.38308511	-0.00258486
-339.34975185	-0.00268811
-339.31641859	-0.00272754
-339.28308533	-0.00276671
-339.24975207	-0.00297849
-339.21641881	-0.00313584
-339.18308556	-0.00331631
-339.14975230	-0.00352713
-339.11641904	-0.00381529
-339.08308578	-0.00397288
-339.04975252	-0.00413508
-339.01641926	-0.00436831
-338.98308601	-0.00449905
-338.94975275	-0.00454772
-338.91641949	-0.00462546
-338.88308623	-0.00450772
-338.84975297	-0.00442339
-338.81641971	-0.00436278
-338.78308646	-0.00417011
-338.74975320	-0.00400559
-338.71641994	-0.00393196
-338.68308668	-0.00373232
-338.64975342	-0.00372401
-338.61642016	-0.00365878
-338.58308691	-0.00361121
-338.54975365	-0.00363707
-338.51642039	-0.00364185
-338.48308713	-0.00359881
-338.44975387	-0.00362457
-338.41642061	-0.00361067
-338.38308736	-0.00351418
-338.34975410	-0.00335420
-338.31642084	-0.00324744
-338.28308758	-0.00303699
-338.24975432	-0.00272680
-338.21642106	-0.00240214
-338.18308781	-0.00209057
-338.14975455	-0.00183813
-338.11642129	-0.00155227
-338.08308803	-0.00121816
-338.04975477	-0.00102617
-338.01642151	-0.00099679
-337.98308825	-0.00097398
-337.94975500	-0.00104544
-337.91642174	-0.00124635
-337.88308848	-0.00152129
-337.84975522	-0.00175763
-337.81642196	-0.00200340
-337.78308870	-0.00239584
-337.74975545	-0.00260546
-337.71642219	-0.00284002
-337.68308893	-0.00293286
-337.64975567	-0.00297424
-337.61642241	-0.00295403
-337.58308915	-0.00278584
-337.54975590	-0.00254665
-337.51642264	-0.00231999
-337.48308938	-0.00200107
-337.44975612	-0.00169482
-337.41642286	-0.00140943
-337.38308960	-0.00112495
-337.34975635	-0.00083243
-337.31642309	-0.00071583
-337.28308983	-0.00062096
-337.24975657	-0.00059183
-337.21642331	-0.00065912
-337.18309005	-0.00070734
-337.14975680	-0.00086604
-337.11642354	-0.00099254
-337.08309028	-0.00110184
-337.04975702	-0.00127372
-337.01642376	-0.00142552
-336.98309050	-0.00147252
-336.94975725	-0.00144251
-336.91642399	-0.00141672
-336.88309073	-0.00134737
-336.84975747	-0.00113481
-336.81642421	-0.00100546
-336.78309095	-0.00081729
-336.74975770	-0.00063730
-336.71642444	-0.00044613
-336.68309118	-0.00032083
-336.64975792	-0.00017019
-336.61642466	-0.00010173
-336.58309140	-0.00004180
-336.54975815	-0.00002856
-336.51642489	-0.00002000
-336.48309163	-0.00002717
-336.44975837	-0.00009147
-336.41642511	-0.00010353
-336.38309185	-0.00017939
-336.34975860	-0.00017821
-336.31642534	-0.00022526
-336.28309208	-0.00026086
-336.24975882	-0.00033766
-336.21642556	-0.00038707
-336.18309230	-0.00045174
-336.14975905	-0.00054846
-336.11642579	-0.00062443
-336.08309253	-0.00075317
-336.04975927	-0.00080777
-336.01642601	-0.00091897
-335.98309275	-0.00092437
-335.94975950	-0.00092223
-335.91642624	-0.00094014
-335.88309298	-0.00093315
-335.84975972	-0.00091591
-335.81642646	-0.00087049
-335.78309320	-0.00081643
-335.74975995	-0.00078389
-335.71642669	-0.00071569
-335.68309343	-0.00070774
-335.64976017	-0.00067974
-335.61642691	-0.00068022
-335.58309365	-0.00065588
-335.54976040	-0.00069721
-335.51642714	-0.00072582
-335.48309388	-0.00076641
-335.44976062	-0.00080135
-335.41642736	-0.00085053
-335.38309410	-0.00091004
-335.34976085	-0.00096306
-335.31642759	-0.00098122
-335.28309433	-0.00099664
-335.24976107	-0.00099608
-335.21642781	-0.00097302
-335.18309455	-0.00094804
-335.14976130	-0.00090399
-335.11642804	-0.00083464
-335.08309478	-0.00076757
-335.04976152	-0.00069814
-335.01642826	-0.00061321
-334.98309500	-0.00054356
-334.94976175	-0.00046486
-334.91642849	-0.00039678
-334.88309523	-0.00033396
-334.84976197	-0.00027442
-334.81642871	-0.00021614
-334.78309545	-0.00017123
-334.74976220	-0.00012302
-334.71642894	-0.00008313
-334.68309568	-0.00005233
-334.64976242	-0.00002933
-334.61642916	-0.00001085
-334.58309590	-0.00000417
-334.54976265	0.00000515
-334.51642939	-0.00000420
-334.48309613	-0.00001297
-334.44976287	-0.00002237
-334.41642961	-0.00003595
-334.38309635	-0.00004887
-334.34976310	-0.00005726
-334.31642984	-0.00006743
-334.28309658	-0.00007195
-334.24976332	-0.00007132
-334.21643006	-0.00006868
-334.18309680	-0.00006222
-334.14976354	-0.00005482
-334.11643029	-0.00004509
-334.08309703	-0.00003529
-334.04976377	-0.00002504
-334.01643051	-0.00001707
-333.98309725	-0.00001003
-333.94976399	-0.00000494
-333.91643074	-0.00000193
-333.88309748	-0.00000040
-333.84976422	0.00000000
