# Menlo Systems GmbH ScanControl
# Program Version 1.7.0+git.a90605a3
# Start: -433.90000000 ps, Average over 3000 waveforms. Timestamp: 2024-05-07T15:09:49
# Window type: Tukey, parameters: alpha = 0.1
# User time axis shift: 0 ps
# Time axis offset: 0 ps
# Time [ps]	THz Signal [a.u.]
-433.81620601	0.00000000
-433.78287275	-0.00000000
-433.74953949	-0.00000005
-433.71620623	-0.00000006
-433.68287297	-0.00000005
-433.64953972	-0.00000009
-433.61620646	-0.00000020
-433.58287320	-0.00000018
-433.54953994	-0.00000055
-433.51620668	-0.00000055
-433.48287342	-0.00000061
-433.44954016	-0.00000015
-433.41620691	-0.00000030
-433.38287365	-0.00000087
-433.34954039	-0.00000039
-433.31620713	-0.00000085
-433.28287387	-0.00000152
-433.24954061	-0.00000150
-433.21620736	-0.00000010
-433.18287410	0.00000052
-433.14954084	0.00000164
-433.11620758	0.00000237
-433.08287432	0.00000251
-433.04954106	0.00000827
-433.01620781	0.00000596
-432.98287455	0.00000416
-432.94954129	0.00000591
-432.91620803	0.00000360
-432.88287477	0.00000488
-432.84954151	0.00000805
-432.81620826	0.00001150
-432.78287500	0.00000661
-432.74954174	0.00001669
-432.71620848	0.00001558
-432.68287522	0.00001130
-432.64954196	0.00000957
-432.61620871	0.00002056
-432.58287545	0.00001851
-432.54954219	0.00002598
-432.51620893	0.00002124
-432.48287567	0.00002317
-432.44954241	0.00003554
-432.41620916	0.00003937
-432.38287590	0.00003180
-432.34954264	0.00003324
-432.31620938	0.00001788
-432.28287612	0.00005270
-432.24954286	0.00004275
-432.21620961	0.00002881
-432.18287635	0.00003748
-432.14954309	0.00003458
-432.11620983	0.00004071
-432.08287657	0.00004111
-432.04954331	0.00003517
-432.01621006	0.00005585
-431.98287680	0.00005720
-431.94954354	0.00004424
-431.91621028	0.00003839
-431.88287702	0.00004866
-431.84954376	0.00004795
-431.81621051	0.00003573
-431.78287725	0.00002619
-431.74954399	0.00004924
-431.71621073	0.00005853
-431.68287747	0.00006474
-431.64954421	0.00005099
-431.61621096	0.00005700
-431.58287770	0.00003320
-431.54954444	0.00005898
-431.51621118	0.00003364
-431.48287792	0.00006993
-431.44954466	0.00005309
-431.41621141	0.00005054
-431.38287815	0.00004499
-431.34954489	0.00006867
-431.31621163	0.00007872
-431.28287837	0.00005099
-431.24954511	0.00008331
-431.21621186	0.00008395
-431.18287860	0.00006380
-431.14954534	0.00009718
-431.11621208	0.00006090
-431.08287882	0.00006158
-431.04954556	0.00006696
-431.01621231	0.00008932
-430.98287905	0.00010278
-430.94954579	0.00007245
-430.91621253	0.00011314
-430.88287927	0.00011778
-430.84954601	0.00006757
-430.81621276	0.00010409
-430.78287950	0.00012784
-430.74954624	0.00009436
-430.71621298	0.00009095
-430.68287972	0.00011027
-430.64954646	0.00013707
-430.61621321	0.00007368
-430.58287995	0.00011336
-430.54954669	0.00009136
-430.51621343	0.00014801
-430.48288017	0.00010482
-430.44954691	0.00007665
-430.41621366	0.00008609
-430.38288040	0.00011088
-430.34954714	0.00013144
-430.31621388	0.00010612
-430.28288062	0.00011625
-430.24954736	0.00009904
-430.21621411	0.00015098
-430.18288085	0.00009422
-430.14954759	0.00006687
-430.11621433	0.00005140
-430.08288107	0.00011370
-430.04954781	0.00010752
-430.01621456	0.00001778
-429.98288130	0.00007231
-429.94954804	0.00003352
-429.91621478	0.00002344
-429.88288152	0.00007510
-429.84954826	0.00005386
-429.81621501	-0.00000642
-429.78288175	0.00008207
-429.74954849	0.00004897
-429.71621523	-0.00000228
-429.68288197	0.00001362
-429.64954871	0.00004459
-429.61621545	-0.00002227
-429.58288220	0.00001620
-429.54954894	0.00007018
-429.51621568	0.00005783
-429.48288242	0.00005416
-429.44954916	-0.00003584
-429.41621590	0.00002584
-429.38288265	0.00006082
-429.34954939	0.00006706
-429.31621613	0.00006316
-429.28288287	0.00007768
-429.24954961	0.00003909
-429.21621635	0.00004018
-429.18288310	0.00009563
-429.14954984	0.00008852
-429.11621658	0.00007484
-429.08288332	0.00005877
-429.04955006	0.00008044
-429.01621680	0.00009871
-428.98288355	0.00001917
-428.94955029	0.00006057
-428.91621703	0.00003869
-428.88288377	0.00011325
-428.84955051	0.00010010
-428.81621725	0.00013615
-428.78288400	0.00006579
-428.74955074	0.00003121
-428.71621748	0.00009199
-428.68288422	0.00007947
-428.64955096	0.00003381
-428.61621770	0.00003070
-428.58288445	0.00002778
-428.54955119	0.00008673
-428.51621793	0.00000735
-428.48288467	0.00009849
-428.44955141	0.00004698
-428.41621815	0.00012420
-428.38288490	0.00019210
-428.34955164	0.00015468
-428.31621838	0.00012975
-428.28288512	0.00005929
-428.24955186	0.00007665
-428.21621860	0.00010075
-428.18288535	0.00009580
-428.14955209	0.00006398
-428.11621883	0.00011518
-428.08288557	0.00005523
-428.04955231	0.00002307
-428.01621905	0.00013073
-427.98288580	0.00009234
-427.94955254	0.00011546
-427.91621928	0.00011970
-427.88288602	0.00014866
-427.84955276	0.00010634
-427.81621950	0.00012502
-427.78288625	0.00012396
-427.74955299	0.00008118
-427.71621973	0.00008734
-427.68288647	0.00010746
-427.64955321	0.00010117
-427.61621995	0.00015238
-427.58288670	0.00012741
-427.54955344	0.00013406
-427.51622018	0.00012799
-427.48288692	0.00007516
-427.44955366	0.00010144
-427.41622040	0.00007629
-427.38288715	0.00004116
-427.34955389	0.00014907
-427.31622063	0.00015675
-427.28288737	0.00014651
-427.24955411	0.00010904
-427.21622085	0.00003212
-427.18288760	0.00003634
-427.14955434	0.00003646
-427.11622108	0.00010779
-427.08288782	0.00008019
-427.04955456	0.00004947
-427.01622130	0.00006080
-426.98288805	0.00003236
-426.94955479	0.00006206
-426.91622153	0.00000734
-426.88288827	0.00009062
-426.84955501	0.00008560
-426.81622175	0.00002418
-426.78288850	0.00001700
-426.74955524	0.00001446
-426.71622198	0.00010815
-426.68288872	0.00009040
-426.64955546	0.00010865
-426.61622220	0.00012977
-426.58288895	0.00012727
-426.54955569	0.00017483
-426.51622243	0.00015000
-426.48288917	0.00019462
-426.44955591	0.00018211
-426.41622265	0.00018018
-426.38288940	0.00011020
-426.34955614	0.00022188
-426.31622288	0.00019140
-426.28288962	0.00018345
-426.24955636	0.00023130
-426.21622310	0.00016444
-426.18288985	0.00019358
-426.14955659	0.00024776
-426.11622333	0.00028270
-426.08289007	0.00023227
-426.04955681	0.00027670
-426.01622355	0.00026938
-425.98289029	0.00023037
-425.94955704	0.00026821
-425.91622378	0.00036299
-425.88289052	0.00030228
-425.84955726	0.00028920
-425.81622400	0.00026955
-425.78289074	0.00030509
-425.74955749	0.00031005
-425.71622423	0.00030782
-425.68289097	0.00033257
-425.64955771	0.00031014
-425.61622445	0.00038985
-425.58289119	0.00031490
-425.54955794	0.00039826
-425.51622468	0.00033560
-425.48289142	0.00030699
-425.44955816	0.00040243
-425.41622490	0.00043336
-425.38289164	0.00035696
-425.34955839	0.00027802
-425.31622513	0.00034528
-425.28289187	0.00030122
-425.24955861	0.00030227
-425.21622535	0.00029638
-425.18289209	0.00036537
-425.14955884	0.00033272
-425.11622558	0.00030680
-425.08289232	0.00028175
-425.04955906	0.00027482
-425.01622580	0.00022436
-424.98289254	0.00028008
-424.94955929	0.00024619
-424.91622603	0.00025209
-424.88289277	0.00022101
-424.84955951	0.00024603
-424.81622625	0.00020911
-424.78289299	0.00020654
-424.74955974	0.00024862
-424.71622648	0.00021544
-424.68289322	0.00018042
-424.64955996	0.00015181
-424.61622670	0.00020060
-424.58289344	0.00022886
-424.54956019	0.00019323
-424.51622693	0.00018447
-424.48289367	0.00017447
-424.44956041	0.00019771
-424.41622715	0.00024925
-424.38289389	0.00021263
-424.34956064	0.00023121
-424.31622738	0.00022744
-424.28289412	0.00019337
-424.24956086	0.00018449
-424.21622760	0.00022268
-424.18289434	0.00025905
-424.14956109	0.00022847
-424.11622783	0.00017486
-424.08289457	0.00023808
-424.04956131	0.00023778
-424.01622805	0.00027777
-423.98289479	0.00031791
-423.94956154	0.00029491
-423.91622828	0.00026580
-423.88289502	0.00034342
-423.84956176	0.00030113
-423.81622850	0.00041980
-423.78289524	0.00033867
-423.74956199	0.00036155
-423.71622873	0.00039021
-423.68289547	0.00042630
-423.64956221	0.00044615
-423.61622895	0.00043742
-423.58289569	0.00039993
-423.54956244	0.00046589
-423.51622918	0.00044537
-423.48289592	0.00052216
-423.44956266	0.00052665
-423.41622940	0.00059790
-423.38289614	0.00054387
-423.34956289	0.00057211
-423.31622963	0.00055155
-423.28289637	0.00057980
-423.24956311	0.00054429
-423.21622985	0.00055290
-423.18289659	0.00055433
-423.14956334	0.00063468
-423.11623008	0.00065322
-423.08289682	0.00064968
-423.04956356	0.00058933
-423.01623030	0.00055565
-422.98289704	0.00061208
-422.94956379	0.00064558
-422.91623053	0.00068638
-422.88289727	0.00069505
-422.84956401	0.00065877
-422.81623075	0.00058638
-422.78289749	0.00060097
-422.74956424	0.00063372
-422.71623098	0.00052278
-422.68289772	0.00058799
-422.64956446	0.00058639
-422.61623120	0.00062220
-422.58289794	0.00064764
-422.54956469	0.00058243
-422.51623143	0.00052250
-422.48289817	0.00051511
-422.44956491	0.00050684
-422.41623165	0.00051510
-422.38289839	0.00048974
-422.34956513	0.00047781
-422.31623188	0.00052552
-422.28289862	0.00049886
-422.24956536	0.00048858
-422.21623210	0.00049244
-422.18289884	0.00047849
-422.14956558	0.00052505
-422.11623233	0.00050995
-422.08289907	0.00048422
-422.04956581	0.00056908
-422.01623255	0.00057810
-421.98289929	0.00053619
-421.94956603	0.00053613
-421.91623278	0.00060470
-421.88289952	0.00064877
-421.84956626	0.00070024
-421.81623300	0.00074509
-421.78289974	0.00069961
-421.74956648	0.00071598
-421.71623323	0.00080602
-421.68289997	0.00081077
-421.64956671	0.00082749
-421.61623345	0.00089279
-421.58290019	0.00084393
-421.54956693	0.00100959
-421.51623368	0.00109835
-421.48290042	0.00105054
-421.44956716	0.00110966
-421.41623390	0.00121675
-421.38290064	0.00124231
-421.34956738	0.00131805
-421.31623413	0.00134851
-421.28290087	0.00144110
-421.24956761	0.00151145
-421.21623435	0.00148160
-421.18290109	0.00161617
-421.14956783	0.00163790
-421.11623458	0.00172609
-421.08290132	0.00177671
-421.04956806	0.00180342
-421.01623480	0.00175113
-420.98290154	0.00178929
-420.94956828	0.00173554
-420.91623503	0.00171682
-420.88290177	0.00155803
-420.84956851	0.00142605
-420.81623525	0.00127393
-420.78290199	0.00110634
-420.74956873	0.00084149
-420.71623548	0.00054362
-420.68290222	0.00019188
-420.64956896	-0.00022893
-420.61623570	-0.00064691
-420.58290244	-0.00112826
-420.54956918	-0.00165038
-420.51623593	-0.00208192
-420.48290267	-0.00262843
-420.44956941	-0.00313357
-420.41623615	-0.00362547
-420.38290289	-0.00408841
-420.34956963	-0.00454250
-420.31623638	-0.00488244
-420.28290312	-0.00516177
-420.24956986	-0.00539724
-420.21623660	-0.00559459
-420.18290334	-0.00562907
-420.14957008	-0.00552834
-420.11623683	-0.00538447
-420.08290357	-0.00511798
-420.04957031	-0.00467411
-420.01623705	-0.00425459
-419.98290379	-0.00365660
-419.94957053	-0.00287210
-419.91623728	-0.00206040
-419.88290402	-0.00116944
-419.84957076	-0.00013671
-419.81623750	0.00086368
-419.78290424	0.00190533
-419.74957098	0.00302844
-419.71623773	0.00408263
-419.68290447	0.00499883
-419.64957121	0.00595724
-419.61623795	0.00679516
-419.58290469	0.00736879
-419.54957143	0.00794060
-419.51623818	0.00818765
-419.48290492	0.00827304
-419.44957166	0.00810508
-419.41623840	0.00781066
-419.38290514	0.00732589
-419.34957188	0.00660702
-419.31623863	0.00581928
-419.28290537	0.00496693
-419.24957211	0.00395825
-419.21623885	0.00304550
-419.18290559	0.00209677
-419.14957233	0.00117483
-419.11623908	0.00051206
-419.08290582	-0.00020749
-419.04957256	-0.00075316
-419.01623930	-0.00112964
-418.98290604	-0.00136101
-418.94957278	-0.00146556
-418.91623953	-0.00137907
-418.88290627	-0.00119943
-418.84957301	-0.00098980
-418.81623975	-0.00075779
-418.78290649	-0.00050841
-418.74957323	-0.00021320
-418.71623997	0.00007719
-418.68290672	0.00026459
-418.64957346	0.00049006
-418.61624020	0.00053366
-418.58290694	0.00061587
-418.54957368	0.00065898
-418.51624042	0.00052586
-418.48290717	0.00043263
-418.44957391	0.00041616
-418.41624065	0.00033517
-418.38290739	0.00028148
-418.34957413	0.00017601
-418.31624087	0.00016033
-418.28290762	0.00005496
-418.24957436	0.00003993
-418.21624110	0.00004074
-418.18290784	0.00008516
-418.14957458	0.00005948
-418.11624132	0.00015250
-418.08290807	0.00024450
-418.04957481	0.00026352
-418.01624155	0.00035672
-417.98290829	0.00036886
-417.94957503	0.00031596
-417.91624177	0.00045777
-417.88290852	0.00042944
-417.84957526	0.00046418
-417.81624200	0.00046700
-417.78290874	0.00046143
-417.74957548	0.00044247
-417.71624222	0.00037074
-417.68290897	0.00044755
-417.64957571	0.00039797
-417.61624245	0.00036774
-417.58290919	0.00032410
-417.54957593	0.00040046
-417.51624267	0.00029225
-417.48290942	0.00031169
-417.44957616	0.00034617
-417.41624290	0.00023896
-417.38290964	0.00027942
-417.34957638	0.00024409
-417.31624312	0.00028115
-417.28290987	0.00020314
-417.24957661	0.00016381
-417.21624335	0.00013491
-417.18291009	0.00017613
-417.14957683	0.00012855
-417.11624357	0.00001428
-417.08291032	-0.00001165
-417.04957706	0.00004824
-417.01624380	0.00002886
-416.98291054	0.00006359
-416.94957728	0.00010676
-416.91624402	0.00019433
-416.88291077	0.00026828
-416.84957751	0.00038916
-416.81624425	0.00060482
-416.78291099	0.00073261
-416.74957773	0.00084847
-416.71624447	0.00102960
-416.68291122	0.00114763
-416.64957796	0.00124899
-416.61624470	0.00149032
-416.58291144	0.00156452
-416.54957818	0.00167586
-416.51624492	0.00173706
-416.48291167	0.00169383
-416.44957841	0.00171863
-416.41624515	0.00168484
-416.38291189	0.00159280
-416.34957863	0.00150442
-416.31624537	0.00143705
-416.28291212	0.00116396
-416.24957886	0.00106950
-416.21624560	0.00085726
-416.18291234	0.00066028
-416.14957908	0.00048563
-416.11624582	0.00035180
-416.08291257	0.00007496
-416.04957931	-0.00012163
-416.01624605	-0.00029432
-415.98291279	-0.00046959
-415.94957953	-0.00062869
-415.91624627	-0.00080470
-415.88291302	-0.00092172
-415.84957976	-0.00100585
-415.81624650	-0.00108129
-415.78291324	-0.00119286
-415.74957998	-0.00121393
-415.71624672	-0.00129357
-415.68291347	-0.00132828
-415.64958021	-0.00132051
-415.61624695	-0.00123449
-415.58291369	-0.00118625
-415.54958043	-0.00107728
-415.51624717	-0.00105295
-415.48291392	-0.00089014
-415.44958066	-0.00074262
-415.41624740	-0.00053950
-415.38291414	-0.00025225
-415.34958088	-0.00000543
-415.31624762	0.00024105
-415.28291437	0.00045827
-415.24958111	0.00081589
-415.21624785	0.00117375
-415.18291459	0.00147840
-415.14958133	0.00176455
-415.11624807	0.00200709
-415.08291481	0.00224401
-415.04958156	0.00239775
-415.01624830	0.00245774
-414.98291504	0.00257929
-414.94958178	0.00260791
-414.91624852	0.00253289
-414.88291526	0.00249366
-414.84958201	0.00230144
-414.81624875	0.00216985
-414.78291549	0.00194460
-414.74958223	0.00177224
-414.71624897	0.00143987
-414.68291571	0.00124114
-414.64958246	0.00110400
-414.61624920	0.00096744
-414.58291594	0.00081919
-414.54958268	0.00074462
-414.51624942	0.00064879
-414.48291616	0.00060772
-414.44958291	0.00058798
-414.41624965	0.00052848
-414.38291639	0.00051669
-414.34958313	0.00049890
-414.31624987	0.00053214
-414.28291661	0.00065447
-414.24958336	0.00059292
-414.21625010	0.00064408
-414.18291684	0.00062501
-414.14958358	0.00064932
-414.11625032	0.00070932
-414.08291706	0.00073286
-414.04958381	0.00074751
-414.01625055	0.00078501
-413.98291729	0.00070604
-413.94958403	0.00075550
-413.91625077	0.00087587
-413.88291751	0.00094228
-413.84958426	0.00089748
-413.81625100	0.00092088
-413.78291774	0.00094324
-413.74958448	0.00090760
-413.71625122	0.00088173
-413.68291796	0.00089284
-413.64958471	0.00089858
-413.61625145	0.00082970
-413.58291819	0.00090514
-413.54958493	0.00086296
-413.51625167	0.00083367
-413.48291841	0.00076614
-413.44958516	0.00081454
-413.41625190	0.00074111
-413.38291864	0.00073698
-413.34958538	0.00074716
-413.31625212	0.00071481
-413.28291886	0.00071245
-413.24958561	0.00068720
-413.21625235	0.00077601
-413.18291909	0.00076181
-413.14958583	0.00072137
-413.11625257	0.00072628
-413.08291931	0.00078260
-413.04958606	0.00077296
-413.01625280	0.00077918
-412.98291954	0.00080922
-412.94958628	0.00071551
-412.91625302	0.00071212
-412.88291976	0.00077443
-412.84958651	0.00077507
-412.81625325	0.00066474
-412.78291999	0.00075565
-412.74958673	0.00076467
-412.71625347	0.00071811
-412.68292021	0.00069091
-412.64958696	0.00058130
-412.61625370	0.00057018
-412.58292044	0.00058149
-412.54958718	0.00059755
-412.51625392	0.00054851
-412.48292066	0.00046728
-412.44958741	0.00038094
-412.41625415	0.00040443
-412.38292089	0.00039649
-412.34958763	0.00036995
-412.31625437	0.00038638
-412.28292111	0.00035644
-412.24958786	0.00036349
-412.21625460	0.00037339
-412.18292134	0.00032980
-412.14958808	0.00028014
-412.11625482	0.00033032
-412.08292156	0.00034304
-412.04958831	0.00034710
-412.01625505	0.00029269
-411.98292179	0.00023376
-411.94958853	0.00011590
-411.91625527	0.00011101
-411.88292201	-0.00006458
-411.84958876	-0.00012758
-411.81625550	-0.00020899
-411.78292224	-0.00049760
-411.74958898	-0.00064388
-411.71625572	-0.00080029
-411.68292246	-0.00109499
-411.64958921	-0.00130417
-411.61625595	-0.00166161
-411.58292269	-0.00192930
-411.54958943	-0.00221884
-411.51625617	-0.00253485
-411.48292291	-0.00295136
-411.44958966	-0.00330751
-411.41625640	-0.00358045
-411.38292314	-0.00394290
-411.34958988	-0.00420682
-411.31625662	-0.00437131
-411.28292336	-0.00472195
-411.24959010	-0.00490143
-411.21625685	-0.00499873
-411.18292359	-0.00511892
-411.14959033	-0.00500644
-411.11625707	-0.00502847
-411.08292381	-0.00497779
-411.04959055	-0.00476320
-411.01625730	-0.00463442
-410.98292404	-0.00436704
-410.94959078	-0.00404551
-410.91625752	-0.00369710
-410.88292426	-0.00331803
-410.84959100	-0.00286757
-410.81625775	-0.00229887
-410.78292449	-0.00168785
-410.74959123	-0.00101984
-410.71625797	-0.00031074
-410.68292471	0.00046416
-410.64959145	0.00117364
-410.61625820	0.00194680
-410.58292494	0.00274558
-410.54959168	0.00342934
-410.51625842	0.00403259
-410.48292516	0.00456690
-410.44959190	0.00491051
-410.41625865	0.00511795
-410.38292539	0.00505593
-410.34959213	0.00492431
-410.31625887	0.00461751
-410.28292561	0.00413789
-410.24959235	0.00361863
-410.21625910	0.00302019
-410.18292584	0.00248397
-410.14959258	0.00184973
-410.11625932	0.00140639
-410.08292606	0.00106488
-410.04959280	0.00071581
-410.01625955	0.00069140
-409.98292629	0.00072803
-409.94959303	0.00099470
-409.91625977	0.00133898
-409.88292651	0.00190234
-409.84959325	0.00253625
-409.81626000	0.00337190
-409.78292674	0.00429474
-409.74959348	0.00522642
-409.71626022	0.00632809
-409.68292696	0.00746542
-409.64959370	0.00861553
-409.61626045	0.01000712
-409.58292719	0.01125796
-409.54959393	0.01273409
-409.51626067	0.01427279
-409.48292741	0.01589238
-409.44959415	0.01771237
-409.41626090	0.01956640
-409.38292764	0.02158159
-409.34959438	0.02388253
-409.31626112	0.02631020
-409.28292786	0.02898163
-409.24959460	0.03187232
-409.21626135	0.03504341
-409.18292809	0.03837131
-409.14959483	0.04193529
-409.11626157	0.04575980
-409.08292831	0.04987402
-409.04959505	0.05422575
-409.01626180	0.05881459
-408.98292854	0.06357988
-408.94959528	0.06862419
-408.91626202	0.07379398
-408.88292876	0.07919519
-408.84959550	0.08479771
-408.81626225	0.09044193
-408.78292899	0.09621457
-408.74959573	0.10194612
-408.71626247	0.10763482
-408.68292921	0.11325546
-408.64959595	0.11851289
-408.61626270	0.12326479
-408.58292944	0.12729800
-408.54959618	0.13043942
-408.51626292	0.13213809
-408.48292966	0.13224882
-408.44959640	0.13036433
-408.41626315	0.12569766
-408.38292989	0.11823982
-408.34959663	0.10703365
-408.31626337	0.09184583
-408.28293011	0.07216045
-408.24959685	0.04764715
-408.21626360	0.01803132
-408.18293034	-0.01684605
-408.14959708	-0.05715822
-408.11626382	-0.10254108
-408.08293056	-0.15278636
-408.04959730	-0.20700852
-408.01626405	-0.26443413
-407.98293079	-0.32405725
-407.94959753	-0.38465862
-407.91626427	-0.44480924
-407.88293101	-0.50294980
-407.84959775	-0.55761124
-407.81626450	-0.60707481
-407.78293124	-0.64984559
-407.74959798	-0.68457698
-407.71626472	-0.70980189
-407.68293146	-0.72470127
-407.64959820	-0.72819074
-407.61626494	-0.71950779
-407.58293169	-0.69809736
-407.54959843	-0.66338757
-407.51626517	-0.61530875
-407.48293191	-0.55363153
-407.44959865	-0.47842989
-407.41626539	-0.38977670
-407.38293214	-0.28859495
-407.34959888	-0.17584484
-407.31626562	-0.05322683
-407.28293236	0.07677947
-407.24959910	0.21136570
-407.21626584	0.34665839
-407.18293259	0.47864498
-407.14959933	0.60295439
-407.11626607	0.71490953
-407.08293281	0.81007481
-407.04959955	0.88443779
-407.01626629	0.93475669
-406.98293304	0.95886007
-406.94959978	0.95595576
-406.91626652	0.92654652
-406.88293326	0.87250329
-406.84960000	0.79697519
-406.81626674	0.70390566
-406.78293349	0.59782351
-406.74960023	0.48395881
-406.71626697	0.36750832
-406.68293371	0.25308831
-406.64960045	0.14504234
-406.61626719	0.04669108
-406.58293394	-0.03920646
-406.54960068	-0.11074545
-406.51626742	-0.16712089
-406.48293416	-0.20814376
-406.44960090	-0.23434280
-406.41626764	-0.24691602
-406.38293439	-0.24772455
-406.34960113	-0.23894039
-406.31626787	-0.22251163
-406.28293461	-0.20091961
-406.24960135	-0.17621983
-406.21626809	-0.15042322
-406.18293484	-0.12525853
-406.14960158	-0.10186524
-406.11626832	-0.08111117
-406.08293506	-0.06356775
-406.04960180	-0.04914895
-406.01626854	-0.03796109
-405.98293529	-0.02960896
-405.94960203	-0.02367736
-405.91626877	-0.01982141
-405.88293551	-0.01763124
-405.84960225	-0.01661888
-405.81626899	-0.01653405
-405.78293574	-0.01689597
-405.74960248	-0.01750045
-405.71626922	-0.01790538
-405.68293596	-0.01797500
-405.64960270	-0.01760656
-405.61626944	-0.01680386
-405.58293619	-0.01567196
-405.54960293	-0.01468961
-405.51626967	-0.01423615
-405.48293641	-0.01450285
-405.44960315	-0.01598517
-405.41626989	-0.01850119
-405.38293664	-0.02205898
-405.34960338	-0.02603099
-405.31627012	-0.03015380
-405.28293686	-0.03357778
-405.24960360	-0.03573783
-405.21627034	-0.03616692
-405.18293709	-0.03476344
-405.14960383	-0.03153761
-405.11627057	-0.02672399
-405.08293731	-0.02091419
-405.04960405	-0.01456428
-405.01627079	-0.00843328
-404.98293754	-0.00295218
-404.94960428	0.00161912
-404.91627102	0.00473784
-404.88293776	0.00637307
-404.84960450	0.00647933
-404.81627124	0.00518579
-404.78293799	0.00232203
-404.74960473	-0.00159064
-404.71627147	-0.00639908
-404.68293821	-0.01211669
-404.64960495	-0.01806863
-404.61627169	-0.02371687
-404.58293844	-0.02902706
-404.54960518	-0.03343418
-404.51627192	-0.03683606
-404.48293866	-0.03906444
-404.44960540	-0.04008397
-404.41627214	-0.03986382
-404.38293889	-0.03865338
-404.34960563	-0.03652640
-404.31627237	-0.03365439
-404.28293911	-0.03014313
-404.24960585	-0.02623417
-404.21627259	-0.02203999
-404.18293934	-0.01764042
-404.14960608	-0.01322283
-404.11627282	-0.00895322
-404.08293956	-0.00484680
-404.04960630	-0.00104579
-404.01627304	0.00242605
-403.98293978	0.00564641
-403.94960653	0.00840341
-403.91627327	0.01080247
-403.88294001	0.01251186
-403.84960675	0.01353533
-403.81627349	0.01366187
-403.78294023	0.01262456
-403.74960698	0.01044382
-403.71627372	0.00695370
-403.68294046	0.00231600
-403.64960720	-0.00321281
-403.61627394	-0.00952813
-403.58294068	-0.01606228
-403.54960743	-0.02263805
-403.51627417	-0.02884233
-403.48294091	-0.03428744
-403.44960765	-0.03846235
-403.41627439	-0.04150214
-403.38294113	-0.04307877
-403.34960788	-0.04316888
-403.31627462	-0.04174343
-403.28294136	-0.03887106
-403.24960810	-0.03494517
-403.21627484	-0.03000968
-403.18294158	-0.02456029
-403.14960833	-0.01903019
-403.11627507	-0.01389829
-403.08294181	-0.00923801
-403.04960855	-0.00567341
-403.01627529	-0.00311335
-402.98294203	-0.00170476
-402.94960878	-0.00107774
-402.91627552	-0.00114694
-402.88294226	-0.00153885
-402.84960900	-0.00184328
-402.81627574	-0.00186143
-402.78294248	-0.00128536
-402.74960923	-0.00000178
-402.71627597	0.00196388
-402.68294271	0.00457099
-402.64960945	0.00765057
-402.61627619	0.01117616
-402.58294293	0.01469353
-402.54960968	0.01809313
-402.51627642	0.02112999
-402.48294316	0.02375739
-402.44960990	0.02576050
-402.41627664	0.02718176
-402.38294338	0.02770425
-402.34961013	0.02754178
-402.31627687	0.02651273
-402.28294361	0.02477340
-402.24961035	0.02251767
-402.21627709	0.01960621
-402.18294383	0.01663704
-402.14961058	0.01356224
-402.11627732	0.01058834
-402.08294406	0.00791105
-402.04961080	0.00561319
-402.01627754	0.00356679
-401.98294428	0.00186907
-401.94961103	0.00040895
-401.91627777	-0.00112258
-401.88294451	-0.00255544
-401.84961125	-0.00412013
-401.81627799	-0.00569375
-401.78294473	-0.00709990
-401.74961148	-0.00836592
-401.71627822	-0.00937129
-401.68294496	-0.00990120
-401.64961170	-0.01002508
-401.61627844	-0.00969962
-401.58294518	-0.00894065
-401.54961193	-0.00775141
-401.51627867	-0.00630472
-401.48294541	-0.00469419
-401.44961215	-0.00299474
-401.41627889	-0.00142091
-401.38294563	0.00010816
-401.34961238	0.00140525
-401.31627912	0.00250623
-401.28294586	0.00339549
-401.24961260	0.00414464
-401.21627934	0.00478043
-401.18294608	0.00528369
-401.14961283	0.00578607
-401.11627957	0.00641886
-401.08294631	0.00694211
-401.04961305	0.00748446
-401.01627979	0.00809424
-400.98294653	0.00872147
-400.94961328	0.00932628
-400.91628002	0.00969999
-400.88294676	0.01005706
-400.84961350	0.01031518
-400.81628024	0.01043841
-400.78294698	0.01054316
-400.74961373	0.01055647
-400.71628047	0.01053759
-400.68294721	0.01037629
-400.64961395	0.01032345
-400.61628069	0.01025174
-400.58294743	0.01025507
-400.54961418	0.01041195
-400.51628092	0.01081507
-400.48294766	0.01138473
-400.44961440	0.01214346
-400.41628114	0.01306824
-400.38294788	0.01389549
-400.34961462	0.01452850
-400.31628137	0.01488223
-400.28294811	0.01483300
-400.24961485	0.01421463
-400.21628159	0.01310372
-400.18294833	0.01152309
-400.14961507	0.00973181
-400.11628182	0.00762126
-400.08294856	0.00545644
-400.04961530	0.00329514
-400.01628204	0.00122285
-399.98294878	-0.00099849
-399.94961552	-0.00312507
-399.91628227	-0.00521013
-399.88294901	-0.00710886
-399.84961575	-0.00890474
-399.81628249	-0.01029491
-399.78294923	-0.01123924
-399.74961597	-0.01165478
-399.71628272	-0.01165640
-399.68294946	-0.01118070
-399.64961620	-0.01053465
-399.61628294	-0.00998746
-399.58294968	-0.00961618
-399.54961642	-0.00970351
-399.51628317	-0.01031579
-399.48294991	-0.01163715
-399.44961665	-0.01341902
-399.41628339	-0.01556751
-399.38295013	-0.01813337
-399.34961687	-0.02069352
-399.31628362	-0.02335512
-399.28295036	-0.02592151
-399.24961710	-0.02837656
-399.21628384	-0.03064684
-399.18295058	-0.03275182
-399.14961732	-0.03460341
-399.11628407	-0.03618961
-399.08295081	-0.03712404
-399.04961755	-0.03750855
-399.01628429	-0.03696960
-398.98295103	-0.03547472
-398.94961777	-0.03287129
-398.91628452	-0.02913944
-398.88295126	-0.02425263
-398.84961800	-0.01832931
-398.81628474	-0.01135293
-398.78295148	-0.00337818
-398.74961822	0.00539593
-398.71628497	0.01466160
-398.68295171	0.02405314
-398.64961845	0.03342558
-398.61628519	0.04203767
-398.58295193	0.04947464
-398.54961867	0.05528454
-398.51628542	0.05878502
-398.48295216	0.05972418
-398.44961890	0.05804397
-398.41628564	0.05377003
-398.38295238	0.04724992
-398.34961912	0.03882275
-398.31628587	0.02915417
-398.28295261	0.01907267
-398.24961935	0.00904145
-398.21628609	-0.00019216
-398.18295283	-0.00817912
-398.14961957	-0.01445362
-398.11628632	-0.01914598
-398.08295306	-0.02204684
-398.04961980	-0.02344684
-398.01628654	-0.02335040
-397.98295328	-0.02246859
-397.94962002	-0.02080091
-397.91628677	-0.01862504
-397.88295351	-0.01622166
-397.84962025	-0.01357062
-397.81628699	-0.01084785
-397.78295373	-0.00815346
-397.74962047	-0.00537951
-397.71628722	-0.00290204
-397.68295396	-0.00057451
-397.64962070	0.00165249
-397.61628744	0.00338891
-397.58295418	0.00498739
-397.54962092	0.00622944
-397.51628767	0.00678868
-397.48295441	0.00712203
-397.44962115	0.00713690
-397.41628789	0.00682223
-397.38295463	0.00628459
-397.34962137	0.00567340
-397.31628812	0.00495536
-397.28295486	0.00434017
-397.24962160	0.00380231
-397.21628834	0.00356370
-397.18295508	0.00345947
-397.14962182	0.00349195
-397.11628857	0.00375538
-397.08295531	0.00395123
-397.04962205	0.00401055
-397.01628879	0.00404110
-396.98295553	0.00395447
-396.94962227	0.00364437
-396.91628902	0.00344759
-396.88295576	0.00330258
-396.84962250	0.00331592
-396.81628924	0.00365438
-396.78295598	0.00434370
-396.74962272	0.00534407
-396.71628946	0.00665176
-396.68295621	0.00793630
-396.64962295	0.00906477
-396.61628969	0.00993438
-396.58295643	0.01023362
-396.54962317	0.01012100
-396.51628991	0.00946213
-396.48295666	0.00830365
-396.44962340	0.00670644
-396.41629014	0.00459817
-396.38295688	0.00217754
-396.34962362	-0.00066851
-396.31629036	-0.00368084
-396.28295711	-0.00695105
-396.24962385	-0.01023366
-396.21629059	-0.01348497
-396.18295733	-0.01633730
-396.14962407	-0.01876660
-396.11629081	-0.02037381
-396.08295756	-0.02122836
-396.04962430	-0.02109236
-396.01629104	-0.02025766
-395.98295778	-0.01852780
-395.94962452	-0.01609622
-395.91629126	-0.01340677
-395.88295801	-0.01027304
-395.84962475	-0.00708360
-395.81629149	-0.00397619
-395.78295823	-0.00080341
-395.74962497	0.00210453
-395.71629171	0.00489295
-395.68295846	0.00748580
-395.64962520	0.00985821
-395.61629194	0.01205487
-395.58295868	0.01397491
-395.54962542	0.01535828
-395.51629216	0.01637946
-395.48295891	0.01698377
-395.44962565	0.01706609
-395.41629239	0.01662177
-395.38295913	0.01547153
-395.34962587	0.01386825
-395.31629261	0.01171600
-395.28295936	0.00905623
-395.24962610	0.00590710
-395.21629284	0.00245067
-395.18295958	-0.00119283
-395.14962632	-0.00485906
-395.11629306	-0.00834575
-395.08295981	-0.01159033
-395.04962655	-0.01422879
-395.01629329	-0.01608243
-394.98296003	-0.01701513
-394.94962677	-0.01684117
-394.91629351	-0.01565466
-394.88296026	-0.01336049
-394.84962700	-0.01032622
-394.81629374	-0.00657704
-394.78296048	-0.00255969
-394.74962722	0.00151891
-394.71629396	0.00519839
-394.68296071	0.00833433
-394.64962745	0.01045705
-394.61629419	0.01158126
-394.58296093	0.01153893
-394.54962767	0.01037657
-394.51629441	0.00809515
-394.48296116	0.00506096
-394.44962790	0.00142630
-394.41629464	-0.00249946
-394.38296138	-0.00652300
-394.34962812	-0.01027969
-394.31629486	-0.01349529
-394.28296161	-0.01590457
-394.24962835	-0.01750539
-394.21629509	-0.01809707
-394.18296183	-0.01778103
-394.14962857	-0.01648090
-394.11629531	-0.01443755
-394.08296206	-0.01177770
-394.04962880	-0.00860835
-394.01629554	-0.00524307
-393.98296228	-0.00189679
-393.94962902	0.00123656
-393.91629576	0.00391965
-393.88296251	0.00609839
-393.84962925	0.00766267
-393.81629599	0.00847260
-393.78296273	0.00869930
-393.74962947	0.00833606
-393.71629621	0.00771393
-393.68296296	0.00688593
-393.64962970	0.00605773
-393.61629644	0.00538915
-393.58296318	0.00487689
-393.54962992	0.00449073
-393.51629666	0.00422614
-393.48296341	0.00399414
-393.44963015	0.00373895
-393.41629689	0.00325425
-393.38296363	0.00274012
-393.34963037	0.00202062
-393.31629711	0.00137239
-393.28296386	0.00074835
-393.24963060	0.00030168
-393.21629734	-0.00001608
-393.18296408	0.00000173
-393.14963082	0.00029065
-393.11629756	0.00089901
-393.08296431	0.00166708
-393.04963105	0.00256758
-393.01629779	0.00359130
-392.98296453	0.00453117
-392.94963127	0.00533126
-392.91629801	0.00593732
-392.88296475	0.00611135
-392.84963150	0.00562093
-392.81629824	0.00452491
-392.78296498	0.00268706
-392.74963172	-0.00004378
-392.71629846	-0.00332107
-392.68296520	-0.00726396
-392.64963195	-0.01141799
-392.61629869	-0.01558057
-392.58296543	-0.01923531
-392.54963217	-0.02211266
-392.51629891	-0.02402147
-392.48296565	-0.02485697
-392.44963240	-0.02445796
-392.41629914	-0.02299041
-392.38296588	-0.02051828
-392.34963262	-0.01747089
-392.31629936	-0.01389859
-392.28296610	-0.01021943
-392.24963285	-0.00640277
-392.21629959	-0.00281590
-392.18296633	0.00050729
-392.14963307	0.00346142
-392.11629981	0.00610998
-392.08296655	0.00838860
-392.04963330	0.01034734
-392.01630004	0.01200666
-391.98296678	0.01326697
-391.94963352	0.01430948
-391.91630026	0.01503410
-391.88296700	0.01544689
-391.84963375	0.01549652
-391.81630049	0.01509456
-391.78296723	0.01427539
-391.74963397	0.01305569
-391.71630071	0.01138564
-391.68296745	0.00925630
-391.64963420	0.00691402
-391.61630094	0.00422577
-391.58296768	0.00144435
-391.54963442	-0.00120540
-391.51630116	-0.00375053
-391.48296790	-0.00578679
-391.44963465	-0.00737397
-391.41630139	-0.00818859
-391.38296813	-0.00809854
-391.34963487	-0.00735905
-391.31630161	-0.00578049
-391.28296835	-0.00348368
-391.24963510	-0.00072785
-391.21630184	0.00221739
-391.18296858	0.00492764
-391.14963532	0.00718076
-391.11630206	0.00871579
-391.08296880	0.00925687
-391.04963555	0.00861824
-391.01630229	0.00687479
-390.98296903	0.00389665
-390.94963577	0.00004523
-390.91630251	-0.00449897
-390.88296925	-0.00945735
-390.84963600	-0.01428000
-390.81630274	-0.01879776
-390.78296948	-0.02253059
-390.74963622	-0.02514841
-390.71630296	-0.02648548
-390.68296970	-0.02656149
-390.64963645	-0.02522018
-390.61630319	-0.02254991
-390.58296993	-0.01882517
-390.54963667	-0.01429252
-390.51630341	-0.00930531
-390.48297015	-0.00426630
-390.44963690	0.00068386
-390.41630364	0.00525458
-390.38297038	0.00919803
-390.34963712	0.01226581
-390.31630386	0.01462920
-390.28297060	0.01607362
-390.24963735	0.01675698
-390.21630409	0.01669734
-390.18297083	0.01597452
-390.14963757	0.01452063
-390.11630431	0.01244614
-390.08297105	0.00992814
-390.04963780	0.00694900
-390.01630454	0.00381164
-389.98297128	0.00054584
-389.94963802	-0.00259408
-389.91630476	-0.00542550
-389.88297150	-0.00781542
-389.84963825	-0.00969602
-389.81630499	-0.01109184
-389.78297173	-0.01182981
-389.74963847	-0.01203325
-389.71630521	-0.01151259
-389.68297195	-0.01064739
-389.64963870	-0.00909225
-389.61630544	-0.00722868
-389.58297218	-0.00502213
-389.54963892	-0.00251405
-389.51630566	0.00011976
-389.48297240	0.00296912
-389.44963915	0.00547575
-389.41630589	0.00765128
-389.38297263	0.00951601
-389.34963937	0.01055589
-389.31630611	0.01096825
-389.28297285	0.01062140
-389.24963959	0.00947788
-389.21630634	0.00764525
-389.18297308	0.00525735
-389.14963982	0.00243229
-389.11630656	-0.00066782
-389.08297330	-0.00386027
-389.04964004	-0.00701603
-389.01630679	-0.00992257
-388.98297353	-0.01231153
-388.94964027	-0.01426994
-388.91630701	-0.01536811
-388.88297375	-0.01565617
-388.84964049	-0.01520295
-388.81630724	-0.01389789
-388.78297398	-0.01188437
-388.74964072	-0.00930944
-388.71630746	-0.00625192
-388.68297420	-0.00332700
-388.64964094	-0.00045901
-388.61630769	0.00214715
-388.58297443	0.00421972
-388.54964117	0.00586218
-388.51630791	0.00676046
-388.48297465	0.00715002
-388.44964139	0.00702587
-388.41630814	0.00660147
-388.38297488	0.00594054
-388.34964162	0.00506204
-388.31630836	0.00415712
-388.28297510	0.00342061
-388.24964184	0.00277387
-388.21630859	0.00233839
-388.18297533	0.00208842
-388.14964207	0.00187596
-388.11630881	0.00184880
-388.08297555	0.00178013
-388.04964229	0.00179703
-388.01630904	0.00179516
-387.98297578	0.00183062
-387.94964252	0.00191731
-387.91630926	0.00206916
-387.88297600	0.00248151
-387.84964274	0.00326879
-387.81630949	0.00430634
-387.78297623	0.00561380
-387.74964297	0.00722099
-387.71630971	0.00911932
-387.68297645	0.01085005
-387.64964319	0.01254231
-387.61630994	0.01404552
-387.58297668	0.01506809
-387.54964342	0.01559628
-387.51631016	0.01547659
-387.48297690	0.01456539
-387.44964364	0.01308821
-387.41631039	0.01107724
-387.38297713	0.00846764
-387.34964387	0.00548548
-387.31631061	0.00238414
-387.28297735	-0.00063038
-387.24964409	-0.00324543
-387.21631084	-0.00531701
-387.18297758	-0.00667977
-387.14964432	-0.00714838
-387.11631106	-0.00667651
-387.08297780	-0.00534283
-387.04964454	-0.00330777
-387.01631129	-0.00076853
-386.98297803	0.00201664
-386.94964477	0.00484894
-386.91631151	0.00741703
-386.88297825	0.00948149
-386.84964499	0.01088314
-386.81631174	0.01148498
-386.78297848	0.01123357
-386.74964522	0.01001152
-386.71631196	0.00785748
-386.68297870	0.00500013
-386.64964544	0.00153152
-386.61631219	-0.00262125
-386.58297893	-0.00715025
-386.54964567	-0.01195463
-386.51631241	-0.01690637
-386.48297915	-0.02185093
-386.44964589	-0.02687088
-386.41631264	-0.03170635
-386.38297938	-0.03653844
-386.34964612	-0.04114074
-386.31631286	-0.04568574
-386.28297960	-0.04991782
-386.24964634	-0.05375720
-386.21631309	-0.05717166
-386.18297983	-0.05998474
-386.14964657	-0.06205355
-386.11631331	-0.06346359
-386.08298005	-0.06377616
-386.04964679	-0.06321453
-386.01631354	-0.06167745
-385.98298028	-0.05918180
-385.94964702	-0.05560250
-385.91631376	-0.05102082
-385.88298050	-0.04553149
-385.84964724	-0.03907746
-385.81631399	-0.03188149
-385.78298073	-0.02373651
-385.74964747	-0.01488069
-385.71631421	-0.00545853
-385.68298095	0.00460309
-385.64964769	0.01503413
-385.61631443	0.02557402
-385.58298118	0.03616208
-385.54964792	0.04641177
-385.51631466	0.05625467
-385.48298140	0.06533029
-385.44964814	0.07348481
-385.41631488	0.08037651
-385.38298163	0.08573810
-385.34964837	0.08936651
-385.31631511	0.09137930
-385.28298185	0.09132590
-385.24964859	0.08909710
-385.21631533	0.08491073
-385.18298208	0.07859313
-385.14964882	0.07029296
-385.11631556	0.06034273
-385.08298230	0.04899214
-385.04964904	0.03664032
-385.01631578	0.02370969
-384.98298253	0.01080166
-384.94964927	-0.00160983
-384.91631601	-0.01289754
-384.88298275	-0.02272371
-384.84964949	-0.03067427
-384.81631623	-0.03673967
-384.78298298	-0.04050758
-384.74964972	-0.04214942
-384.71631646	-0.04180795
-384.68298320	-0.03965771
-384.64964994	-0.03583336
-384.61631668	-0.03079212
-384.58298343	-0.02503303
-384.54965017	-0.01869835
-384.51631691	-0.01241734
-384.48298365	-0.00633527
-384.44965039	-0.00095564
-384.41631713	0.00350973
-384.38298388	0.00701099
-384.34965062	0.00941488
-384.31631736	0.01072353
-384.28298410	0.01111425
-384.24965084	0.01062684
-384.21631758	0.00951087
-384.18298433	0.00796631
-384.14965107	0.00607452
-384.11631781	0.00417181
-384.08298455	0.00205367
-384.04965129	0.00003855
-384.01631803	-0.00188489
-383.98298478	-0.00380135
-383.94965152	-0.00548104
-383.91631826	-0.00706478
-383.88298500	-0.00860514
-383.84965174	-0.00983966
-383.81631848	-0.01088413
-383.78298523	-0.01168141
-383.74965197	-0.01218469
-383.71631871	-0.01244061
-383.68298545	-0.01231477
-383.64965219	-0.01190316
-383.61631893	-0.01109396
-383.58298568	-0.01003817
-383.54965242	-0.00866709
-383.51631916	-0.00717627
-383.48298590	-0.00546421
-383.44965264	-0.00389017
-383.41631938	-0.00238536
-383.38298613	-0.00113149
-383.34965287	-0.00019274
-383.31631961	0.00045625
-383.28298635	0.00055545
-383.24965309	0.00032235
-383.21631983	-0.00012783
-383.18298658	-0.00099809
-383.14965332	-0.00195490
-383.11632006	-0.00301988
-383.08298680	-0.00398331
-383.04965354	-0.00492332
-383.01632028	-0.00563356
-382.98298703	-0.00590788
-382.94965377	-0.00586521
-382.91632051	-0.00543667
-382.88298725	-0.00453609
-382.84965399	-0.00327183
-382.81632073	-0.00180377
-382.78298748	-0.00014133
-382.74965422	0.00150851
-382.71632096	0.00318788
-382.68298770	0.00476411
-382.64965444	0.00602149
-382.61632118	0.00694028
-382.58298793	0.00749394
-382.54965467	0.00793810
-382.51632141	0.00796021
-382.48298815	0.00765446
-382.44965489	0.00701923
-382.41632163	0.00619533
-382.38298838	0.00507570
-382.34965512	0.00392459
-382.31632186	0.00250363
-382.28298860	0.00100802
-382.24965534	-0.00032348
-382.21632208	-0.00184816
-382.18298883	-0.00313907
-382.14965557	-0.00442242
-382.11632231	-0.00554575
-382.08298905	-0.00656839
-382.04965579	-0.00741822
-382.01632253	-0.00799099
-381.98298927	-0.00852234
-381.94965602	-0.00891122
-381.91632276	-0.00901337
-381.88298950	-0.00905107
-381.84965624	-0.00897197
-381.81632298	-0.00873154
-381.78298972	-0.00843342
-381.74965647	-0.00805504
-381.71632321	-0.00776758
-381.68298995	-0.00756224
-381.64965669	-0.00748300
-381.61632343	-0.00758922
-381.58299017	-0.00768071
-381.54965692	-0.00775774
-381.51632366	-0.00777927
-381.48299040	-0.00758043
-381.44965714	-0.00719702
-381.41632388	-0.00629781
-381.38299062	-0.00508552
-381.34965737	-0.00364025
-381.31632411	-0.00172902
-381.28299085	0.00034254
-381.24965759	0.00267441
-381.21632433	0.00519303
-381.18299107	0.00748616
-381.14965782	0.00973353
-381.11632456	0.01168863
-381.08299130	0.01331794
-381.04965804	0.01445956
-381.01632478	0.01493251
-380.98299152	0.01499109
-380.94965827	0.01440347
-380.91632501	0.01343891
-380.88299175	0.01211428
-380.84965849	0.01046657
-380.81632523	0.00882991
-380.78299197	0.00694382
-380.74965872	0.00519393
-380.71632546	0.00348591
-380.68299220	0.00176542
-380.64965894	0.00016570
-380.61632568	-0.00125240
-380.58299242	-0.00262659
-380.54965917	-0.00383280
-380.51632591	-0.00490409
-380.48299265	-0.00586103
-380.44965939	-0.00655228
-380.41632613	-0.00709557
-380.38299287	-0.00750868
-380.34965962	-0.00772494
-380.31632636	-0.00774015
-380.28299310	-0.00756563
-380.24965984	-0.00710330
-380.21632658	-0.00650955
-380.18299332	-0.00575441
-380.14966007	-0.00489577
-380.11632681	-0.00397008
-380.08299355	-0.00310228
-380.04966029	-0.00221951
-380.01632703	-0.00145062
-379.98299377	-0.00100306
-379.94966052	-0.00085585
-379.91632726	-0.00081207
-379.88299400	-0.00101596
-379.84966074	-0.00142046
-379.81632748	-0.00193632
-379.78299422	-0.00258213
-379.74966097	-0.00330082
-379.71632771	-0.00395091
-379.68299445	-0.00449905
-379.64966119	-0.00494484
-379.61632793	-0.00525294
-379.58299467	-0.00530024
-379.54966142	-0.00500125
-379.51632816	-0.00451360
-379.48299490	-0.00364202
-379.44966164	-0.00250084
-379.41632838	-0.00103765
-379.38299512	0.00052780
-379.34966187	0.00218138
-379.31632861	0.00393184
-379.28299535	0.00555901
-379.24966209	0.00708505
-379.21632883	0.00837333
-379.18299557	0.00936378
-379.14966232	0.01003664
-379.11632906	0.01041272
-379.08299580	0.01036528
-379.04966254	0.00977261
-379.01632928	0.00891747
-378.98299602	0.00761712
-378.94966277	0.00589759
-378.91632951	0.00386625
-378.88299625	0.00167964
-378.84966299	-0.00065482
-378.81632973	-0.00275623
-378.78299647	-0.00472620
-378.74966322	-0.00625785
-378.71632996	-0.00731758
-378.68299670	-0.00774592
-378.64966344	-0.00758826
-378.61633018	-0.00693615
-378.58299692	-0.00577133
-378.54966367	-0.00423532
-378.51633041	-0.00246996
-378.48299715	-0.00057646
-378.44966389	0.00118868
-378.41633063	0.00280801
-378.38299737	0.00404521
-378.34966411	0.00487153
-378.31633086	0.00522685
-378.28299760	0.00501657
-378.24966434	0.00435205
-378.21633108	0.00323233
-378.18299782	0.00149512
-378.14966456	-0.00048698
-378.11633131	-0.00259429
-378.08299805	-0.00492263
-378.04966479	-0.00720670
-378.01633153	-0.00932556
-377.98299827	-0.01119766
-377.94966501	-0.01267995
-377.91633176	-0.01372260
-377.88299850	-0.01421915
-377.84966524	-0.01423160
-377.81633198	-0.01382357
-377.78299872	-0.01277925
-377.74966546	-0.01139177
-377.71633221	-0.00967021
-377.68299895	-0.00753874
-377.64966569	-0.00530303
-377.61633243	-0.00299077
-377.58299917	-0.00067792
-377.54966591	0.00146031
-377.51633266	0.00347557
-377.48299940	0.00511112
-377.44966614	0.00648703
-377.41633288	0.00749363
-377.38299962	0.00803664
-377.34966636	0.00823540
-377.31633311	0.00809322
-377.28299985	0.00764694
-377.24966659	0.00684194
-377.21633333	0.00577583
-377.18300007	0.00459512
-377.14966681	0.00327085
-377.11633356	0.00208490
-377.08300030	0.00101631
-377.04966704	0.00000955
-377.01633378	-0.00076140
-376.98300052	-0.00121447
-376.94966726	-0.00140050
-376.91633401	-0.00134943
-376.88300075	-0.00112576
-376.84966749	-0.00063960
-376.81633423	-0.00026423
-376.78300097	0.00016429
-376.74966771	0.00056493
-376.71633446	0.00074484
-376.68300120	0.00072000
-376.64966794	0.00049565
-376.61633468	0.00004419
-376.58300142	-0.00064726
-376.54966816	-0.00139465
-376.51633491	-0.00218835
-376.48300165	-0.00309955
-376.44966839	-0.00396461
-376.41633513	-0.00465656
-376.38300187	-0.00529330
-376.34966861	-0.00577423
-376.31633536	-0.00604484
-376.28300210	-0.00603137
-376.24966884	-0.00582341
-376.21633558	-0.00539395
-376.18300232	-0.00477911
-376.14966906	-0.00386685
-376.11633581	-0.00273846
-376.08300255	-0.00151627
-376.04966929	-0.00013632
-376.01633603	0.00126181
-375.98300277	0.00272730
-375.94966951	0.00419579
-375.91633626	0.00572784
-375.88300300	0.00710267
-375.84966974	0.00849218
-375.81633648	0.00969688
-375.78300322	0.01089939
-375.74966996	0.01197980
-375.71633671	0.01300399
-375.68300345	0.01375659
-375.64967019	0.01422938
-375.61633693	0.01454986
-375.58300367	0.01437920
-375.54967041	0.01381262
-375.51633716	0.01293469
-375.48300390	0.01156613
-375.44967064	0.00977696
-375.41633738	0.00777527
-375.38300412	0.00565141
-375.34967086	0.00337577
-375.31633761	0.00115289
-375.28300435	-0.00097229
-375.24967109	-0.00295240
-375.21633783	-0.00464043
-375.18300457	-0.00598737
-375.14967131	-0.00702943
-375.11633806	-0.00766385
-375.08300480	-0.00792983
-375.04967154	-0.00784930
-375.01633828	-0.00747659
-374.98300502	-0.00676649
-374.94967176	-0.00597701
-374.91633851	-0.00514237
-374.88300525	-0.00427505
-374.84967199	-0.00358032
-374.81633873	-0.00317353
-374.78300547	-0.00303793
-374.74967221	-0.00323677
-374.71633896	-0.00364231
-374.68300570	-0.00444052
-374.64967244	-0.00537149
-374.61633918	-0.00653968
-374.58300592	-0.00757695
-374.54967266	-0.00863428
-374.51633940	-0.00940878
-374.48300615	-0.01013480
-374.44967289	-0.01065844
-374.41633963	-0.01079874
-374.38300637	-0.01065106
-374.34967311	-0.01022970
-374.31633985	-0.00944243
-374.28300660	-0.00839080
-374.24967334	-0.00704353
-374.21634008	-0.00538346
-374.18300682	-0.00353672
-374.14967356	-0.00158347
-374.11634030	0.00039000
-374.08300705	0.00215306
-374.04967379	0.00383106
-374.01634053	0.00517272
-373.98300727	0.00613100
-373.94967401	0.00670263
-373.91634075	0.00682474
-373.88300750	0.00667805
-373.84967424	0.00627279
-373.81634098	0.00567288
-373.78300772	0.00502943
-373.74967446	0.00444738
-373.71634120	0.00385228
-373.68300795	0.00344886
-373.64967469	0.00306935
-373.61634143	0.00274920
-373.58300817	0.00251066
-373.54967491	0.00232457
-373.51634165	0.00202391
-373.48300840	0.00184766
-373.44967514	0.00162838
-373.41634188	0.00137846
-373.38300862	0.00105095
-373.34967536	0.00079906
-373.31634210	0.00055790
-373.28300885	0.00023489
-373.24967559	0.00001943
-373.21634233	-0.00012594
-373.18300907	-0.00030401
-373.14967581	-0.00053874
-373.11634255	-0.00057116
-373.08300930	-0.00071396
-373.04967604	-0.00090904
-373.01634278	-0.00128349
-372.98300952	-0.00173931
-372.94967626	-0.00226856
-372.91634300	-0.00294311
-372.88300975	-0.00367574
-372.84967649	-0.00450316
-372.81634323	-0.00540330
-372.78300997	-0.00619483
-372.74967671	-0.00706826
-372.71634345	-0.00777424
-372.68301020	-0.00849921
-372.64967694	-0.00912190
-372.61634368	-0.00959759
-372.58301042	-0.00980811
-372.54967716	-0.00995972
-372.51634390	-0.01005846
-372.48301065	-0.00972807
-372.44967739	-0.00923551
-372.41634413	-0.00846720
-372.38301087	-0.00749754
-372.34967761	-0.00630184
-372.31634435	-0.00493407
-372.28301110	-0.00351290
-372.24967784	-0.00182830
-372.21634458	-0.00031733
-372.18301132	0.00143033
-372.14967806	0.00303543
-372.11634480	0.00453846
-372.08301155	0.00601204
-372.04967829	0.00718935
-372.01634503	0.00818583
-371.98301177	0.00893864
-371.94967851	0.00930488
-371.91634525	0.00925472
-371.88301200	0.00895117
-371.84967874	0.00821342
-371.81634548	0.00716677
-371.78301222	0.00587953
-371.74967896	0.00432711
-371.71634570	0.00278666
-371.68301245	0.00106232
-371.64967919	-0.00069842
-371.61634593	-0.00232293
-371.58301267	-0.00380074
-371.54967941	-0.00503204
-371.51634615	-0.00598325
-371.48301290	-0.00662899
-371.44967964	-0.00688006
-371.41634638	-0.00699265
-371.38301312	-0.00675471
-371.34967986	-0.00632876
-371.31634660	-0.00575703
-371.28301335	-0.00512686
-371.24968009	-0.00454293
-371.21634683	-0.00399232
-371.18301357	-0.00358212
-371.14968031	-0.00332903
-371.11634705	-0.00320798
-371.08301380	-0.00335959
-371.04968054	-0.00357583
-371.01634728	-0.00402459
-370.98301402	-0.00452642
-370.94968076	-0.00509185
-370.91634750	-0.00574864
-370.88301424	-0.00622258
-370.84968099	-0.00654702
-370.81634773	-0.00668924
-370.78301447	-0.00644870
-370.74968121	-0.00596696
-370.71634795	-0.00516283
-370.68301469	-0.00397670
-370.64968144	-0.00252867
-370.61634818	-0.00078473
-370.58301492	0.00122927
-370.54968166	0.00343946
-370.51634840	0.00555446
-370.48301514	0.00778725
-370.44968189	0.00994215
-370.41634863	0.01198547
-370.38301537	0.01377125
-370.34968211	0.01534695
-370.31634885	0.01658717
-370.28301559	0.01748982
-370.24968234	0.01799307
-370.21634908	0.01809695
-370.18301582	0.01778907
-370.14968256	0.01713192
-370.11634930	0.01618790
-370.08301604	0.01486927
-370.04968279	0.01327123
-370.01634953	0.01147137
-369.98301627	0.00951999
-369.94968301	0.00744048
-369.91634975	0.00520080
-369.88301649	0.00305625
-369.84968324	0.00086594
-369.81634998	-0.00113970
-369.78301672	-0.00299003
-369.74968346	-0.00438395
-369.71635020	-0.00545040
-369.68301694	-0.00594949
-369.64968369	-0.00596014
-369.61635043	-0.00550323
-369.58301717	-0.00453110
-369.54968391	-0.00316101
-369.51635065	-0.00160671
-369.48301739	0.00017087
-369.44968414	0.00189497
-369.41635088	0.00348337
-369.38301762	0.00477494
-369.34968436	0.00588022
-369.31635110	0.00652582
-369.28301784	0.00677093
-369.24968459	0.00656935
-369.21635133	0.00599513
-369.18301807	0.00509357
-369.14968481	0.00392392
-369.11635155	0.00247713
-369.08301829	0.00102906
-369.04968504	-0.00051296
-369.01635178	-0.00212493
-368.98301852	-0.00360100
-368.94968526	-0.00504713
-368.91635200	-0.00635849
-368.88301874	-0.00755644
-368.84968549	-0.00873070
-368.81635223	-0.00972894
-368.78301897	-0.01055426
-368.74968571	-0.01122690
-368.71635245	-0.01168818
-368.68301919	-0.01196658
-368.64968594	-0.01209851
-368.61635268	-0.01207164
-368.58301942	-0.01197489
-368.54968616	-0.01175816
-368.51635290	-0.01144975
-368.48301964	-0.01120565
-368.44968639	-0.01106744
-368.41635313	-0.01086636
-368.38301987	-0.01078635
-368.34968661	-0.01072448
-368.31635335	-0.01074688
-368.28302009	-0.01088785
-368.24968684	-0.01100878
-368.21635358	-0.01122246
-368.18302032	-0.01147309
-368.14968706	-0.01175510
-368.11635380	-0.01210803
-368.08302054	-0.01232903
-368.04968729	-0.01253584
-368.01635403	-0.01265744
-367.98302077	-0.01271578
-367.94968751	-0.01267697
-367.91635425	-0.01238308
-367.88302099	-0.01208001
-367.84968774	-0.01141825
-367.81635448	-0.01084224
-367.78302122	-0.01011505
-367.74968796	-0.00937588
-367.71635470	-0.00871339
-367.68302144	-0.00811360
-367.64968819	-0.00766050
-367.61635493	-0.00755195
-367.58302167	-0.00744833
-367.54968841	-0.00756443
-367.51635515	-0.00778721
-367.48302189	-0.00793953
-367.44968864	-0.00801389
-367.41635538	-0.00803488
-367.38302212	-0.00765004
-367.34968886	-0.00712749
-367.31635560	-0.00632265
-367.28302234	-0.00526541
-367.24968908	-0.00401080
-367.21635583	-0.00268897
-367.18302257	-0.00126651
-367.14968931	0.00008992
-367.11635605	0.00132318
-367.08302279	0.00259631
-367.04968953	0.00366843
-367.01635628	0.00474955
-366.98302302	0.00571988
-366.94968976	0.00641547
-366.91635650	0.00726650
-366.88302324	0.00790395
-366.84968998	0.00839652
-366.81635673	0.00899553
-366.78302347	0.00938371
-366.74969021	0.00977914
-366.71635695	0.01019399
-366.68302369	0.01046295
-366.64969043	0.01070128
-366.61635718	0.01099451
-366.58302392	0.01124267
-366.54969066	0.01160250
-366.51635740	0.01182064
-366.48302414	0.01203507
-366.44969088	0.01235157
-366.41635763	0.01287371
-366.38302437	0.01320056
-366.34969111	0.01362253
-366.31635785	0.01403059
-366.28302459	0.01439725
-366.24969133	0.01459365
-366.21635808	0.01460272
-366.18302482	0.01445238
-366.14969156	0.01384738
-366.11635830	0.01308903
-366.08302504	0.01201815
-366.04969178	0.01064220
-366.01635853	0.00895397
-365.98302527	0.00709450
-365.94969201	0.00521571
-365.91635875	0.00332117
-365.88302549	0.00149382
-365.84969223	-0.00003309
-365.81635898	-0.00129389
-365.78302572	-0.00213748
-365.74969246	-0.00243270
-365.71635920	-0.00240735
-365.68302594	-0.00196576
-365.64969268	-0.00128739
-365.61635943	-0.00038331
-365.58302617	0.00052955
-365.54969291	0.00137401
-365.51635965	0.00202491
-365.48302639	0.00243319
-365.44969313	0.00263656
-365.41635988	0.00248877
-365.38302662	0.00198615
-365.34969336	0.00131447
-365.31636010	0.00059453
-365.28302684	-0.00022262
-365.24969358	-0.00096774
-365.21636033	-0.00176771
-365.18302707	-0.00244068
-365.14969381	-0.00296192
-365.11636055	-0.00344064
-365.08302729	-0.00386586
-365.04969403	-0.00424817
-365.01636078	-0.00472248
-364.98302752	-0.00515388
-364.94969426	-0.00568370
-364.91636100	-0.00630819
-364.88302774	-0.00686722
-364.84969448	-0.00752027
-364.81636123	-0.00801869
-364.78302797	-0.00846817
-364.74969471	-0.00883437
-364.71636145	-0.00918879
-364.68302819	-0.00939063
-364.64969493	-0.00944788
-364.61636168	-0.00961172
-364.58302842	-0.00978334
-364.54969516	-0.00980200
-364.51636190	-0.00986211
-364.48302864	-0.00989895
-364.44969538	-0.01005180
-364.41636213	-0.01013621
-364.38302887	-0.01020550
-364.34969561	-0.01024839
-364.31636235	-0.01030166
-364.28302909	-0.01029772
-364.24969583	-0.01024140
-364.21636258	-0.01010165
-364.18302932	-0.00986864
-364.14969606	-0.00943374
-364.11636280	-0.00886088
-364.08302954	-0.00817627
-364.04969628	-0.00732262
-364.01636303	-0.00614019
-363.98302977	-0.00488085
-363.94969651	-0.00338547
-363.91636325	-0.00173754
-363.88302999	0.00006535
-363.84969673	0.00184665
-363.81636348	0.00367364
-363.78303022	0.00545735
-363.74969696	0.00701172
-363.71636370	0.00831379
-363.68303044	0.00930303
-363.64969718	0.00990924
-363.61636392	0.01013668
-363.58303067	0.00992204
-363.54969741	0.00922474
-363.51636415	0.00813487
-363.48303089	0.00666627
-363.44969763	0.00486192
-363.41636437	0.00279677
-363.38303112	0.00058589
-363.34969786	-0.00168704
-363.31636460	-0.00388493
-363.28303134	-0.00578253
-363.24969808	-0.00742401
-363.21636482	-0.00854111
-363.18303157	-0.00916901
-363.14969831	-0.00916997
-363.11636505	-0.00865339
-363.08303179	-0.00750077
-363.04969853	-0.00583819
-363.01636527	-0.00385277
-362.98303202	-0.00151119
-362.94969876	0.00093642
-362.91636550	0.00334274
-362.88303224	0.00573096
-362.84969898	0.00779228
-362.81636572	0.00966420
-362.78303247	0.01108373
-362.74969921	0.01200813
-362.71636595	0.01239147
-362.68303269	0.01218575
-362.64969943	0.01138123
-362.61636617	0.01002838
-362.58303292	0.00827164
-362.54969966	0.00602350
-362.51636640	0.00352619
-362.48303314	0.00101493
-362.44969988	-0.00151110
-362.41636662	-0.00387835
-362.38303337	-0.00575560
-362.34970011	-0.00738141
-362.31636685	-0.00838910
-362.28303359	-0.00902159
-362.24970033	-0.00916335
-362.21636707	-0.00885423
-362.18303382	-0.00805464
-362.14970056	-0.00700213
-362.11636730	-0.00563078
-362.08303404	-0.00410911
-362.04970078	-0.00253902
-362.01636752	-0.00099451
-361.98303427	0.00026177
-361.94970101	0.00136994
-361.91636775	0.00200199
-361.88303449	0.00232015
-361.84970123	0.00218585
-361.81636797	0.00159067
-361.78303472	0.00061616
-361.74970146	-0.00053081
-361.71636820	-0.00178225
-361.68303494	-0.00320685
-361.64970168	-0.00436644
-361.61636842	-0.00538391
-361.58303517	-0.00614597
-361.54970191	-0.00647344
-361.51636865	-0.00645874
-361.48303539	-0.00597189
-361.44970213	-0.00511108
-361.41636887	-0.00391793
-361.38303562	-0.00244841
-361.34970236	-0.00073434
-361.31636910	0.00102060
-361.28303584	0.00280931
-361.24970258	0.00449552
-361.21636932	0.00606251
-361.18303607	0.00724067
-361.14970281	0.00821554
-361.11636955	0.00885423
-361.08303629	0.00899695
-361.04970303	0.00872046
-361.01636977	0.00795870
-360.98303652	0.00678752
-360.94970326	0.00536660
-360.91637000	0.00368861
-360.88303674	0.00166583
-360.84970348	-0.00040849
-360.81637022	-0.00257543
-360.78303697	-0.00468387
-360.74970371	-0.00677320
-360.71637045	-0.00856170
-360.68303719	-0.01026692
-360.64970393	-0.01177374
-360.61637067	-0.01285600
-360.58303742	-0.01348177
-360.54970416	-0.01385020
-360.51637090	-0.01373682
-360.48303764	-0.01328541
-360.44970438	-0.01242515
-360.41637112	-0.01125836
-360.38303787	-0.00993583
-360.34970461	-0.00834332
-360.31637135	-0.00671590
-360.28303809	-0.00506133
-360.24970483	-0.00351862
-360.21637157	-0.00210340
-360.18303832	-0.00077585
-360.14970506	0.00011586
-360.11637180	0.00086859
-360.08303854	0.00122787
-360.04970528	0.00134303
-360.01637202	0.00110888
-359.98303876	0.00051039
-359.94970551	-0.00029156
-359.91637225	-0.00120765
-359.88303899	-0.00230982
-359.84970573	-0.00337258
-359.81637247	-0.00451253
-359.78303921	-0.00548844
-359.74970596	-0.00637823
-359.71637270	-0.00707742
-359.68303944	-0.00757638
-359.64970618	-0.00789916
-359.61637292	-0.00796843
-359.58303966	-0.00784713
-359.54970641	-0.00763649
-359.51637315	-0.00726935
-359.48303989	-0.00681460
-359.44970663	-0.00613150
-359.41637337	-0.00555066
-359.38304011	-0.00505058
-359.34970686	-0.00445038
-359.31637360	-0.00403198
-359.28304034	-0.00386450
-359.24970708	-0.00377372
-359.21637382	-0.00387931
-359.18304056	-0.00425001
-359.14970731	-0.00474592
-359.11637405	-0.00535579
-359.08304079	-0.00616723
-359.04970753	-0.00691878
-359.01637427	-0.00773833
-358.98304101	-0.00842094
-358.94970776	-0.00901930
-358.91637450	-0.00937054
-358.88304124	-0.00946486
-358.84970798	-0.00925285
-358.81637472	-0.00858760
-358.78304146	-0.00778620
-358.74970821	-0.00663713
-358.71637495	-0.00516772
-358.68304169	-0.00357232
-358.64970843	-0.00176866
-358.61637517	0.00002452
-358.58304191	0.00175774
-358.54970866	0.00337360
-358.51637540	0.00484077
-358.48304214	0.00616064
-358.44970888	0.00719062
-358.41637562	0.00787789
-358.38304236	0.00829223
-358.34970911	0.00847750
-358.31637585	0.00850265
-358.28304259	0.00839248
-358.24970933	0.00818249
-358.21637607	0.00775648
-358.18304281	0.00734840
-358.14970956	0.00686126
-358.11637630	0.00641715
-358.08304304	0.00609534
-358.04970978	0.00571244
-358.01637652	0.00553767
-357.98304326	0.00542144
-357.94971001	0.00533911
-357.91637675	0.00534434
-357.88304349	0.00524934
-357.84971023	0.00519497
-357.81637697	0.00509745
-357.78304371	0.00484291
-357.74971046	0.00440758
-357.71637720	0.00373462
-357.68304394	0.00279158
-357.64971068	0.00173807
-357.61637742	0.00059483
-357.58304416	-0.00074309
-357.54971091	-0.00209186
-357.51637765	-0.00339159
-357.48304439	-0.00457993
-357.44971113	-0.00560171
-357.41637787	-0.00650694
-357.38304461	-0.00711053
-357.34971136	-0.00755738
-357.31637810	-0.00779801
-357.28304484	-0.00784892
-357.24971158	-0.00778746
-357.21637832	-0.00755041
-357.18304506	-0.00718474
-357.14971181	-0.00676922
-357.11637855	-0.00649458
-357.08304529	-0.00607513
-357.04971203	-0.00562510
-357.01637877	-0.00519222
-356.98304551	-0.00484966
-356.94971226	-0.00446448
-356.91637900	-0.00403250
-356.88304574	-0.00353885
-356.84971248	-0.00306443
-356.81637922	-0.00249114
-356.78304596	-0.00202251
-356.74971271	-0.00137064
-356.71637945	-0.00073446
-356.68304619	-0.00011091
-356.64971293	0.00048581
-356.61637967	0.00094930
-356.58304641	0.00136846
-356.54971316	0.00174463
-356.51637990	0.00202144
-356.48304664	0.00219540
-356.44971338	0.00221292
-356.41638012	0.00219379
-356.38304686	0.00201788
-356.34971360	0.00187438
-356.31638035	0.00167707
-356.28304709	0.00137741
-356.24971383	0.00106974
-356.21638057	0.00067259
-356.18304731	0.00036199
-356.14971405	-0.00013062
-356.11638080	-0.00049229
-356.08304754	-0.00082065
-356.04971428	-0.00116778
-356.01638102	-0.00149978
-355.98304776	-0.00181662
-355.94971450	-0.00198859
-355.91638125	-0.00205618
-355.88304799	-0.00217762
-355.84971473	-0.00220523
-355.81638147	-0.00206031
-355.78304821	-0.00200895
-355.74971495	-0.00191112
-355.71638170	-0.00178231
-355.68304844	-0.00173679
-355.64971518	-0.00172227
-355.61638192	-0.00170203
-355.58304866	-0.00180499
-355.54971540	-0.00190915
-355.51638215	-0.00222175
-355.48304889	-0.00244903
-355.44971563	-0.00289758
-355.41638237	-0.00347617
-355.38304911	-0.00420667
-355.34971585	-0.00504639
-355.31638260	-0.00590493
-355.28304934	-0.00672062
-355.24971608	-0.00734931
-355.21638282	-0.00787072
-355.18304956	-0.00810227
-355.14971630	-0.00802610
-355.11638305	-0.00773281
-355.08304979	-0.00703245
-355.04971653	-0.00614524
-355.01638327	-0.00498911
-354.98305001	-0.00373420
-354.94971675	-0.00230346
-354.91638350	-0.00082426
-354.88305024	0.00065988
-354.84971698	0.00218542
-354.81638372	0.00351782
-354.78305046	0.00484758
-354.74971720	0.00598175
-354.71638395	0.00694181
-354.68305069	0.00766657
-354.64971743	0.00826370
-354.61638417	0.00866897
-354.58305091	0.00887783
-354.54971765	0.00893676
-354.51638440	0.00882485
-354.48305114	0.00860769
-354.44971788	0.00825062
-354.41638462	0.00765063
-354.38305136	0.00675653
-354.34971810	0.00579268
-354.31638485	0.00450404
-354.28305159	0.00313367
-354.24971833	0.00149192
-354.21638507	-0.00031527
-354.18305181	-0.00218560
-354.14971855	-0.00396699
-354.11638530	-0.00575406
-354.08305204	-0.00740904
-354.04971878	-0.00882205
-354.01638552	-0.00997398
-353.98305226	-0.01085742
-353.94971900	-0.01131981
-353.91638575	-0.01139432
-353.88305249	-0.01118934
-353.84971923	-0.01055258
-353.81638597	-0.00963509
-353.78305271	-0.00847121
-353.74971945	-0.00711662
-353.71638620	-0.00566582
-353.68305294	-0.00413446
-353.64971968	-0.00266971
-353.61638642	-0.00131296
-353.58305316	-0.00015396
-353.54971990	0.00082906
-353.51638665	0.00159586
-353.48305339	0.00212135
-353.44972013	0.00241561
-353.41638687	0.00241193
-353.38305361	0.00221056
-353.34972035	0.00188088
-353.31638710	0.00125832
-353.28305384	0.00061138
-353.24972058	-0.00018962
-353.21638732	-0.00106330
-353.18305406	-0.00185061
-353.14972080	-0.00277381
-353.11638755	-0.00365121
-353.08305429	-0.00440637
-353.04972103	-0.00495593
-353.01638777	-0.00538529
-352.98305451	-0.00575653
-352.94972125	-0.00593166
-352.91638800	-0.00607087
-352.88305474	-0.00589260
-352.84972148	-0.00580755
-352.81638822	-0.00560613
-352.78305496	-0.00534929
-352.74972170	-0.00506511
-352.71638845	-0.00475633
-352.68305519	-0.00444845
-352.64972193	-0.00413163
-352.61638867	-0.00383366
-352.58305541	-0.00350069
-352.54972215	-0.00324766
-352.51638889	-0.00289621
-352.48305564	-0.00262502
-352.44972238	-0.00236569
-352.41638912	-0.00210120
-352.38305586	-0.00180153
-352.34972260	-0.00147629
-352.31638934	-0.00114573
-352.28305609	-0.00069297
-352.24972283	-0.00022710
-352.21638957	0.00025234
-352.18305631	0.00093897
-352.14972305	0.00149191
-352.11638979	0.00212367
-352.08305654	0.00261752
-352.04972328	0.00312093
-352.01639002	0.00356962
-351.98305676	0.00394011
-351.94972350	0.00424936
-351.91639024	0.00426595
-351.88305699	0.00424729
-351.84972373	0.00399413
-351.81639047	0.00353540
-351.78305721	0.00297363
-351.74972395	0.00197296
-351.71639069	0.00083170
-351.68305744	-0.00038317
-351.64972418	-0.00194125
-351.61639092	-0.00353831
-351.58305766	-0.00517280
-351.54972440	-0.00683242
-351.51639114	-0.00837119
-351.48305789	-0.00978642
-351.44972463	-0.01093908
-351.41639137	-0.01195357
-351.38305811	-0.01267036
-351.34972485	-0.01310942
-351.31639159	-0.01335444
-351.28305834	-0.01324335
-351.24972508	-0.01283396
-351.21639182	-0.01231767
-351.18305856	-0.01174918
-351.14972530	-0.01099780
-351.11639204	-0.01018980
-351.08305879	-0.00926687
-351.04972553	-0.00842981
-351.01639227	-0.00748754
-350.98305901	-0.00652609
-350.94972575	-0.00561502
-350.91639249	-0.00459419
-350.88305924	-0.00350856
-350.84972598	-0.00250030
-350.81639272	-0.00129956
-350.78305946	-0.00016774
-350.74972620	0.00105795
-350.71639294	0.00223437
-350.68305969	0.00334773
-350.64972643	0.00431071
-350.61639317	0.00516866
-350.58305991	0.00582414
-350.54972665	0.00625716
-350.51639339	0.00642032
-350.48306014	0.00634425
-350.44972688	0.00611140
-350.41639362	0.00556527
-350.38306036	0.00482872
-350.34972710	0.00415821
-350.31639384	0.00341357
-350.28306059	0.00258466
-350.24972733	0.00181874
-350.21639407	0.00109634
-350.18306081	0.00049598
-350.14972755	-0.00005696
-350.11639429	-0.00061506
-350.08306104	-0.00118269
-350.04972778	-0.00168327
-350.01639452	-0.00225510
-349.98306126	-0.00288537
-349.94972800	-0.00353915
-349.91639474	-0.00424742
-349.88306149	-0.00494570
-349.84972823	-0.00562414
-349.81639497	-0.00624445
-349.78306171	-0.00671004
-349.74972845	-0.00705249
-349.71639519	-0.00720334
-349.68306194	-0.00713091
-349.64972868	-0.00687785
-349.61639542	-0.00637872
-349.58306216	-0.00573428
-349.54972890	-0.00493364
-349.51639564	-0.00400003
-349.48306239	-0.00306234
-349.44972913	-0.00217962
-349.41639587	-0.00132846
-349.38306261	-0.00050487
-349.34972935	0.00010186
-349.31639609	0.00062528
-349.28306284	0.00093079
-349.24972958	0.00115952
-349.21639632	0.00116166
-349.18306306	0.00112037
-349.14972980	0.00092405
-349.11639654	0.00068063
-349.08306329	0.00047912
-349.04973003	0.00009773
-349.01639677	-0.00016591
-348.98306351	-0.00046111
-348.94973025	-0.00070028
-348.91639699	-0.00106606
-348.88306373	-0.00117957
-348.84973048	-0.00139653
-348.81639722	-0.00160366
-348.78306396	-0.00178213
-348.74973070	-0.00179190
-348.71639744	-0.00174944
-348.68306418	-0.00174633
-348.64973093	-0.00165688
-348.61639767	-0.00143690
-348.58306441	-0.00115681
-348.54973115	-0.00087555
-348.51639789	-0.00053018
-348.48306463	-0.00021982
-348.44973138	0.00010039
-348.41639812	0.00030805
-348.38306486	0.00054318
-348.34973160	0.00060345
-348.31639834	0.00065405
-348.28306508	0.00060067
-348.24973183	0.00041518
-348.21639857	0.00016710
-348.18306531	-0.00018569
-348.14973205	-0.00048909
-348.11639879	-0.00090901
-348.08306553	-0.00136713
-348.04973228	-0.00184131
-348.01639902	-0.00235612
-347.98306576	-0.00270852
-347.94973250	-0.00322408
-347.91639924	-0.00372247
-347.88306598	-0.00415153
-347.84973273	-0.00450152
-347.81639947	-0.00479752
-347.78306621	-0.00504084
-347.74973295	-0.00514241
-347.71639969	-0.00518236
-347.68306643	-0.00503374
-347.64973318	-0.00488967
-347.61639992	-0.00456358
-347.58306666	-0.00419279
-347.54973340	-0.00382831
-347.51640014	-0.00345164
-347.48306688	-0.00304923
-347.44973363	-0.00282026
-347.41640037	-0.00261381
-347.38306711	-0.00250201
-347.34973385	-0.00252993
-347.31640059	-0.00259263
-347.28306733	-0.00286446
-347.24973408	-0.00310845
-347.21640082	-0.00336807
-347.18306756	-0.00377916
-347.14973430	-0.00422408
-347.11640104	-0.00454058
-347.08306778	-0.00492185
-347.04973453	-0.00531474
-347.01640127	-0.00544015
-346.98306801	-0.00544453
-346.94973475	-0.00539844
-346.91640149	-0.00519979
-346.88306823	-0.00481234
-346.84973498	-0.00432027
-346.81640172	-0.00365052
-346.78306846	-0.00289451
-346.74973520	-0.00200738
-346.71640194	-0.00100686
-346.68306868	-0.00012213
-346.64973543	0.00085375
-346.61640217	0.00171220
-346.58306891	0.00241143
-346.54973565	0.00300004
-346.51640239	0.00338497
-346.48306913	0.00342449
-346.44973588	0.00319900
-346.41640262	0.00263834
-346.38306936	0.00189017
-346.34973610	0.00093199
-346.31640284	-0.00044299
-346.28306958	-0.00196673
-346.24973633	-0.00355953
-346.21640307	-0.00513644
-346.18306981	-0.00673857
-346.14973655	-0.00824786
-346.11640329	-0.00963627
-346.08307003	-0.01065312
-346.04973678	-0.01136272
-346.01640352	-0.01184112
-345.98307026	-0.01196075
-345.94973700	-0.01178074
-345.91640374	-0.01122462
-345.88307048	-0.01048691
-345.84973723	-0.00946347
-345.81640397	-0.00829156
-345.78307071	-0.00707156
-345.74973745	-0.00576144
-345.71640419	-0.00460647
-345.68307093	-0.00341689
-345.64973768	-0.00234773
-345.61640442	-0.00150528
-345.58307116	-0.00073107
-345.54973790	0.00003149
-345.51640464	0.00064688
-345.48307138	0.00107489
-345.44973813	0.00142696
-345.41640487	0.00171890
-345.38307161	0.00198098
-345.34973835	0.00213000
-345.31640509	0.00238696
-345.28307183	0.00244843
-345.24973857	0.00258121
-345.21640532	0.00273424
-345.18307206	0.00280815
-345.14973880	0.00296974
-345.11640554	0.00303297
-345.08307228	0.00312029
-345.04973902	0.00330137
-345.01640577	0.00332562
-344.98307251	0.00343936
-344.94973925	0.00358641
-344.91640599	0.00364228
-344.88307273	0.00374849
-344.84973947	0.00370091
-344.81640622	0.00367940
-344.78307296	0.00352871
-344.74973970	0.00335613
-344.71640644	0.00294900
-344.68307318	0.00248223
-344.64973992	0.00190796
-344.61640667	0.00112362
-344.58307341	0.00025513
-344.54974015	-0.00074472
-344.51640689	-0.00187014
-344.48307363	-0.00305178
-344.44974037	-0.00427796
-344.41640712	-0.00542481
-344.38307386	-0.00663064
-344.34974060	-0.00761018
-344.31640734	-0.00851690
-344.28307408	-0.00923230
-344.24974082	-0.00966439
-344.21640757	-0.01002676
-344.18307431	-0.01012003
-344.14974105	-0.00992523
-344.11640779	-0.00953271
-344.08307453	-0.00875975
-344.04974127	-0.00794968
-344.01640802	-0.00689768
-343.98307476	-0.00562472
-343.94974150	-0.00429643
-343.91640824	-0.00302786
-343.88307498	-0.00173400
-343.84974172	-0.00062282
-343.81640847	0.00039804
-343.78307521	0.00114297
-343.74974195	0.00173649
-343.71640869	0.00193344
-343.68307543	0.00197427
-343.64974217	0.00175260
-343.61640892	0.00136140
-343.58307566	0.00066504
-343.54974240	-0.00019048
-343.51640914	-0.00101656
-343.48307588	-0.00193250
-343.44974262	-0.00277717
-343.41640937	-0.00356581
-343.38307611	-0.00423572
-343.34974285	-0.00466497
-343.31640959	-0.00489136
-343.28307633	-0.00484806
-343.24974307	-0.00463886
-343.21640982	-0.00425186
-343.18307656	-0.00368581
-343.14974330	-0.00299594
-343.11641004	-0.00226464
-343.08307678	-0.00158048
-343.04974352	-0.00092789
-343.01641027	-0.00036860
-342.98307701	0.00021522
-342.94974375	0.00048571
-342.91641049	0.00054610
-342.88307723	0.00063520
-342.84974397	0.00037023
-342.81641072	-0.00000940
-342.78307746	-0.00051291
-342.74974420	-0.00107846
-342.71641094	-0.00189238
-342.68307768	-0.00262396
-342.64974442	-0.00335498
-342.61641117	-0.00404987
-342.58307791	-0.00465966
-342.54974465	-0.00520111
-342.51641139	-0.00567887
-342.48307813	-0.00591236
-342.44974487	-0.00594728
-342.41641162	-0.00585094
-342.38307836	-0.00552643
-342.34974510	-0.00512823
-342.31641184	-0.00442323
-342.28307858	-0.00378097
-342.24974532	-0.00310284
-342.21641207	-0.00238253
-342.18307881	-0.00174009
-342.14974555	-0.00136083
-342.11641229	-0.00094458
-342.08307903	-0.00081412
-342.04974577	-0.00090501
-342.01641252	-0.00103095
-341.98307926	-0.00124236
-341.94974600	-0.00156693
-341.91641274	-0.00191262
-341.88307948	-0.00217801
-341.84974622	-0.00232921
-341.81641297	-0.00244379
-341.78307971	-0.00238784
-341.74974645	-0.00217293
-341.71641319	-0.00182041
-341.68307993	-0.00143397
-341.64974667	-0.00091506
-341.61641341	-0.00038716
-341.58308016	0.00019262
-341.54974690	0.00065499
-341.51641364	0.00111728
-341.48308038	0.00145696
-341.44974712	0.00170540
-341.41641386	0.00186150
-341.38308061	0.00199924
-341.34974735	0.00203216
-341.31641409	0.00199099
-341.28308083	0.00187728
-341.24974757	0.00179460
-341.21641431	0.00178013
-341.18308106	0.00172552
-341.14974780	0.00164184
-341.11641454	0.00155216
-341.08308128	0.00136402
-341.04974802	0.00113008
-341.01641476	0.00083564
-340.98308151	0.00037999
-340.94974825	-0.00001229
-340.91641499	-0.00061465
-340.88308173	-0.00127234
-340.84974847	-0.00199901
-340.81641521	-0.00271127
-340.78308196	-0.00346444
-340.74974870	-0.00411720
-340.71641544	-0.00471791
-340.68308218	-0.00527272
-340.64974892	-0.00566499
-340.61641566	-0.00593536
-340.58308241	-0.00606375
-340.54974915	-0.00612861
-340.51641589	-0.00598493
-340.48308263	-0.00575820
-340.44974937	-0.00563800
-340.41641611	-0.00516215
-340.38308286	-0.00488485
-340.34974960	-0.00443194
-340.31641634	-0.00402703
-340.28308308	-0.00353690
-340.24974982	-0.00311124
-340.21641656	-0.00259810
-340.18308331	-0.00216993
-340.14975005	-0.00172721
-340.11641679	-0.00126762
-340.08308353	-0.00085604
-340.04975027	-0.00048768
-340.01641701	-0.00004352
-339.98308376	0.00007913
-339.94975050	0.00028974
-339.91641724	0.00034338
-339.88308398	0.00034089
-339.84975072	0.00020708
-339.81641746	0.00004522
-339.78308421	-0.00016851
-339.74975095	-0.00043548
-339.71641769	-0.00067619
-339.68308443	-0.00101595
-339.64975117	-0.00126903
-339.61641791	-0.00141881
-339.58308466	-0.00161202
-339.54975140	-0.00177837
-339.51641814	-0.00184542
-339.48308488	-0.00202427
-339.44975162	-0.00210780
-339.41641836	-0.00214045
-339.38308511	-0.00223649
-339.34975185	-0.00232185
-339.31641859	-0.00255427
-339.28308533	-0.00277958
-339.24975207	-0.00301282
-339.21641881	-0.00326850
-339.18308556	-0.00356605
-339.14975230	-0.00389783
-339.11641904	-0.00424783
-339.08308578	-0.00453709
-339.04975252	-0.00483789
-339.01641926	-0.00504196
-338.98308601	-0.00523113
-338.94975275	-0.00529085
-338.91641949	-0.00523669
-338.88308623	-0.00522890
-338.84975297	-0.00509071
-338.81641971	-0.00494569
-338.78308646	-0.00471893
-338.74975320	-0.00456684
-338.71641994	-0.00438767
-338.68308668	-0.00423278
-338.64975342	-0.00407412
-338.61642016	-0.00393629
-338.58308691	-0.00390827
-338.54975365	-0.00381126
-338.51642039	-0.00374073
-338.48308713	-0.00368636
-338.44975387	-0.00366406
-338.41642061	-0.00358839
-338.38308736	-0.00345871
-338.34975410	-0.00324316
-338.31642084	-0.00305104
-338.28308758	-0.00285630
-338.24975432	-0.00247390
-338.21642106	-0.00217851
-338.18308781	-0.00183288
-338.14975455	-0.00149477
-338.11642129	-0.00120756
-338.08308803	-0.00092189
-338.04975477	-0.00075747
-338.01642151	-0.00055775
-337.98308825	-0.00052537
-337.94975500	-0.00059912
-337.91642174	-0.00079971
-337.88308848	-0.00097826
-337.84975522	-0.00119588
-337.81642196	-0.00150755
-337.78308870	-0.00181570
-337.74975545	-0.00209505
-337.71642219	-0.00235862
-337.68308893	-0.00252669
-337.64975567	-0.00269765
-337.61642241	-0.00268778
-337.58308915	-0.00257818
-337.54975590	-0.00246173
-337.51642264	-0.00215912
-337.48308938	-0.00183030
-337.44975612	-0.00152580
-337.41642286	-0.00119735
-337.38308960	-0.00093113
-337.34975635	-0.00066159
-337.31642309	-0.00046017
-337.28308983	-0.00041663
-337.24975657	-0.00035938
-337.21642331	-0.00048267
-337.18309005	-0.00063345
-337.14975680	-0.00084702
-337.11642354	-0.00110019
-337.08309028	-0.00138715
-337.04975702	-0.00166400
-337.01642376	-0.00191513
-336.98309050	-0.00211246
-336.94975725	-0.00218787
-336.91642399	-0.00222026
-336.88309073	-0.00216560
-336.84975747	-0.00205132
-336.81642421	-0.00181812
-336.78309095	-0.00156165
-336.74975770	-0.00123131
-336.71642444	-0.00098023
-336.68309118	-0.00072306
-336.64975792	-0.00049443
-336.61642466	-0.00026750
-336.58309140	-0.00009631
-336.54975815	0.00001120
-336.51642489	0.00011232
-336.48309163	0.00020627
-336.44975837	0.00019828
-336.41642511	0.00019825
-336.38309185	0.00013051
-336.34975860	0.00009445
-336.31642534	0.00004098
-336.28309208	-0.00002197
-336.24975882	-0.00009668
-336.21642556	-0.00017826
-336.18309230	-0.00027390
-336.14975905	-0.00033727
-336.11642579	-0.00042644
-336.08309253	-0.00049566
-336.04975927	-0.00055859
-336.01642601	-0.00059177
-335.98309275	-0.00062542
-335.94975950	-0.00065300
-335.91642624	-0.00065770
-335.88309298	-0.00066110
-335.84975972	-0.00063217
-335.81642646	-0.00059985
-335.78309320	-0.00056497
-335.74975995	-0.00055281
-335.71642669	-0.00050571
-335.68309343	-0.00049148
-335.64976017	-0.00048419
-335.61642691	-0.00049733
-335.58309365	-0.00053634
-335.54976040	-0.00059363
-335.51642714	-0.00065511
-335.48309388	-0.00073942
-335.44976062	-0.00080813
-335.41642736	-0.00089926
-335.38309410	-0.00100088
-335.34976085	-0.00109345
-335.31642759	-0.00115941
-335.28309433	-0.00121685
-335.24976107	-0.00122810
-335.21642781	-0.00124060
-335.18309455	-0.00121331
-335.14976130	-0.00116284
-335.11642804	-0.00110057
-335.08309478	-0.00099716
-335.04976152	-0.00090852
-335.01642826	-0.00080946
-334.98309500	-0.00068699
-334.94976175	-0.00058187
-334.91642849	-0.00048414
-334.88309523	-0.00037731
-334.84976197	-0.00029153
-334.81642871	-0.00021670
-334.78309545	-0.00014433
-334.74976220	-0.00007566
-334.71642894	-0.00003485
-334.68309568	0.00000029
-334.64976242	0.00003238
-334.61642916	0.00005117
-334.58309590	0.00006007
-334.54976265	0.00005780
-334.51642939	0.00005296
-334.48309613	0.00004051
-334.44976287	0.00002151
-334.41642961	0.00000577
-334.38309635	-0.00001378
-334.34976310	-0.00003051
-334.31642984	-0.00004470
-334.28309658	-0.00005564
-334.24976332	-0.00006022
-334.21643006	-0.00006141
-334.18309680	-0.00005867
-334.14976354	-0.00005217
-334.11643029	-0.00004493
-334.08309703	-0.00003531
-334.04976377	-0.00002606
-334.01643051	-0.00001754
-333.98309725	-0.00001055
-333.94976399	-0.00000537
-333.91643074	-0.00000207
-333.88309748	-0.00000043
-333.84976422	0.00000000
