# Menlo Systems GmbH ScanControl
# Program Version 1.7.0+git.a90605a3
# Start: -433.90000000 ps, Average over 3000 waveforms. Timestamp: 2024-05-07T15:15:34
# Window type: Tukey, parameters: alpha = 0.1
# User time axis shift: 0 ps
# Time axis offset: 0 ps
# Frequency [THz]	THz Signal [a.u.]
0.00000000	-19.84634384
0.00732602	-23.89906152
0.01465205	-28.63587762
0.02197807	-28.74091003
0.02930410	-33.26952524
0.03663012	-36.06574331
0.04395614	-30.04969308
0.05128217	-34.37005935
0.05860819	-31.48393365
0.06593421	-36.00442230
0.07326024	-35.47634023
0.08058626	-42.05014233
0.08791229	-38.83992713
0.09523831	-33.65454567
0.10256433	-30.00300408
0.10989036	-33.22255832
0.11721638	-29.52107865
0.12454240	-24.98587831
0.13186843	-27.34396349
0.13919445	-21.61532977
0.14652048	-20.70780157
0.15384650	-22.07053292
0.16117252	-20.78560298
0.16849855	-17.92396682
0.17582457	-16.07778968
0.18315060	-15.61852679
0.19047662	-14.66858898
0.19780264	-12.67571034
0.20512867	-13.01691330
0.21245469	-13.82718189
0.21978071	-11.26412701
0.22710674	-8.48942994
0.23443276	-9.60773971
0.24175879	-10.27505739
0.24908481	-8.84330853
0.25641083	-10.43922868
0.26373686	-10.51280674
0.27106288	-7.68531611
0.27838890	-7.19208151
0.28571493	-8.78623376
0.29304095	-8.31039672
0.30036698	-7.99417515
0.30769300	-8.07116144
0.31501902	-7.01133613
0.32234505	-4.86510049
0.32967107	-4.53148000
0.33699710	-6.13325279
0.34432312	-6.20957120
0.35164914	-5.39104996
0.35897517	-5.14841453
0.36630119	-4.04214870
0.37362721	-3.37169280
0.38095324	-4.35591306
0.38827926	-4.70882765
0.39560529	-4.91622562
0.40293131	-4.41752804
0.41025733	-3.35563978
0.41758336	-2.57424643
0.42490938	-2.77581590
0.43223540	-3.58631666
0.43956143	-3.80498507
0.44688745	-3.26314774
0.45421348	-1.70016913
0.46153950	-1.01743800
0.46886552	-1.18515127
0.47619155	-1.60152392
0.48351757	-2.51295228
0.49084360	-2.58539425
0.49816962	-1.86644231
0.50549564	-1.34098891
0.51282167	-0.85136267
0.52014769	-1.74702552
0.52747371	-3.00283452
0.53479974	-2.40050487
0.54212576	-2.36646149
0.54945179	-1.23856700
0.55677781	-1.32023146
0.56410383	-1.35170756
0.57142986	-1.41135023
0.57875588	-1.60834302
0.58608190	-1.74236946
0.59340793	-0.51642082
0.60073395	0.00000000
0.60805998	-0.40415415
0.61538600	-1.03090554
0.62271202	-2.30048454
0.63003805	-1.95717338
0.63736407	-1.38271046
0.64469009	-1.04027562
0.65201612	-0.54710112
0.65934214	-1.32457586
0.66666817	-2.40845010
0.67399419	-2.26489141
0.68132021	-1.93397554
0.68864624	-0.89369020
0.69597226	-0.58314623
0.70329829	-1.28293599
0.71062431	-1.80674837
0.71795033	-2.74070262
0.72527636	-2.25391536
0.73260238	-1.95875599
0.73992840	-1.46109185
0.74725443	-2.24449904
0.75458045	-4.10273090
0.76190648	-3.77299756
0.76923250	-4.06130646
0.77655852	-3.19643466
0.78388455	-2.43970668
0.79121057	-2.53651127
0.79853659	-3.24166916
0.80586262	-4.17754832
0.81318864	-4.14786016
0.82051467	-3.54728719
0.82784069	-3.07268912
0.83516671	-2.72602017
0.84249274	-3.63026548
0.84981876	-4.51523742
0.85714479	-4.86673838
0.86447081	-4.85241971
0.87179683	-3.83351210
0.87912286	-3.79601058
0.88644888	-4.73586825
0.89377490	-5.42853109
0.90110093	-6.17878665
0.90842695	-6.14057798
0.91575298	-5.03784982
0.92307900	-4.48816381
0.93040502	-4.69036834
0.93773105	-5.54485823
0.94505707	-6.31284927
0.95238309	-5.91654305
0.95970912	-5.86700077
0.96703514	-5.67385910
0.97436117	-5.82414223
0.98168719	-7.78457668
0.98901321	-9.08797599
0.99633924	-9.60094895
1.00366526	-8.77994786
1.01099129	-8.09002346
1.01831731	-8.59304099
1.02564333	-8.66989518
1.03296936	-9.67213051
1.04029538	-9.56450751
1.04762140	-9.05003697
1.05494743	-8.32678205
1.06227345	-7.86405810
1.06959948	-9.29648205
1.07692550	-10.61607867
1.08425152	-11.03000587
1.09157755	-12.00408548
1.09890357	-14.70729922
1.10622959	-11.95933776
1.11355562	-12.54919814
1.12088164	-13.32547856
1.12820767	-13.66895689
1.13553369	-12.71957796
1.14285971	-12.12885816
1.15018574	-11.99002747
1.15751176	-13.75371958
1.16483779	-17.11821800
1.17216381	-13.72824133
1.17948983	-13.52027862
1.18681586	-12.78178758
1.19414188	-12.00536556
1.20146790	-13.10684202
1.20879393	-16.34988796
1.21611995	-15.84963196
1.22344598	-16.44898216
1.23077200	-17.51311050
1.23809802	-16.57691337
1.24542405	-16.13880678
1.25275007	-17.18979262
1.26007609	-18.11144133
1.26740212	-17.66560791
1.27472814	-16.79828584
1.28205417	-15.63058066
1.28938019	-15.60507696
1.29670621	-16.14041438
1.30403224	-16.48391688
1.31135826	-17.36395207
1.31868429	-17.75939649
1.32601031	-17.24313258
1.33333633	-18.02167859
1.34066236	-19.25956348
1.34798838	-20.91171225
1.35531440	-21.50071021
1.36264043	-20.82764713
1.36996645	-20.99435061
1.37729248	-19.56115384
1.38461850	-20.05867412
1.39194452	-20.27026734
1.39927055	-20.57603199
1.40659657	-21.25952277
1.41392259	-22.17652092
1.42124862	-19.43013223
1.42857464	-19.82386200
1.43590067	-20.52133477
1.44322669	-21.72130234
1.45055271	-22.38190313
1.45787874	-22.84833047
1.46520476	-22.22424303
1.47253079	-22.88636780
1.47985681	-24.51219229
1.48718283	-24.71364065
1.49450886	-24.58834051
1.50183488	-24.01491434
1.50916090	-22.95147770
1.51648693	-22.16858479
1.52381295	-22.12436854
1.53113898	-23.26557704
1.53846500	-23.22633930
1.54579102	-22.99588364
1.55311705	-23.23130339
1.56044307	-23.99809971
1.56776909	-24.97183736
1.57509512	-26.47703270
1.58242114	-28.16755579
1.58974717	-28.96676053
1.59707319	-28.77825618
1.60439921	-29.81404919
1.61172524	-28.83630542
1.61905126	-28.22458542
1.62637728	-28.24956125
1.63370331	-27.61262114
1.64102933	-27.57459503
1.64835536	-26.87125055
1.65568138	-27.83654246
1.66300740	-33.02108702
1.67033343	-40.59240144
1.67765945	-33.73325389
1.68498548	-30.14754655
1.69231150	-30.70472966
1.69963752	-31.12344281
1.70696355	-32.35899152
1.71428957	-36.89854929
1.72161559	-41.22746346
1.72894162	-33.39301797
1.73626764	-32.22933822
1.74359367	-31.41377970
1.75091969	-31.02112463
1.75824571	-30.56658831
1.76557174	-31.03199242
1.77289776	-30.82999148
1.78022378	-30.56908653
1.78754981	-30.71937918
1.79487583	-33.96124437
1.80220186	-35.10169700
1.80952788	-34.86106061
1.81685390	-36.03944882
1.82417993	-36.69524180
1.83150595	-36.75533850
1.83883198	-37.07987569
1.84615800	-36.98372286
1.85348402	-36.87974949
1.86081005	-35.63159469
1.86813607	-38.09495386
1.87546209	-35.23682965
1.88278812	-33.87834198
1.89011414	-35.11379059
1.89744017	-35.22274969
1.90476619	-36.17974996
1.91209221	-36.83815133
1.91941824	-40.89295094
1.92674426	-41.76892166
1.93407028	-42.22502520
1.94139631	-42.42466189
1.94872233	-41.07552648
1.95604836	-39.98250263
1.96337438	-39.85016056
1.97070040	-39.47082444
1.97802643	-39.40050009
1.98535245	-39.28770105
1.99267848	-38.70903179
2.00000450	-37.20066066
2.00733052	-37.78871839
2.01465655	-40.13080432
2.02198257	-41.19133764
2.02930859	-41.44671869
2.03663462	-43.29036694
2.04396064	-45.24402319
2.05128667	-44.80326708
2.05861269	-47.87664940
2.06593871	-50.80516687
2.07326474	-48.52253305
2.08059076	-47.59523693
2.08791678	-46.63785431
2.09524281	-45.44349885
2.10256883	-44.47821163
2.10989486	-44.09312242
2.11722088	-43.87574178
2.12454690	-42.84682296
2.13187293	-43.30188876
2.13919895	-46.28868431
2.14652498	-49.25816135
2.15385100	-49.93780648
2.16117702	-54.70226067
2.16850305	-84.56277391
2.17582907	-60.01545745
2.18315509	-56.81837144
2.19048112	-56.60692016
2.19780714	-61.74724341
2.20513317	-54.82056345
2.21245919	-55.09148942
2.21978521	-57.55220832
2.22711124	-55.88229649
2.23443726	-52.14685223
2.24176328	-54.42730918
2.24908931	-60.44587573
2.25641533	-68.86674241
2.26374136	-61.32782802
2.27106738	-57.87547420
2.27839340	-52.93518272
2.28571943	-52.35316042
2.29304545	-54.52212289
2.30037148	-51.58176534
2.30769750	-49.66007487
2.31502352	-50.67301857
2.32234955	-52.95662521
2.32967557	-52.97204040
2.33700159	-54.86633464
2.34432762	-60.77562039
2.35165364	-58.22895377
2.35897967	-54.10151416
2.36630569	-56.82034376
2.37363171	-56.90940376
2.38095774	-52.47195566
2.38828376	-52.73189356
2.39560978	-57.66320795
2.40293581	-50.75397045
2.41026183	-49.20647699
2.41758786	-48.60709395
2.42491388	-49.95445228
2.43223990	-50.38932992
2.43956593	-51.39543805
2.44689195	-53.79516154
2.45421798	-54.32908973
2.46154400	-57.59643313
2.46887002	-57.83532735
2.47619605	-53.78201908
2.48352207	-54.89320089
2.49084809	-54.16709969
2.49817412	-51.34665189
2.50550014	-49.86417531
2.51282617	-49.41040689
2.52015219	-49.17284175
2.52747821	-50.44276864
2.53480424	-52.13143079
2.54213026	-52.35092467
2.54945628	-52.27292408
2.55678231	-53.46269336
2.56410833	-53.28357291
2.57143436	-53.12349858
2.57876038	-53.58592500
2.58608640	-54.63717983
2.59341243	-53.16495627
2.60073845	-52.42938985
2.60806448	-52.73251405
2.61539050	-52.56028662
2.62271652	-52.80438035
2.63004255	-55.19842897
2.63736857	-63.57898980
2.64469459	-75.13076646
2.65202062	-61.02633135
2.65934664	-57.28591404
2.66667267	-58.23227056
2.67399869	-57.31660291
2.68132471	-58.33765796
2.68865074	-59.96130886
2.69597676	-57.53676520
2.70330278	-55.94769775
2.71062881	-55.69572702
2.71795483	-55.76505727
2.72528086	-55.67725909
2.73260688	-55.67351472
2.73993290	-56.24940438
2.74725893	-56.16179113
2.75458495	-56.64527263
2.76191097	-58.22998508
2.76923700	-63.42380135
2.77656302	-75.75378652
2.78388905	-64.86473160
2.79121507	-59.60193820
2.79854109	-58.67954947
2.80586712	-59.57761317
2.81319314	-58.74407535
2.82051917	-58.53918134
2.82784519	-59.15164222
2.83517121	-58.49099587
2.84249724	-58.69580065
2.84982326	-58.95408773
2.85714928	-57.01856553
2.86447531	-57.18186471
2.87180133	-57.90234708
2.87912736	-60.26779744
2.88645338	-65.86601214
2.89377940	-60.40915775
2.90110543	-59.58651515
2.90843145	-60.21432958
2.91575747	-60.74699209
2.92308350	-61.37653063
2.93040952	-60.89511716
2.93773555	-60.39418634
2.94506157	-60.51029591
2.95238759	-62.81243897
2.95971362	-64.08117306
2.96703964	-68.46032800
2.97436567	-78.60247016
2.98169169	-66.84714317
2.98901771	-65.61022748
2.99634374	-66.27363353
3.00366976	-66.24797708
3.01099578	-69.29161086
3.01832181	-82.55692416
3.02564783	-77.59321611
3.03297386	-66.97448564
3.04029988	-66.49053030
3.04762590	-72.58270586
3.05495193	-66.23644554
3.06227795	-66.86281943
3.06960397	-65.15280650
3.07693000	-65.15971066
3.08425602	-67.40622674
3.09158205	-65.64443800
3.09890807	-68.40121941
3.10623409	-67.86287056
3.11356012	-69.11024192
3.12088614	-69.61746898
3.12821217	-69.66973164
3.13553819	-77.08497612
3.14286421	-72.90963048
3.15019024	-70.85614596
3.15751626	-69.94972768
3.16484228	-71.73849602
3.17216831	-76.33277262
3.17949433	-71.95395640
3.18682036	-75.35535937
3.19414638	-72.36140791
3.20147240	-74.95476730
3.20879843	-72.75068958
3.21612445	-77.06060688
3.22345047	-76.58399375
3.23077650	-86.07083967
3.23810252	-78.22012090
3.24542855	-78.16284094
3.25275457	-80.56719920
3.26008059	-76.34388698
3.26740662	-79.99195508
3.27473264	-83.87134932
3.28205867	-87.75114456
3.28938469	-78.59089344
3.29671071	-80.43211327
3.30403674	-83.08110604
3.31136276	-80.26344225
3.31868878	-83.76093279
3.32601481	-79.35317960
3.33334083	-80.45407888
3.34066686	-80.81280107
3.34799288	-75.86478020
3.35531890	-83.98597361
3.36264493	-76.20841525
3.36997095	-77.06461623
3.37729697	-89.70754189
3.38462300	-81.79777292
3.39194902	-81.52622772
3.39927505	-78.26787099
3.40660107	-74.78151646
3.41392709	-82.39762197
3.42125312	-79.53566055
3.42857914	-75.45346653
3.43590517	-83.45881311
3.44323119	-84.28371457
3.45055721	-79.93250913
3.45788324	-81.59914595
3.46520926	-78.04530024
3.47253528	-77.51278504
3.47986131	-83.55125807
3.48718733	-80.49329961
3.49451336	-76.90087949
3.50183938	-81.76190242
3.50916540	-92.18145024
3.51649143	-83.07976325
3.52381745	-78.40882706
3.53114347	-81.24817567
3.53846950	-84.62824991
3.54579552	-79.39702231
3.55312155	-91.72272866
3.56044757	-107.58936701
3.56777359	-81.69862686
3.57509962	-92.90920342
3.58242564	-85.85532603
3.58975167	-76.10539882
3.59707769	-75.88313983
3.60440371	-78.98724923
3.61172974	-92.60055288
3.61905576	-87.57709666
3.62638178	-76.72782271
3.63370781	-79.33533627
3.64103383	-94.14186390
3.64835986	-78.94970817
3.65568588	-89.45812228
3.66301190	-94.21367818
3.67033793	-79.61271499
3.67766395	-79.17627298
3.68498997	-73.96996687
3.69231600	-82.72069513
3.69964202	-82.15268968
3.70696805	-87.69234953
3.71429407	-83.61414366
3.72162009	-85.08442449
3.72894612	-81.73091383
3.73627214	-91.16569989
3.74359816	-89.75448980
3.75092419	-81.85895465
3.75825021	-82.71763600
3.76557624	-87.78427310
3.77290226	-80.07968891
3.78022828	-76.36733598
3.78755431	-83.05661203
3.79488033	-84.02875000
3.80220636	-83.61017344
3.80953238	-87.58272876
3.81685840	-92.39280455
3.82418443	-88.66065626
3.83151045	-87.83961822
3.83883647	-78.03147253
3.84616250	-76.83149286
3.85348852	-90.70125261
3.86081455	-82.90872563
3.86814057	-82.68206999
3.87546659	-76.94621590
3.88279262	-80.88324586
3.89011864	-83.87233971
3.89744466	-76.11194561
3.90477069	-76.16415908
3.91209671	-79.62720970
3.91942274	-79.85251631
3.92674876	-82.50585989
3.93407478	-79.39240912
3.94140081	-79.04466828
3.94872683	-93.52871164
3.95605286	-87.06514128
3.96337888	-92.78901720
3.97070490	-85.73642615
3.97803093	-87.13500276
3.98535695	-85.40681490
3.99268297	-81.80760521
4.00000900	-79.15260549
4.00733502	-83.63036915
4.01466105	-80.31379962
4.02198707	-99.91023969
4.02931309	-81.62890075
4.03663912	-88.15571086
4.04396514	-83.67819465
4.05129116	-80.09619877
4.05861719	-77.78051536
4.06594321	-78.26207889
4.07326924	-90.53055885
4.08059526	-89.86422470
4.08792128	-83.30847510
4.09524731	-84.66473284
4.10257333	-82.36537688
4.10989936	-81.82713462
4.11722538	-87.77909184
4.12455140	-79.79488609
4.13187743	-79.72214751
4.13920345	-75.88331076
4.14652947	-87.46862544
4.15385550	-83.90034165
4.16118152	-85.27781662
4.16850755	-88.74434735
4.17583357	-82.14633792
4.18315959	-73.73170937
4.19048562	-94.67793222
4.19781164	-76.29516893
4.20513766	-78.94930757
4.21246369	-80.21116215
4.21978971	-92.87778238
4.22711574	-91.72561497
4.23444176	-86.07586136
4.24176778	-84.75737303
4.24909381	-85.80208844
4.25641983	-74.06470472
4.26374586	-76.64986383
4.27107188	-86.20530288
4.27839790	-84.22514143
4.28572393	-78.03595887
4.29304995	-80.38185488
4.30037597	-73.54346298
4.30770200	-74.95123230
4.31502802	-80.02027213
4.32235405	-85.44453938
4.32968007	-86.30029685
4.33700609	-87.62114914
4.34433212	-80.18809483
4.35165814	-87.22377796
4.35898416	-74.60248835
4.36631019	-74.18734435
4.37363621	-74.45680979
4.38096224	-77.14531972
4.38828826	-75.30731333
4.39561428	-79.44425673
4.40294031	-86.01421650
4.41026633	-80.86609043
4.41759236	-79.68224316
4.42491838	-78.25395862
4.43224440	-81.58796956
4.43957043	-76.54026730
4.44689645	-76.99403411
4.45422247	-86.42394550
4.46154850	-87.83959290
4.46887452	-101.14808482
4.47620055	-81.99518355
4.48352657	-88.10159153
4.49085259	-77.98049428
4.49817862	-78.47331585
4.50550464	-79.20287074
4.51283066	-80.53555756
4.52015669	-81.47667766
4.52748271	-83.43773913
4.53480874	-78.19005904
4.54213476	-80.86849913
4.54946078	-82.84266202
4.55678681	-87.05879146
4.56411283	-89.12480652
4.57143886	-88.27134866
4.57876488	-77.29393806
4.58609090	-88.52505354
4.59341693	-75.90925465
4.60074295	-79.13902772
4.60806897	-80.50137060
4.61539500	-94.53633272
4.62272102	-81.62149907
4.63004705	-101.21290732
4.63737307	-79.74946577
4.64469909	-80.08008542
4.65202512	-83.99500803
4.65935114	-75.57372597
4.66667716	-78.25146527
4.67400319	-89.22052272
4.68132921	-75.30892394
4.68865524	-74.91234982
4.69598126	-87.22133850
4.70330728	-80.02615766
4.71063331	-81.84975519
4.71795933	-79.28490757
4.72528536	-82.88370552
4.73261138	-81.09183230
4.73993740	-88.22813808
4.74726343	-102.31171115
4.75458945	-92.67711106
4.76191547	-79.83137782
4.76924150	-80.93534836
4.77656752	-97.79785879
4.78389355	-87.50810180
4.79121957	-92.32838241
4.79854559	-88.89623737
4.80587162	-85.76607053
4.81319764	-80.84866739
4.82052366	-93.15494935
4.82784969	-85.52402502
4.83517571	-82.90363492
4.84250174	-85.44682202
4.84982776	-93.59863203
4.85715378	-100.10022681
4.86447981	-82.77247044
4.87180583	-81.10582078
4.87913185	-88.09123208
4.88645788	-83.26669141
4.89378390	-80.93781621
4.90110993	-79.31695332
4.90843595	-75.96129256
4.91576197	-88.10027606
4.92308800	-80.39641321
4.93041402	-78.97099788
4.93774005	-103.01819047
4.94506607	-81.80205574
4.95239209	-83.14355696
4.95971812	-77.51692975
4.96704414	-84.58918985
4.97437016	-82.54897968
4.98169619	-77.29971514
4.98902221	-78.12362760
4.99634824	-80.31561972
5.00367426	-77.52476256
5.01100028	-88.70535803
5.01832631	-95.87946903
5.02565233	-122.70535889
5.03297835	-81.93672841
5.04030438	-79.71327045
5.04763040	-80.57842826
5.05495643	-94.04492358
5.06228245	-79.34165186
5.06960847	-79.82147939
5.07693450	-74.74664941
5.08426052	-87.30497582
5.09158655	-85.74083156
5.09891257	-84.67607376
5.10623859	-77.44301844
5.11356462	-78.00601743
5.12089064	-79.29219811
5.12821666	-81.46176504
5.13554269	-90.31903742
5.14286871	-80.16267982
5.15019474	-81.71055650
5.15752076	-87.88427256
5.16484678	-82.16890951
5.17217281	-83.32805879
5.17949883	-88.42629406
5.18682485	-85.68662457
5.19415088	-93.18210596
5.20147690	-76.72139071
5.20880293	-79.01017208
5.21612895	-82.34790294
5.22345497	-81.10433307
5.23078100	-89.14629783
5.23810702	-89.61708842
5.24543305	-84.72488450
5.25275907	-82.40043860
5.26008509	-81.13603075
5.26741112	-88.71443195
5.27473714	-93.64409136
5.28206316	-88.65655729
5.28938919	-89.64814312
5.29671521	-78.93905929
5.30404124	-84.94291215
5.31136726	-83.40458705
5.31869328	-78.78174059
5.32601931	-77.27417741
5.33334533	-84.66442185
5.34067135	-89.68869355
5.34799738	-86.88614193
5.35532340	-88.63604205
5.36264943	-90.59856286
5.36997545	-87.62728894
5.37730147	-81.72664146
5.38462750	-83.77795720
5.39195352	-85.18938926
5.39927955	-91.06621259
5.40660557	-89.99840062
5.41393159	-80.94548367
5.42125762	-78.72632255
5.42858364	-82.00840508
5.43590966	-82.94987525
5.44323569	-82.18935696
5.45056171	-79.33529596
5.45788774	-91.45638330
5.46521376	-88.18916949
5.47253978	-79.16773499
5.47986581	-82.17095641
5.48719183	-79.57240886
5.49451785	-76.41929689
5.50184388	-81.40844651
5.50916990	-82.41321055
5.51649593	-86.93688078
5.52382195	-82.08563822
5.53114797	-82.91241714
5.53847400	-82.18732441
5.54580002	-90.37915216
5.55312605	-91.06297781
5.56045207	-94.38420620
5.56777809	-88.36164295
5.57510412	-86.97708438
5.58243014	-82.97742478
5.58975616	-81.11370134
5.59708219	-92.17002760
5.60440821	-94.79820233
5.61173424	-78.19555782
5.61906026	-81.03569023
5.62638628	-80.16082081
5.63371231	-97.48791772
5.64103833	-83.80019450
5.64836435	-80.07237805
5.65569038	-86.04711136
5.66301640	-79.13191546
5.67034243	-82.39985237
5.67766845	-76.38233118
5.68499447	-79.89966293
5.69232050	-81.98530712
5.69964652	-80.28330197
5.70697255	-81.54567497
5.71429857	-82.35241757
5.72162459	-81.96778145
5.72895062	-94.11450657
5.73627664	-88.98918488
5.74360266	-82.63829549
5.75092869	-91.22517926
5.75825471	-81.43126224
5.76558074	-83.82061469
5.77290676	-84.18746188
5.78023278	-82.51189412
5.78755881	-83.71748974
5.79488483	-85.76362311
5.80221085	-87.07757302
5.80953688	-80.02938573
5.81686290	-85.19385769
5.82418893	-97.39913196
5.83151495	-83.20345737
5.83884097	-82.18044456
5.84616700	-94.84089705
5.85349302	-79.72677746
5.86081904	-78.34029503
5.86814507	-82.99119945
5.87547109	-80.60624983
5.88279712	-82.82470019
5.89012314	-78.30906132
5.89744916	-75.06955376
5.90477519	-82.56753648
5.91210121	-80.07405975
5.91942724	-88.03595470
5.92675326	-78.18222899
5.93407928	-79.03658903
5.94140531	-89.01068848
5.94873133	-82.11072745
5.95605735	-82.02032400
5.96338338	-82.31255351
5.97070940	-81.09886936
5.97803543	-85.78155998
5.98536145	-82.27308015
5.99268747	-85.01293121
6.00001350	-93.07549079
6.00733952	-88.52939972
6.01466554	-84.96844584
6.02199157	-88.17334170
6.02931759	-89.88918856
6.03664362	-97.64024746
6.04396964	-90.44934701
6.05129566	-80.88725224
6.05862169	-83.60442123
6.06594771	-83.22172622
6.07327374	-93.22693975
6.08059976	-90.41385742
6.08792578	-94.16042717
6.09525181	-90.73862553
6.10257783	-82.84254230
6.10990385	-83.49268746
6.11722988	-90.43016209
6.12455590	-79.26320981
6.13188193	-83.09003942
6.13920795	-77.66682967
6.14653397	-82.31058688
6.15386000	-92.22851428
6.16118602	-94.47326956
6.16851204	-85.45059890
6.17583807	-88.77608353
6.18316409	-77.96363613
6.19049012	-80.68449472
6.19781614	-98.77918610
6.20514216	-89.55321113
6.21246819	-84.14992113
6.21979421	-75.82596308
6.22712024	-79.38038917
6.23444626	-84.12336959
6.24177228	-76.99600391
6.24909831	-76.69677198
6.25642433	-86.40986835
6.26375035	-78.97151893
6.27107638	-83.34220085
6.27840240	-86.89423605
6.28572843	-94.01947313
6.29305445	-82.88543725
6.30038047	-83.47732031
6.30770650	-79.78064966
6.31503252	-80.57577851
6.32235854	-75.57466982
6.32968457	-78.66605274
6.33701059	-86.77530078
6.34433662	-73.08069224
6.35166264	-79.03727078
6.35898866	-80.27502510
6.36631469	-81.04398633
6.37364071	-83.56572217
6.38096674	-84.60910756
6.38829276	-78.60789897
6.39561878	-79.90833725
6.40294481	-88.56933000
6.41027083	-83.97999325
6.41759685	-88.21073427
6.42492288	-93.31534430
6.43224890	-97.84506376
6.43957493	-82.41520076
6.44690095	-80.93888562
6.45422697	-115.80374782
6.46155300	-85.67508823
6.46887902	-79.23260080
6.47620504	-91.89632515
6.48353107	-78.83367225
6.49085709	-82.43163836
6.49818312	-98.27967482
6.50550914	-80.41639739
6.51283516	-79.11451398
6.52016119	-89.28022141
6.52748721	-85.71448991
6.53481324	-90.97896708
6.54213926	-79.77065346
6.54946528	-79.80610306
6.55679131	-91.42862832
6.56411733	-80.78153174
6.57144335	-84.20122246
6.57876938	-80.41481509
6.58609540	-88.65578126
6.59342143	-83.93307285
6.60074745	-79.67784465
6.60807347	-78.87932793
6.61539950	-79.47775194
6.62272552	-84.17298002
6.63005154	-93.04170238
6.63737757	-85.89928576
6.64470359	-91.82492639
6.65202962	-86.64734834
6.65935564	-84.23788283
6.66668166	-91.04095685
6.67400769	-78.23668435
6.68133371	-76.51749245
6.68865974	-85.22212274
6.69598576	-83.42160303
6.70331178	-83.72972588
6.71063781	-82.02752550
6.71796383	-96.80888361
6.72528985	-83.18027016
6.73261588	-82.98622639
6.73994190	-86.99070582
6.74726793	-89.62106715
6.75459395	-103.27566977
6.76191997	-85.02585251
6.76924600	-79.23007320
6.77657202	-83.33617806
6.78389804	-83.44400466
6.79122407	-87.69614942
6.79855009	-98.68720043
6.80587612	-82.14169282
6.81320214	-78.66451442
6.82052816	-78.31224340
6.82785419	-84.06457047
6.83518021	-81.72080899
6.84250624	-76.96252873
6.84983226	-85.67200042
6.85715828	-77.69652334
6.86448431	-76.74106928
6.87181033	-82.65095934
6.87913635	-80.41296649
6.88646238	-77.58104879
6.89378840	-79.79089223
6.90111443	-79.34766253
6.90844045	-95.01240446
6.91576647	-85.06805335
6.92309250	-78.77945358
6.93041852	-79.93042603
6.93774454	-81.95761528
6.94507057	-78.72663218
6.95239659	-79.72663735
6.95972262	-86.70799157
6.96704864	-91.66953719
6.97437466	-84.00400137
6.98170069	-80.59353732
6.98902671	-81.39719097
6.99635273	-82.71440517
7.00367876	-89.43723291
7.01100478	-84.35368083
7.01833081	-84.41153807
7.02565683	-93.51630819
7.03298285	-84.23210964
7.04030888	-83.18033772
7.04763490	-85.68887715
7.05496093	-80.12263227
7.06228695	-85.54015273
7.06961297	-77.10067394
7.07693900	-95.33611162
7.08426502	-85.91575431
7.09159104	-92.02331517
7.09891707	-93.74156471
7.10624309	-87.00002179
7.11356912	-84.11771843
7.12089514	-82.84436701
7.12822116	-87.25054214
7.13554719	-88.95524697
7.14287321	-86.31853644
7.15019923	-81.47768739
7.15752526	-77.36578069
7.16485128	-84.24230073
7.17217731	-92.73046243
7.17950333	-80.21890231
7.18682935	-85.67011244
7.19415538	-81.72172721
7.20148140	-84.36481012
7.20880743	-86.42423926
7.21613345	-79.27224315
7.22345947	-77.75136577
7.23078550	-85.90463007
7.23811152	-87.25928641
7.24543754	-84.71277245
7.25276357	-83.60272415
7.26008959	-93.26185767
7.26741562	-101.37222444
7.27474164	-82.95705317
7.28206766	-92.01290619
7.28939369	-77.60151476
7.29671971	-79.23554163
7.30404573	-76.54905827
7.31137176	-91.36085559
7.31869778	-84.19702978
7.32602381	-83.65097679
7.33334983	-82.76618932
7.34067585	-83.66447633
7.34800188	-85.79842754
7.35532790	-91.62147392
7.36265393	-105.08863050
7.36997995	-85.83371017
7.37730597	-77.07896339
7.38463200	-81.91213731
7.39195802	-77.41340921
7.39928404	-93.85278619
7.40661007	-81.82218965
7.41393609	-84.37801786
7.42126212	-85.67447682
7.42858814	-78.08957731
7.43591416	-77.58534987
7.44324019	-91.45583337
7.45056621	-83.19133543
7.45789223	-81.76253573
7.46521826	-99.43124388
7.47254428	-85.25129260
7.47987031	-81.10283599
7.48719633	-83.23592820
7.49452235	-94.16711102
7.50184838	-78.17383925
7.50917440	-89.44537589
7.51650043	-81.33661504
7.52382645	-75.88043774
7.53115247	-85.12319814
7.53847850	-80.78741535
7.54580452	-102.09755690
7.55313054	-88.01095862
7.56045657	-98.80519749
7.56778259	-78.26716859
7.57510862	-80.47074599
7.58243464	-79.10007910
7.58976066	-91.44335287
7.59708669	-81.12923396
7.60441271	-77.37128535
7.61173873	-80.43182281
7.61906476	-82.56856660
7.62639078	-89.41310261
7.63371681	-84.23620059
7.64104283	-85.42311698
7.64836885	-87.80106928
7.65569488	-78.49470685
7.66302090	-76.93078352
7.67034693	-81.39553681
7.67767295	-85.14954451
7.68499897	-82.34764832
7.69232500	-83.99010357
7.69965102	-83.95610118
7.70697704	-82.15346231
7.71430307	-79.93108117
7.72162909	-79.29853084
7.72895512	-82.16448392
7.73628114	-82.68298619
7.74360716	-83.75245508
7.75093319	-80.19665579
7.75825921	-81.67697923
7.76558523	-81.41106168
7.77291126	-88.48161867
7.78023728	-85.56297714
7.78756331	-79.93012880
7.79488933	-78.05307116
7.80221535	-83.69892917
7.80954138	-90.54903324
7.81686740	-95.70848108
7.82419343	-84.96730602
7.83151945	-93.99425114
7.83884547	-81.15178953
7.84617150	-92.93562286
7.85349752	-80.15772830
7.86082354	-82.93129578
7.86814957	-96.14982677
7.87547559	-91.82464847
7.88280162	-88.90494301
7.89012764	-81.57596143
7.89745366	-82.37169432
7.90477969	-86.39732454
7.91210571	-84.85902570
7.91943173	-81.47405288
7.92675776	-83.89755562
7.93408378	-91.21061797
7.94140981	-85.82432914
7.94873583	-83.65438700
7.95606185	-90.99408123
7.96338788	-83.96186161
7.97071390	-90.20467769
7.97803992	-91.12367702
7.98536595	-85.45706238
7.99269197	-81.72464911
8.00001800	-90.34375669
8.00734402	-81.93322134
8.01467004	-84.45835591
8.02199607	-81.94745419
8.02932209	-77.16345232
8.03664812	-77.55971513
8.04397414	-84.00458760
8.05130016	-84.42712322
8.05862619	-82.39385523
8.06595221	-78.76370333
8.07327823	-90.89507870
8.08060426	-84.99114241
8.08793028	-83.63494963
8.09525631	-79.94891856
8.10258233	-85.78787339
8.10990835	-83.93831914
8.11723438	-81.70112034
8.12456040	-81.09180828
8.13188642	-95.27750431
8.13921245	-81.98913826
8.14653847	-76.48648711
8.15386450	-76.00783991
8.16119052	-83.06137160
8.16851654	-82.75903351
8.17584257	-88.22821801
8.18316859	-84.64037340
8.19049462	-80.46508730
8.19782064	-84.08761908
8.20514666	-83.88923546
8.21247269	-84.51379389
8.21979871	-86.28555400
8.22712473	-81.22175504
8.23445076	-85.47281339
8.24177678	-82.03996744
8.24910281	-86.06890559
8.25642883	-78.83513772
8.26375485	-85.25407354
8.27108088	-83.66782921
8.27840690	-83.76093144
8.28573292	-83.22336612
8.29305895	-85.80101805
8.30038497	-82.18395033
8.30771100	-91.36719293
8.31503702	-84.05559398
8.32236304	-81.10472951
8.32968907	-82.15975024
8.33701509	-89.51968118
8.34434112	-78.10471392
8.35166714	-83.73698144
8.35899316	-89.47707964
8.36631919	-79.69569326
8.37364521	-95.75959170
8.38097123	-76.19081482
8.38829726	-87.92241348
8.39562328	-86.65083593
8.40294931	-77.13386033
8.41027533	-81.28985373
8.41760135	-81.38462446
8.42492738	-83.37123333
8.43225340	-95.15065081
8.43957942	-97.19421732
8.44690545	-85.25973960
8.45423147	-87.78813805
8.46155750	-83.17995407
8.46888352	-86.05737428
8.47620954	-83.81086155
8.48353557	-83.35933138
8.49086159	-84.00499208
8.49818762	-87.83319103
8.50551364	-82.58220553
8.51283966	-77.32532813
8.52016569	-78.83227446
8.52749171	-81.71097186
8.53481773	-85.68059937
8.54214376	-90.79850178
8.54946978	-90.35456797
8.55679581	-83.09670887
8.56412183	-78.09153729
8.57144785	-77.65922762
8.57877388	-83.92010376
8.58609990	-110.01885791
8.59342592	-83.46595484
8.60075195	-85.57374251
8.60807797	-79.47855978
8.61540400	-82.18171467
8.62273002	-78.17017342
8.63005604	-76.78174925
8.63738207	-82.31736457
8.64470809	-85.16891054
8.65203412	-85.98447804
8.65936014	-109.20607145
8.66668616	-82.43430278
8.67401219	-92.01512458
8.68133821	-87.17298519
8.68866423	-83.42672265
8.69599026	-82.72494412
8.70331628	-84.77332337
8.71064231	-82.49024064
8.71796833	-85.29963832
8.72529435	-78.87473689
8.73262038	-88.65371487
8.73994640	-101.82998043
8.74727242	-85.81825244
8.75459845	-97.11953681
8.76192447	-92.94909492
8.76925050	-84.07117849
8.77657652	-85.29767233
8.78390254	-83.07853003
8.79122857	-82.65160327
8.79855459	-79.48993880
8.80588062	-82.32217364
8.81320664	-83.75412938
8.82053266	-84.28709649
8.82785869	-84.72799656
8.83518471	-88.78928284
8.84251073	-98.57247518
8.84983676	-93.71089762
8.85716278	-88.24886120
8.86448881	-78.37471486
8.87181483	-85.75849863
8.87914085	-83.30914225
8.88646688	-81.55013845
8.89379290	-80.04863602
8.90111892	-85.41596099
8.90844495	-100.16624257
8.91577097	-86.11053647
8.92309700	-87.52324198
8.93042302	-87.86984938
8.93774904	-90.59304092
8.94507507	-80.76121876
8.95240109	-82.41185803
8.95972712	-84.88713822
8.96705314	-87.52026014
8.97437916	-87.49665473
8.98170519	-81.70754204
8.98903121	-81.26201631
8.99635723	-83.05605964
9.00368326	-81.23394518
9.01100928	-86.57008743
9.01833531	-86.06806235
9.02566133	-84.39598575
9.03298735	-82.22809744
9.04031338	-86.85950112
9.04763940	-78.60142580
9.05496542	-88.65364712
9.06229145	-85.26846662
9.06961747	-91.22405645
9.07694350	-85.46633761
9.08426952	-84.44510375
9.09159554	-84.59738969
9.09892157	-96.58844242
9.10624759	-84.88634973
9.11357361	-84.70060650
9.12089964	-84.65601480
9.12822566	-81.21999743
9.13555169	-77.42195323
9.14287771	-81.71959790
9.15020373	-81.53588594
9.15752976	-87.59330295
9.16485578	-83.65223595
9.17218181	-100.84126623
9.17950783	-78.52438571
9.18683385	-78.75303899
9.19415988	-80.71739708
9.20148590	-81.32220620
9.20881192	-83.60665714
9.21613795	-89.12858823
9.22346397	-83.96746692
9.23079000	-87.59787111
9.23811602	-89.66487533
9.24544204	-82.66198289
9.25276807	-81.25974648
9.26009409	-80.93101742
9.26742011	-80.96207663
9.27474614	-76.50379024
9.28207216	-85.72987678
9.28939819	-80.01736979
9.29672421	-86.03881825
9.30405023	-83.39606020
9.31137626	-87.08460763
9.31870228	-97.81222691
9.32602831	-98.99425842
9.33335433	-88.03815415
9.34068035	-80.67395641
9.34800638	-82.30062657
9.35533240	-89.90480555
9.36265842	-88.16107677
9.36998445	-82.69634873
9.37731047	-82.25656146
9.38463650	-87.35092626
9.39196252	-80.01171917
9.39928854	-79.75290870
9.40661457	-83.80289253
9.41394059	-79.22089664
9.42126661	-85.47359903
9.42859264	-79.19913142
9.43591866	-91.29281103
9.44324469	-80.20769781
9.45057071	-80.51717897
9.45789673	-79.36034130
9.46522276	-81.18611472
9.47254878	-81.32604544
9.47987481	-87.47304449
9.48720083	-79.32859816
9.49452685	-79.85765407
9.50185288	-85.73602273
9.50917890	-84.85035019
9.51650492	-82.90392093
9.52383095	-82.25509779
9.53115697	-84.54310837
9.53848300	-79.65538550
9.54580902	-89.56447980
9.55313504	-86.73504811
9.56046107	-83.82621492
9.56778709	-81.07879572
9.57511311	-79.04042337
9.58243914	-90.24129089
9.58976516	-88.65901257
9.59709119	-78.52248798
9.60441721	-79.44929100
9.61174323	-82.45548841
9.61906926	-83.24515720
9.62639528	-90.35206216
9.63372131	-81.13023329
9.64104733	-82.54970886
9.64837335	-89.86665706
9.65569938	-86.12508471
9.66302540	-86.73327496
9.67035142	-81.90530171
9.67767745	-80.60513216
9.68500347	-88.13877117
9.69232950	-90.28068204
9.69965552	-87.97145927
9.70698154	-88.01620424
9.71430757	-91.28966852
9.72163359	-102.08425581
9.72895961	-79.22555794
9.73628564	-78.68091250
9.74361166	-83.40015317
9.75093769	-81.54801571
9.75826371	-84.71516999
9.76558973	-77.06644950
9.77291576	-85.61906877
9.78024178	-92.50235197
9.78756781	-82.30083769
9.79489383	-83.38229770
9.80221985	-78.85620212
9.80954588	-79.03179088
9.81687190	-80.59922049
9.82419792	-86.46339712
9.83152395	-78.63536844
9.83884997	-88.14524586
9.84617600	-83.78658621
9.85350202	-83.57935088
9.86082804	-78.98621278
9.86815407	-91.59584569
9.87548009	-84.32060460
9.88280611	-79.91116809
9.89013214	-83.95959265
9.89745816	-80.77009366
9.90478419	-83.24911220
9.91211021	-74.19407553
9.91943623	-89.72380059
9.92676226	-84.59074912
9.93408828	-83.08836561
9.94141431	-79.14203445
9.94874033	-85.31585831
9.95606635	-79.63815118
9.96339238	-84.42937494
9.97071840	-94.23120093
9.97804442	-87.61693645
9.98537045	-89.50137982
9.99269647	-110.47051623
10.00002250	-96.62900240
10.00734852	-95.39583625
10.01467454	-87.95045034
10.02200057	-80.46303600
10.02932659	-81.02112262
10.03665261	-86.75984208
10.04397864	-97.29951560
10.05130466	-80.96534422
10.05863069	-93.27160445
10.06595671	-77.78281608
10.07328273	-82.24651132
10.08060876	-84.93087442
10.08793478	-80.49197307
10.09526080	-90.10432370
10.10258683	-80.88904068
10.10991285	-86.32456726
10.11723888	-83.34241188
10.12456490	-104.42458337
10.13189092	-90.75978306
10.13921695	-83.71273742
10.14654297	-80.36302310
10.15386900	-85.45657478
10.16119502	-81.35351386
10.16852104	-86.00439298
10.17584707	-86.25443363
10.18317309	-85.35122290
10.19049911	-88.98508451
10.19782514	-79.56805843
10.20515116	-76.00984463
10.21247719	-84.47096867
10.21980321	-86.63807448
10.22712923	-83.06356642
10.23445526	-83.94768117
10.24178128	-80.97086941
10.24910730	-79.25131883
10.25643333	-95.88729365
10.26375935	-89.56015332
10.27108538	-87.04527032
10.27841140	-84.89299871
10.28573742	-83.01937995
10.29306345	-87.07450104
10.30038947	-95.59039712
10.30771550	-75.84582157
10.31504152	-78.89009743
10.32236754	-87.36143900
10.32969357	-87.97947225
10.33701959	-85.49415224
10.34434561	-76.24205157
10.35167164	-86.26005879
10.35899766	-83.98508964
10.36632369	-82.39895833
10.37364971	-79.18291992
10.38097573	-88.26153326
10.38830176	-84.20011929
10.39562778	-83.25167322
10.40295380	-83.62730040
10.41027983	-84.88875614
10.41760585	-83.46349335
10.42493188	-85.36608750
10.43225790	-92.71502422
10.43958392	-78.55549903
10.44690995	-97.08558910
10.45423597	-76.83324845
10.46156200	-81.21409671
10.46888802	-87.13652443
10.47621404	-86.60451799
10.48354007	-82.34716419
10.49086609	-88.10153668
10.49819211	-84.29729504
10.50551814	-91.64991804
10.51284416	-78.70503783
10.52017019	-81.34456417
10.52749621	-77.88243988
10.53482223	-77.73265210
10.54214826	-76.66096978
10.54947428	-84.56381163
10.55680030	-88.84896642
10.56412633	-87.28349023
10.57145235	-85.56764951
10.57877838	-78.12542901
10.58610440	-87.29937204
10.59343042	-83.35047981
10.60075645	-89.32573095
10.60808247	-96.91101071
10.61540850	-80.77886328
10.62273452	-79.06143758
10.63006054	-88.47992512
10.63738657	-84.06087792
10.64471259	-81.96505219
10.65203861	-78.76481429
10.65936464	-76.78177670
10.66669066	-80.20858119
10.67401669	-88.22681974
10.68134271	-79.34221771
10.68866873	-77.06329683
10.69599476	-84.06101131
10.70332078	-82.91694545
10.71064680	-87.49891915
10.71797283	-80.63300398
10.72529885	-81.15273712
10.73262488	-90.69502525
10.73995090	-78.76818227
10.74727692	-89.88139130
10.75460295	-85.52200238
10.76192897	-86.14966801
10.76925500	-96.43758874
10.77658102	-79.91627743
10.78390704	-86.53855216
10.79123307	-90.40634771
10.79855909	-81.49855202
10.80588511	-85.06313557
10.81321114	-85.54770291
10.82053716	-96.71805144
10.82786319	-88.89682748
10.83518921	-81.69708696
10.84251523	-78.59634954
10.84984126	-92.02172333
10.85716728	-81.80715776
10.86449330	-101.00543610
10.87181933	-82.51751176
10.87914535	-84.67429653
10.88647138	-88.59049165
10.89379740	-80.91532883
10.90112342	-89.46266573
10.90844945	-82.39956831
10.91577547	-81.45274077
10.92310150	-83.71791020
10.93042752	-79.99969676
10.93775354	-84.83261561
10.94507957	-87.50113059
10.95240559	-77.85526462
10.95973161	-77.37068911
10.96705764	-79.19221562
10.97438366	-81.44905227
10.98170969	-86.65426782
10.98903571	-80.08715559
10.99636173	-84.13789442
11.00368776	-84.23781487
11.01101378	-81.18287438
11.01833980	-87.89893434
11.02566583	-84.44804882
11.03299185	-81.21640702
11.04031788	-84.08261855
11.04764390	-81.13825461
11.05496992	-82.39529787
11.06229595	-83.75481748
11.06962197	-86.27821046
11.07694800	-93.37600614
11.08427402	-94.30161367
11.09160004	-91.12881196
11.09892607	-96.99318988
11.10625209	-87.40188441
11.11357811	-83.79005154
11.12090414	-98.19025792
11.12823016	-84.64712957
11.13555619	-83.81037364
11.14288221	-84.83173809
11.15020823	-79.31783880
11.15753426	-84.35643627
11.16486028	-98.50100793
11.17218630	-85.85551140
11.17951233	-79.93128894
11.18683835	-82.66282730
11.19416438	-82.72239910
11.20149040	-78.19047952
11.20881642	-85.84280501
11.21614245	-88.27433153
11.22346847	-87.92215275
11.23079449	-84.63568596
11.23812052	-85.42082866
11.24544654	-89.41534516
11.25277257	-78.45950410
11.26009859	-79.86248870
11.26742461	-85.24223027
11.27475064	-78.68770356
11.28207666	-77.95061643
11.28940269	-80.47354788
11.29672871	-83.72248681
11.30405473	-89.86706385
11.31138076	-89.21211081
11.31870678	-82.82051037
11.32603280	-83.36004191
11.33335883	-83.60572590
11.34068485	-88.93850620
11.34801088	-79.32982204
11.35533690	-87.81565810
11.36266292	-82.19923989
11.36998895	-85.44932379
11.37731497	-88.31828368
11.38464099	-82.77018663
11.39196702	-77.77911386
11.39929304	-84.27499309
11.40661907	-87.59528261
11.41394509	-85.67771902
11.42127111	-87.25964947
11.42859714	-85.42524618
11.43592316	-87.44779121
11.44324919	-88.35460780
11.45057521	-85.05683129
11.45790123	-77.58496104
11.46522726	-83.46824898
11.47255328	-82.15257433
11.47987930	-82.14347951
11.48720533	-82.46221356
11.49453135	-87.38170917
11.50185738	-85.97847044
11.50918340	-84.31903802
11.51650942	-86.67893603
11.52383545	-81.99650471
11.53116147	-81.97999562
11.53848749	-84.97203957
11.54581352	-83.75960006
11.55313954	-92.31933316
11.56046557	-82.93261781
11.56779159	-82.63439941
11.57511761	-83.34762685
11.58244364	-86.72902594
11.58976966	-82.67869014
11.59709569	-84.15289195
11.60442171	-81.31070530
11.61174773	-85.80405299
11.61907376	-87.57047768
11.62639978	-83.41701596
11.63372580	-87.79586972
11.64105183	-83.59924702
11.64837785	-103.19386236
11.65570388	-94.03497867
11.66302990	-89.37597060
11.67035592	-86.44162314
11.67768195	-93.57734613
11.68500797	-88.48929376
11.69233399	-89.92111892
11.69966002	-91.69210691
11.70698604	-89.28057989
11.71431207	-92.53646299
11.72163809	-92.05400429
11.72896411	-82.64568434
11.73629014	-83.09576213
11.74361616	-84.45209066
11.75094219	-80.29298912
11.75826821	-83.80709676
11.76559423	-87.44060404
11.77292026	-97.32523449
11.78024628	-85.78539385
11.78757230	-87.03237290
11.79489833	-85.32119999
11.80222435	-83.73273572
11.80955038	-90.94345065
11.81687640	-88.97084760
11.82420242	-85.49055582
11.83152845	-78.69179264
11.83885447	-82.43531930
11.84618049	-88.16867730
11.85350652	-80.24003640
11.86083254	-93.80525414
11.86815857	-83.04452692
11.87548459	-93.28478772
11.88281061	-81.33193954
11.89013664	-81.25522402
11.89746266	-87.49007371
11.90478869	-86.09218664
11.91211471	-84.29796238
11.91944073	-89.32168896
11.92676676	-89.24207908
11.93409278	-82.65493732
11.94141880	-80.23411680
11.94874483	-89.10811165
11.95607085	-83.15932164
11.96339688	-90.08689644
11.97072290	-83.96386775
11.97804892	-82.14262327
11.98537495	-87.75115551
11.99270097	-85.16295859
12.00002699	-88.54242332
12.00735302	-92.42130542
12.01467904	-85.63292029
12.02200507	-90.13682577
12.02933109	-81.25061066
12.03665711	-79.41669207
12.04398314	-85.21494091
12.05130916	-82.51083256
12.05863519	-78.90779692
12.06596121	-86.68880895
12.07328723	-91.12343990
12.08061326	-93.22539158
12.08793928	-86.38739508
12.09526530	-86.01421159
12.10259133	-88.08213752
12.10991735	-84.89197236
12.11724338	-84.33958253
12.12456940	-84.34835048
12.13189542	-82.45202815
12.13922145	-85.49593624
12.14654747	-80.37632731
12.15387349	-88.81787902
12.16119952	-84.60603082
12.16852554	-89.24093839
12.17585157	-82.85766183
12.18317759	-78.69256797
12.19050361	-79.74641202
12.19782964	-81.35620958
12.20515566	-82.27574375
12.21248168	-81.10955764
12.21980771	-84.41524982
12.22713373	-83.32879805
12.23445976	-80.96189191
12.24178578	-78.68217095
12.24911180	-81.47913739
12.25643783	-95.85403015
12.26376385	-78.34229138
12.27108988	-82.86325779
12.27841590	-79.69496388
12.28574192	-95.61116315
12.29306795	-80.06214189
12.30039397	-80.15302718
12.30771999	-80.09370207
12.31504602	-87.40239757
12.32237204	-98.22925733
12.32969807	-90.18903349
12.33702409	-87.27684896
12.34435011	-85.83466948
12.35167614	-85.41965034
12.35900216	-83.29452387
12.36632818	-82.66420480
12.37365421	-81.00309661
12.38098023	-81.60544605
12.38830626	-81.00990547
12.39563228	-83.73847798
12.40295830	-90.57474191
12.41028433	-98.43395914
12.41761035	-87.49595983
12.42493638	-88.51156068
12.43226240	-82.16216046
12.43958842	-82.90341213
12.44691445	-85.84702758
12.45424047	-85.15983194
12.46156649	-76.00624302
12.46889252	-79.22499930
12.47621854	-88.02018270
12.48354457	-87.20512417
12.49087059	-84.27775377
12.49819661	-89.85690266
12.50552264	-85.35945785
12.51284866	-85.89114630
12.52017468	-97.56824153
12.52750071	-79.88898919
12.53482673	-84.94867913
12.54215276	-86.27856036
12.54947878	-84.48199944
12.55680480	-86.73234033
12.56413083	-81.89756344
12.57145685	-81.99573358
12.57878288	-93.34445943
12.58610890	-96.31611482
12.59343492	-88.58324373
12.60076095	-86.91178176
12.60808697	-83.08739657
12.61541299	-93.03594849
12.62273902	-87.99090349
12.63006504	-85.89219714
12.63739107	-81.55874879
12.64471709	-88.98287221
12.65204311	-83.08619258
12.65936914	-82.36942914
12.66669516	-78.02612469
12.67402118	-81.70314447
12.68134721	-85.34250958
12.68867323	-80.72201295
12.69599926	-88.20237939
12.70332528	-85.15332348
12.71065130	-84.29867628
12.71797733	-87.59685338
12.72530335	-91.34065853
12.73262938	-90.31849262
12.73995540	-81.04253401
12.74728142	-83.54604474
12.75460745	-90.38025241
12.76193347	-87.49010980
12.76925949	-83.09335756
12.77658552	-84.39766589
12.78391154	-88.59569252
12.79123757	-82.81299588
12.79856359	-81.70959084
12.80588961	-86.85382145
12.81321564	-85.13561307
12.82054166	-86.02448658
12.82786768	-81.72332677
12.83519371	-80.92514993
12.84251973	-83.01765701
12.84984576	-82.94400892
12.85717178	-85.35284057
12.86449780	-89.99335230
12.87182383	-89.29001477
12.87914985	-89.09694617
12.88647588	-77.66167278
12.89380190	-83.27808524
12.90112792	-79.01990605
12.90845395	-76.49015256
12.91577997	-85.96024622
12.92310599	-81.74092707
12.93043202	-83.06138029
12.93775804	-82.73966422
12.94508407	-81.26794473
12.95241009	-88.08060552
12.95973611	-93.42833112
12.96706214	-83.35837130
12.97438816	-88.67950148
12.98171418	-81.71920033
12.98904021	-88.77755708
12.99636623	-79.74379024
13.00369226	-83.86237389
13.01101828	-86.06517902
13.01834430	-83.91302498
13.02567033	-90.83377009
13.03299635	-90.79608423
13.04032238	-91.65873106
13.04764840	-94.06338988
13.05497442	-84.74925050
13.06230045	-83.41524626
13.06962647	-89.88362138
13.07695249	-79.55799515
13.08427852	-81.96731439
13.09160454	-83.66173304
13.09893057	-87.52901285
13.10625659	-88.15266301
13.11358261	-90.15810396
13.12090864	-79.19443307
13.12823466	-84.09081605
13.13556068	-85.56388410
13.14288671	-87.76286673
13.15021273	-82.34273533
13.15753876	-91.87010845
13.16486478	-81.30355616
13.17219080	-84.83355112
13.17951683	-77.88618101
13.18684285	-82.49223371
13.19416888	-85.23308244
13.20149490	-81.98231985
13.20882092	-81.27318346
13.21614695	-90.25079174
13.22347297	-86.79996831
13.23079899	-89.61706803
13.23812502	-91.70158795
13.24545104	-84.13043337
13.25277707	-94.66984005
13.26010309	-79.65548332
13.26742911	-80.50353623
13.27475514	-80.14461701
13.28208116	-84.86326828
13.28940718	-85.29471769
13.29673321	-82.32410304
13.30405923	-78.39009285
13.31138526	-90.28990577
13.31871128	-80.16893118
13.32603730	-82.86265174
13.33336333	-79.59642692
13.34068935	-92.91801984
13.34801537	-100.08380701
13.35534140	-93.41831092
13.36266742	-88.01844049
13.36999345	-97.10088681
13.37731947	-93.40435974
13.38464549	-82.30628950
13.39197152	-83.41673336
13.39929754	-86.88629076
13.40662357	-89.56375341
13.41394959	-79.54768038
13.42127561	-84.00989194
13.42860164	-79.59731990
13.43592766	-81.83625132
13.44325368	-85.49123527
13.45057971	-76.39020110
13.45790573	-89.98997284
13.46523176	-79.81223389
13.47255778	-85.67865020
13.47988380	-86.09809789
13.48720983	-82.48728060
13.49453585	-87.24211504
13.50186187	-88.19379759
13.50918790	-90.27907768
13.51651392	-87.11685228
13.52383995	-83.48851133
13.53116597	-79.09144208
13.53849199	-94.94487437
13.54581802	-88.14403594
13.55314404	-92.07792837
13.56047007	-91.65182508
13.56779609	-88.09670987
13.57512211	-85.02442020
13.58244814	-91.11730838
13.58977416	-83.65840422
13.59710018	-86.89641297
13.60442621	-92.75674473
13.61175223	-102.30273857
13.61907826	-84.30800051
13.62640428	-91.25102600
13.63373030	-83.54085793
13.64105633	-80.27645151
13.64838235	-85.74971776
13.65570837	-85.35586723
13.66303440	-89.77121355
13.67036042	-82.72413312
13.67768645	-87.74081614
13.68501247	-87.62324441
13.69233849	-91.02161521
13.69966452	-86.91931128
13.70699054	-83.42101002
13.71431657	-83.68057824
13.72164259	-88.36753950
13.72896861	-80.73728086
13.73629464	-95.87771308
13.74362066	-87.23545875
13.75094668	-83.96502118
13.75827271	-81.87420820
13.76559873	-96.82879800
13.77292476	-85.55155667
13.78025078	-100.48604952
13.78757680	-86.00555890
13.79490283	-86.88063775
13.80222885	-88.55428737
13.80955487	-85.00406845
13.81688090	-85.15744346
13.82420692	-85.14256817
13.83153295	-83.05146926
13.83885897	-84.24315875
13.84618499	-89.54998562
13.85351102	-84.52681661
13.86083704	-92.56243913
13.86816307	-82.91043836
13.87548909	-80.88118556
13.88281511	-88.70018893
13.89014114	-82.06097369
13.89746716	-83.96400671
13.90479318	-84.09218343
13.91211921	-84.58717261
13.91944523	-102.84600705
13.92677126	-83.09074693
13.93409728	-91.90122563
13.94142330	-93.80604264
13.94874933	-83.58768500
13.95607535	-79.63352939
13.96340137	-79.39416328
13.97072740	-86.27852754
13.97805342	-89.74571924
13.98537945	-81.97988072
13.99270547	-81.52471096
14.00003149	-81.18015105
14.00735752	-85.88586722
14.01468354	-78.64142655
14.02200957	-87.21759010
14.02933559	-81.31712502
14.03666161	-90.90714049
14.04398764	-83.80565613
14.05131366	-89.60964199
14.05863968	-95.74223227
14.06596571	-96.20089116
14.07329173	-82.52206512
14.08061776	-81.60298205
14.08794378	-80.53235132
14.09526980	-86.60272372
14.10259583	-77.24616127
14.10992185	-90.61203369
14.11724787	-81.75299141
14.12457390	-83.30787893
14.13189992	-91.40785196
14.13922595	-82.17879124
14.14655197	-81.40323044
14.15387799	-80.60163937
14.16120402	-78.83253618
14.16853004	-80.22799740
14.17585607	-81.40423799
14.18318209	-89.52853915
14.19050811	-83.76612220
14.19783414	-81.73683742
14.20516016	-89.29846681
14.21248618	-81.95705471
14.21981221	-87.05291582
14.22713823	-87.52922843
14.23446426	-78.33109496
14.24179028	-93.15532916
14.24911630	-80.07048672
14.25644233	-80.31873628
14.26376835	-87.93773720
14.27109437	-87.11678646
14.27842040	-94.07442626
14.28574642	-90.83266281
14.29307245	-94.84417755
14.30039847	-93.17453609
14.30772449	-80.31272267
14.31505052	-95.20878731
14.32237654	-82.04629532
14.32970256	-92.79287252
14.33702859	-81.61056176
14.34435461	-90.06163304
14.35168064	-82.44336517
14.35900666	-82.38915677
14.36633268	-87.71079890
14.37365871	-91.92079496
14.38098473	-86.45966780
14.38831076	-94.73791603
14.39563678	-84.45371390
14.40296280	-85.67220695
14.41028883	-81.96351718
14.41761485	-81.61303454
14.42494087	-91.70541338
14.43226690	-81.25742856
14.43959292	-86.79349883
14.44691895	-100.75390782
14.45424497	-93.94936250
14.46157099	-90.31707682
14.46889702	-89.85220712
14.47622304	-84.01108613
14.48354906	-99.70776225
14.49087509	-85.60756529
14.49820111	-98.00664965
14.50552714	-96.90898186
14.51285316	-84.06452764
14.52017918	-84.64484551
14.52750521	-84.36842311
14.53483123	-84.76550659
14.54215726	-85.74119392
14.54948328	-93.42428614
14.55680930	-86.65124420
14.56413533	-86.08555987
14.57146135	-86.14383550
14.57878737	-95.55689718
14.58611340	-87.35227641
14.59343942	-88.01509449
14.60076545	-83.90526329
14.60809147	-89.10028372
14.61541749	-86.66906437
14.62274352	-92.58679594
14.63006954	-93.15512178
14.63739556	-83.38957042
14.64472159	-84.62137501
14.65204761	-86.92112126
14.65937364	-91.37025152
14.66669966	-106.18297342
14.67402568	-84.21045338
14.68135171	-87.73285895
14.68867773	-83.99524460
14.69600376	-83.13279809
14.70332978	-95.28024921
14.71065580	-91.45094828
14.71798183	-93.54358689
14.72530785	-87.51735116
14.73263387	-83.33508035
14.73995990	-89.81770136
14.74728592	-86.00388308
14.75461195	-82.23961079
14.76193797	-83.15823136
14.76926399	-91.36698445
14.77659002	-84.82935372
14.78391604	-85.25558376
14.79124206	-80.05468419
14.79856809	-87.99539066
14.80589411	-81.20883479
14.81322014	-84.80899465
14.82054616	-83.82989562
14.82787218	-84.40756429
14.83519821	-87.28846001
14.84252423	-90.32109483
14.84985026	-83.30446979
14.85717628	-84.43981603
14.86450230	-86.59401689
14.87182833	-83.40695914
14.87915435	-78.46283546
14.88648037	-86.19184928
14.89380640	-89.00737247
14.90113242	-85.04762902
14.90845845	-87.66456666
14.91578447	-79.59144221
14.92311049	-84.47118604
14.93043652	-91.16052940
14.93776254	-82.89007345
14.94508856	-83.10972447
14.95241459	-94.28601685
14.95974061	-86.48737682
14.96706664	-83.58452703
14.97439266	-80.92991739
14.98171868	-86.17589203
14.98904471	-79.70965299
14.99637073	-82.55516368
