Time (s) 	 Position (mm) 	 Delay (ps) 	 X 	 Y 	 R 	 theta 

6.085	90.0	600.4169999999999	-1.27312e-05	-4.47037e-07	1.27461e-05	-178.014
7.1562	90.01	600.483713	-1.1921e-05	-2.01167e-07	1.1921e-05	-178.806
8.1959	90.02	600.5504259999999	-1.23866e-05	-2.83124e-07	1.23941e-05	-178.704
9.2344	90.03	600.617139	-1.20029e-05	-4.47037e-08	1.20421e-05	179.91
10.2425	90.04	600.683852	-1.25934e-05	-1.78815e-07	1.25804e-05	-179.142
11.2657	90.05	600.7505649999999	-1.21073e-05	-1.63914e-07	1.21482e-05	-179.01
12.2895	90.06	600.817278	-1.21259e-05	-7.97216e-07	1.21352e-05	-176.49
13.3138	90.07	600.8839909999999	-1.19452e-05	-7.76727e-07	1.19713e-05	-176.412
14.337	90.08	600.950704	-1.22619e-05	-5.66248e-07	1.23364e-05	-177.414
15.3773	90.09	601.017417	-1.19378e-05	-1.35974e-07	1.19247e-05	-179.502
16.3993	90.1	601.08413	-1.27368e-05	-4.91742e-07	1.27238e-05	-177.576
17.4086	90.11	601.150843	-1.2178e-05	-2.81261e-07	1.21445e-05	-178.758
18.4154	90.12	601.217556	-1.22637e-05	-1.11759e-07	1.226e-05	-179.766
19.4226	90.13	601.2842689999999	-1.22395e-05	-3.94883e-07	1.22395e-05	-177.954
20.4305	90.14	601.3509819999999	-1.1934e-05	-4.06058e-07	1.18819e-05	-178.092
21.4529	90.15	601.417695	-1.1988e-05	-5.62522e-07	1.20067e-05	-177.288
22.4617	90.16	601.4844079999999	-1.20812e-05	-5.886e-07	1.2083e-05	-177.198
23.4685	90.17	601.551121	-1.18744e-05	1.76952e-07	1.19303e-05	178.98
24.477	90.18	601.617834	-1.19433e-05	-2.98025e-08	1.19266e-05	-179.97
25.4845	90.19	601.684547	-1.20048e-05	-3.46454e-07	1.20309e-05	-178.338
26.492	90.2	601.75126	-1.20253e-05	-4.45174e-07	1.20234e-05	-177.966
27.531	90.21	601.8179729999999	-1.26567e-05	-4.2096e-07	1.26977e-05	-178.128
28.5551	90.22	601.884686	-1.21724e-05	1.73227e-07	1.21315e-05	179.1
29.5792	90.23	601.951399	-1.18241e-05	-2.60772e-07	1.17943e-05	-178.818
30.6028	90.24	602.018112	-1.19415e-05	-3.61355e-07	1.1988e-05	-178.248
31.6093	90.25	602.0848249999999	-1.22619e-05	-5.58797e-07	1.22209e-05	-177.336
32.6163	90.26	602.151538	-1.19508e-05	-5.58796e-08	1.19359e-05	-179.76
33.6248	90.27	602.2182509999999	-1.21948e-05	-3.85569e-07	1.22302e-05	-178.182
34.6322	90.28	602.284964	-1.21501e-05	-2.98025e-07	1.2111e-05	-178.608
35.639	90.29	602.351677	-1.21948e-05	-3.68806e-07	1.22395e-05	-178.404
36.6471	90.3	602.4183899999999	-1.19098e-05	1.15484e-07	1.19303e-05	179.544
37.6549	90.31	602.485103	-1.18241e-05	-4.86154e-07	1.18353e-05	-177.648
38.6627	90.32	602.5518159999999	-1.20812e-05	-3.78119e-07	1.2083e-05	-178.308
39.6692	90.33	602.618529	-1.25319e-05	-4.2096e-07	1.25114e-05	-177.996
40.6938	90.34	602.685242	-1.21091e-05	-5.3272e-07	1.21855e-05	-177.456
41.7012	90.35	602.751955	-1.35787e-05	-2.53322e-07	1.35638e-05	-178.962
42.7238	90.36	602.818668	-1.2558e-05	-4.43311e-07	1.25543e-05	-177.762
43.748	90.37	602.8853809999999	-1.24742e-05	-4.04196e-07	1.24388e-05	-178.11
44.7721	90.38	602.9520939999999	-1.19415e-05	-5.77422e-08	1.19228e-05	-179.586
45.7796	90.39	603.0188069999999	-1.16807e-05	-4.19097e-07	1.17012e-05	-177.912
46.8188	90.4	603.08552	-1.19992e-05	-1.11759e-07	1.1988e-05	-179.466
47.8266	90.41	603.1522329999999	-1.15857e-05	-5.10368e-07	1.15336e-05	-177.438
48.8345	90.42	603.218946	-1.16882e-05	-4.89879e-07	1.17012e-05	-177.534
49.8414	90.43	603.285659	-1.25599e-05	-6.78006e-07	1.26139e-05	-176.874
50.8492	90.44	603.352372	-1.18223e-05	-2.04892e-07	1.18744e-05	-179.136
51.8569	90.45	603.419085	-1.19135e-05	-7.87903e-07	1.19601e-05	-176.178
52.8804	90.46	603.4857979999999	-1.20979e-05	-6.27715e-07	1.21445e-05	-177.15
53.8879	90.47	603.552511	-1.28281e-05	-4.30273e-07	1.28672e-05	-178.17
54.8958	90.48	603.619224	-1.20402e-05	-4.48899e-07	1.20327e-05	-177.93
55.9022	90.49	603.685937	-1.20421e-05	-1.8254e-07	1.20458e-05	-178.944
56.9102	90.5	603.75265	-1.21091e-05	-4.45174e-07	1.21184e-05	-177.954
57.9346	90.51	603.819363	-1.23662e-05	-2.42145e-08	1.24183e-05	-179.946
58.9733	90.52	603.8860759999999	-1.26139e-05	-5.96051e-08	1.25822e-05	-179.664
59.9972	90.53	603.9527889999999	-1.18185e-05	-4.638e-07	1.1839e-05	-177.864
61.0046	90.54	604.019502	-1.23848e-05	-4.07921e-07	1.23885e-05	-178.314
62.0126	90.55	604.0862149999999	-1.22935e-05	-4.88017e-07	1.23345e-05	-177.564
63.0202	90.56	604.152928	-1.16323e-05	-1.49013e-07	1.16379e-05	-179.106
64.0593	90.57	604.2196409999999	-1.22414e-05	-3.42729e-07	1.22879e-05	-178.47
65.0831	90.58	604.286354	-1.2178e-05	-3.94883e-07	1.21855e-05	-178.086
66.0905	90.59	604.353067	-1.19713e-05	-3.94883e-07	1.19396e-05	-178.248
67.0984	90.6	604.41978	-1.24109e-05	-3.87432e-07	1.23848e-05	-178.38
68.1057	90.61	604.486493	-1.20309e-05	-4.93605e-07	1.20402e-05	-177.6
69.1136	90.62	604.553206	-1.22637e-05	-3.22239e-07	1.22376e-05	-178.434
70.1209	90.63	604.619919	-1.14907e-05	-3.78119e-07	1.14702e-05	-178.032
71.1281	90.64	604.6866319999999	-1.15075e-05	-1.65776e-07	1.15689e-05	-179.286
72.1355	90.65	604.753345	-1.20104e-05	-3.53905e-08	1.20924e-05	-179.7
73.1427	90.66	604.8200579999999	-1.21669e-05	-7.0781e-08	1.21203e-05	-179.64
74.1669	90.67	604.886771	-1.20924e-05	-2.70085e-07	1.20924e-05	-178.572
75.1905	90.68	604.953484	-1.25971e-05	-3.6508e-07	1.24928e-05	-178.356
76.2141	90.69	605.0201969999999	-1.17943e-05	-9.6858e-08	1.18092e-05	-179.46
77.2208	90.7	605.08691	-1.21184e-05	-6.16539e-07	1.21594e-05	-177.258
78.2293	90.71	605.1536229999999	-1.2247e-05	-2.1048e-07	1.22544e-05	-179.172
79.2368	90.72	605.220336	-1.24947e-05	1.86266e-08	1.24686e-05	179.946
80.2442	90.73	605.287049	-1.18521e-05	-1.34111e-07	1.17794e-05	-179.292
81.252	90.74	605.353762	-1.20663e-05	-5.73698e-07	1.20737e-05	-177.336
82.2592	90.75	605.420475	-1.22339e-05	-1.88128e-07	1.22693e-05	-178.992
83.2664	90.76	605.487188	-1.18949e-05	-4.76841e-07	1.18111e-05	-177.768
84.2754	90.77	605.5539009999999	-1.19806e-05	-4.74976e-07	1.20141e-05	-177.858
85.2828	90.78	605.6206139999999	-1.27983e-05	-3.0175e-07	1.26977e-05	-178.59
86.2902	90.79	605.687327	-1.20868e-05	-6.8732e-07	1.20719e-05	-176.724
87.3134	90.8	605.7540399999999	-1.23866e-05	-6.16539e-07	1.24388e-05	-177.15
88.3377	90.81	605.820753	-1.21613e-05	-2.1793e-07	1.21445e-05	-179.028
89.3605	90.82	605.8874659999999	-1.21147e-05	-4.13509e-07	1.21724e-05	-177.948
90.3673	90.83	605.954179	-1.23233e-05	2.83124e-07	1.22861e-05	178.536
91.3757	90.84	606.020892	-1.20812e-05	-2.86849e-07	1.20681e-05	-178.866
92.3828	90.85	606.0876049999999	-1.20029e-05	-3.91157e-07	1.19769e-05	-178.044
93.3899	90.86	606.154318	-1.20048e-05	-3.5763e-07	1.1988e-05	-178.302
94.3978	90.87	606.221031	-1.20197e-05	-2.53322e-07	1.2124e-05	-178.896
95.4059	90.88	606.287744	-1.23755e-05	-2.70085e-07	1.23848e-05	-178.734
96.4141	90.89	606.3544569999999	-1.29827e-05	-2.55184e-07	1.29436e-05	-178.86
97.4377	90.9	606.42117	-1.23326e-05	-2.71948e-07	1.23568e-05	-178.548
98.4453	90.91	606.4878829999999	-1.17869e-05	-6.14677e-07	1.18595e-05	-177.18
99.452	90.92	606.554596	-1.25878e-05	-4.22822e-07	1.2612e-05	-178.038
100.4593	90.93	606.621309	-1.21855e-05	-2.98025e-08	1.21073e-05	-179.808
101.4679	90.94	606.6880219999999	-1.20346e-05	-2.06755e-07	1.20365e-05	-178.998
102.4752	90.95	606.754735	-1.26698e-05	-3.0175e-07	1.264e-05	-178.668
103.4821	90.96	606.8214479999999	-1.21892e-05	-2.70085e-07	1.21315e-05	-178.428
104.4898	90.97	606.888161	-1.2111e-05	-5.42033e-07	1.21073e-05	-177.576
105.5132	90.98	606.954874	-1.21445e-05	-3.20377e-07	1.21687e-05	-178.548
106.5371	90.99	607.021587	-1.24463e-05	-1.30386e-07	1.24928e-05	-179.586
112.55	91.0	607.0883	-1.24537e-05	-1.11759e-07	1.24463e-05	-179.526
113.5736	91.01	607.1550129999999	-1.21613e-05	2.12342e-07	1.21426e-05	178.956
114.5815	91.02	607.221726	-1.20514e-05	-3.61355e-07	1.21166e-05	-178.23
115.5892	91.03	607.2884389999999	-1.2545e-05	-2.16068e-07	1.2599e-05	-178.962
116.5962	91.04	607.355152	-1.23866e-05	-5.23407e-07	1.24146e-05	-177.498
117.6041	91.05	607.4218649999999	-1.18986e-05	-6.35166e-07	1.18819e-05	-176.94
118.6274	91.06	607.488578	-1.20793e-05	-5.86737e-07	1.20774e-05	-177.24
119.6674	91.07	607.5552909999999	-1.2707e-05	-3.98608e-07	1.25785e-05	-178.128
120.6748	91.08	607.622004	-1.25655e-05	-3.52042e-07	1.26176e-05	-178.26
121.699	91.09	607.688717	-1.20197e-05	-5.53209e-07	1.20495e-05	-177.312
122.7229	91.1	607.7554299999999	-1.29212e-05	-2.34694e-07	1.28728e-05	-179.118
123.7292	91.11	607.822143	-1.27461e-05	2.79398e-08	1.28095e-05	179.916
124.7381	91.12	607.888856	-1.23103e-05	-1.49013e-08	1.22581e-05	-179.844
125.7448	91.13	607.955569	-1.20216e-05	-4.45174e-07	1.2057e-05	-177.804
126.753	91.14	608.022282	-1.2748e-05	-5.02918e-07	1.27573e-05	-177.696
127.7606	91.15	608.088995	-1.28244e-05	-9.6858e-08	1.28784e-05	-179.598
128.7676	91.16	608.1557079999999	-1.23159e-05	-4.47037e-08	1.23028e-05	-179.766
129.7753	91.17	608.2224209999999	-1.24053e-05	-1.78815e-07	1.24593e-05	-179.148
130.7822	91.18	608.289134	-1.23941e-05	-2.42146e-07	1.23717e-05	-178.842
131.8066	91.19	608.3558469999999	-1.26176e-05	-1.71364e-07	1.2545e-05	-179.142
132.8134	91.2	608.42256	-1.27089e-05	-3.16651e-07	1.26511e-05	-178.566
133.8212	91.21	608.4892729999999	-1.21184e-05	-3.46454e-07	1.21128e-05	-178.32
134.845	91.22	608.555986	-1.2178e-05	-6.33304e-08	1.22395e-05	-179.61
135.8846	91.23	608.622699	-1.26027e-05	-2.68223e-07	1.26809e-05	-178.818
136.9073	91.24	608.689412	-1.26958e-05	-3.40866e-07	1.26307e-05	-178.362
137.9318	91.25	608.756125	-1.20216e-05	-4.8429e-08	1.20197e-05	-179.898
138.9555	91.26	608.822838	-1.19042e-05	1.30386e-07	1.18744e-05	179.334
139.9621	91.27	608.889551	-1.264e-05	-9.6858e-08	1.25766e-05	-179.664
140.9866	91.28	608.9562639999999	-1.22898e-05	-7.26435e-07	1.22656e-05	-176.67
141.9939	91.29	609.022977	-1.23028e-05	-5.02918e-07	1.23382e-05	-177.606
143.0015	91.3	609.0896899999999	-1.25785e-05	-6.81732e-07	1.25822e-05	-176.988
144.0091	91.31	609.156403	-1.2178e-05	-8.27018e-07	1.22227e-05	-176.088
145.0162	91.32	609.2231159999999	-1.16826e-05	-8.04666e-07	1.17142e-05	-176.322
146.0243	91.33	609.2898289999999	-1.25468e-05	-2.23518e-07	1.25338e-05	-179.034
147.0318	91.34	609.356542	-1.20663e-05	-2.53322e-07	1.20551e-05	-178.848
148.0393	91.35	609.4232549999999	-1.18092e-05	-1.7509e-07	1.18223e-05	-179.046
149.0627	91.36	609.489968	-1.21296e-05	-1.13622e-07	1.21389e-05	-179.466
150.0702	91.37	609.556681	-1.2206e-05	-1.49013e-08	1.2152e-05	-179.958
151.094	91.38	609.623394	-1.2802e-05	-7.17122e-07	1.28542e-05	-176.67
152.1171	91.39	609.690107	-1.21445e-05	-4.2841e-07	1.21333e-05	-178.068
153.1411	91.4	609.75682	-1.24798e-05	-4.19097e-07	1.24444e-05	-178.002
154.165	91.41	609.8235329999999	-1.2178e-05	-4.5635e-07	1.22358e-05	-177.774
155.1723	91.42	609.8902459999999	-1.24407e-05	-2.42146e-07	1.24798e-05	-179.004
156.1802	91.43	609.956959	-1.26791e-05	-4.28411e-08	1.26642e-05	-179.766
157.2193	91.44	610.0236719999999	-1.2707e-05	-1.21073e-07	1.26567e-05	-179.364
158.2275	91.45	610.090385	-1.27014e-05	-2.51459e-07	1.26381e-05	-178.62
159.2346	91.46	610.1570979999999	-1.20085e-05	-6.44479e-07	1.20849e-05	-176.916
160.2417	91.47	610.223811	-1.26139e-05	-2.08617e-07	1.26102e-05	-179.166
161.2489	91.48	610.290524	-1.27033e-05	-3.91157e-07	1.27238e-05	-178.326
162.2728	91.49	610.3572369999999	-1.23121e-05	-1.11759e-08	1.23289e-05	-179.748
163.2975	91.5	610.42395	-1.24705e-05	-2.943e-07	1.24351e-05	-178.728
164.3046	91.51	610.490663	-1.20476e-05	-2.6636e-07	1.20067e-05	-178.872
165.3113	91.52	610.557376	-1.22041e-05	-5.97913e-07	1.22451e-05	-177.186
166.3192	91.53	610.6240889999999	-1.20812e-05	-2.23518e-07	1.20924e-05	-178.866
167.3427	91.54	610.690802	-1.2178e-05	-7.24573e-07	1.21277e-05	-176.538
168.3664	91.55	610.7575149999999	-1.22674e-05	-1.0077e-06	1.23196e-05	-175.416
169.3739	91.56	610.824228	-1.28728e-05	-3.33415e-07	1.28821e-05	-178.776
170.3823	91.57	610.8909409999999	-1.207e-05	-3.24102e-07	1.21035e-05	-178.392
171.3893	91.58	610.9576539999999	-1.23997e-05	-1.13622e-07	1.23345e-05	-179.706
172.4132	91.59	611.024367	-1.1988e-05	-1.62051e-07	1.1962e-05	-179.304
173.4206	91.6	611.0910799999999	-1.18204e-05	-1.28523e-07	1.17571e-05	-179.184
174.4275	91.61	611.157793	-1.28113e-05	-8.75448e-08	1.27964e-05	-179.484
175.4505	91.62	611.224506	-1.28244e-05	-2.79399e-07	1.27927e-05	-178.914
176.4592	91.63	611.291219	-1.2152e-05	-4.71251e-07	1.21035e-05	-177.864
177.4662	91.64	611.357932	-1.15969e-05	-3.39003e-07	1.16137e-05	-178.404
178.4747	91.65	611.4246449999999	-1.18204e-05	-4.15372e-07	1.18595e-05	-178.014
179.4809	91.66	611.491358	-1.20197e-05	-3.50179e-07	1.2016e-05	-178.314
180.4892	91.67	611.5580709999999	-1.1582e-05	-3.6508e-07	1.15987e-05	-178.176
181.5128	91.68	611.624784	-1.23792e-05	-4.65663e-07	1.23829e-05	-177.672
182.5522	91.69	611.6914969999999	-1.23997e-05	-3.96745e-07	1.23662e-05	-178.11
183.5766	91.7	611.75821	-1.23811e-05	-4.78703e-07	1.24015e-05	-177.816
184.5993	91.71	611.8249229999999	-1.24872e-05	-3.2969e-07	1.25543e-05	-178.488
185.6063	91.72	611.891636	-1.27145e-05	-4.39586e-07	1.26884e-05	-177.966
186.6302	91.73	611.958349	-1.23438e-05	-6.5938e-07	1.23066e-05	-177.102
187.6383	91.74	612.0250619999999	-1.22265e-05	1.49013e-08	1.22544e-05	179.73
188.6612	91.75	612.091775	-1.24854e-05	1.11759e-07	1.25021e-05	179.352
189.6852	91.76	612.158488	-1.23811e-05	-5.96051e-08	1.23457e-05	-179.55
190.6921	91.77	612.225201	-1.25412e-05	5.21543e-08	1.25729e-05	179.952
191.7003	91.78	612.291914	-1.23028e-05	1.63914e-07	1.22749e-05	179.268
192.708	91.79	612.358627	-1.26176e-05	-1.00025e-06	1.26716e-05	-175.404
193.7156	91.8	612.4253399999999	-1.23066e-05	-3.12926e-07	1.22991e-05	-178.632
194.7387	91.81	612.4920529999999	-1.20216e-05	-2.44008e-07	1.20123e-05	-178.908
195.7463	91.82	612.5587659999999	-1.21166e-05	1.78815e-07	1.20644e-05	179.034
196.7542	91.83	612.6254789999999	-1.24351e-05	-1.73227e-07	1.24295e-05	-179.178
197.777	91.84	612.692192	-1.21575e-05	-6.5193e-08	1.21184e-05	-179.724
198.8014	91.85	612.7589049999999	-1.19079e-05	-1.52738e-07	1.19378e-05	-179.232
199.8246	91.86	612.825618	-1.24034e-05	4.8429e-08	1.24351e-05	179.634
200.8484	91.87	612.892331	-1.21929e-05	2.84987e-07	1.22376e-05	178.806
201.8557	91.88	612.959044	-1.21613e-05	-1.52738e-07	1.21557e-05	-179.316
202.8793	91.89	613.025757	-1.26046e-05	-6.70556e-07	1.25971e-05	-176.94
203.8869	91.9	613.09247	-1.2314e-05	-3.25965e-07	1.22917e-05	-178.47
204.8944	91.91	613.159183	-1.23364e-05	1.41562e-07	1.22898e-05	179.448
205.9016	91.92	613.2258959999999	-1.21464e-05	-1.58326e-07	1.21091e-05	-179.316
206.9093	91.93	613.292609	-1.22786e-05	1.67639e-07	1.23159e-05	179.088
207.933	91.94	613.3593219999999	-1.23513e-05	4.8429e-08	1.23084e-05	179.766
208.9404	91.95	613.426035	-1.25897e-05	-2.44008e-07	1.26344e-05	-178.908
209.9479	91.96	613.4927479999999	-1.24761e-05	-2.88712e-07	1.24928e-05	-178.764
210.9719	91.97	613.5594609999999	-1.26456e-05	-5.71836e-07	1.26195e-05	-177.372
211.9952	91.98	613.626174	-1.13771e-05	-4.32135e-07	1.14311e-05	-177.78
213.0189	91.99	613.6928869999999	-1.24723e-05	-3.89295e-07	1.23978e-05	-178.254
219.0328	92.0	613.7596	-1.20551e-05	2.98025e-08	1.1934e-05	179.976
220.0389	92.01	613.826313	-1.22619e-05	-1.06171e-07	1.22805e-05	-179.418
221.0635	92.02	613.893026	-1.22209e-05	-7.28298e-07	1.23084e-05	-176.646
222.086	92.03	613.959739	-1.19061e-05	-2.51459e-07	1.19489e-05	-178.92
223.0945	92.04	614.026452	-1.19433e-05	-6.66831e-07	1.19433e-05	-176.862
224.1018	92.05	614.0931649999999	-1.20588e-05	-4.43311e-07	1.20383e-05	-177.864
225.126	92.06	614.1598779999999	-1.20961e-05	-4.09784e-08	1.20551e-05	-179.946
226.1328	92.07	614.2265909999999	-1.20998e-05	-1.26661e-07	1.2219e-05	-179.472
227.1405	92.08	614.2933039999999	-1.30144e-05	-2.08617e-07	1.29864e-05	-178.884
228.1644	92.09	614.360017	-1.18018e-05	-3.66943e-07	1.19173e-05	-178.32
229.1873	92.1	614.4267299999999	-1.20979e-05	-1.80677e-07	1.20961e-05	-179.046
230.1958	92.11	614.493443	-1.19545e-05	-1.22935e-07	1.19508e-05	-179.544
231.2187	92.12	614.560156	-1.16081e-05	-1.67639e-08	1.16341e-05	-179.97
232.2256	92.13	614.6268689999999	-1.24332e-05	-6.91045e-07	1.24928e-05	-176.844
233.2343	92.14	614.693582	-1.21818e-05	-3.81844e-07	1.21631e-05	-178.242
234.2413	92.15	614.760295	-1.25822e-05	-4.26548e-07	1.25897e-05	-178.14
235.2653	92.16	614.827008	-1.21538e-05	-2.6636e-07	1.21818e-05	-178.668
236.2726	92.17	614.893721	-1.23159e-05	-3.9302e-07	1.23904e-05	-178.326
237.2803	92.18	614.960434	-1.24891e-05	-1.91853e-07	1.2517e-05	-179.082
238.2874	92.19	615.0271469999999	-1.24053e-05	-3.91157e-07	1.23736e-05	-178.188
239.2953	92.2	615.09386	-1.25822e-05	-6.14677e-07	1.26344e-05	-177.234
240.3026	92.21	615.1605729999999	-1.31149e-05	-5.23407e-07	1.31261e-05	-177.672
241.3264	92.22	615.2272859999999	-1.25897e-05	-1.37837e-07	1.25561e-05	-179.52
242.3497	92.23	615.293999	-1.24705e-05	1.86266e-08	1.2504e-05	179.916
243.3572	92.24	615.3607119999999	-1.24258e-05	-7.17122e-07	1.24407e-05	-176.67
244.3967	92.25	615.427425	-1.20495e-05	-3.16651e-07	1.20607e-05	-178.482
245.4205	92.26	615.494138	-1.20085e-05	-4.65664e-08	1.20141e-05	-179.712
246.4442	92.27	615.560851	-1.23028e-05	-2.32832e-07	1.23028e-05	-178.95
247.4671	92.28	615.627564	-1.23494e-05	-7.37611e-07	1.23513e-05	-176.67
248.4753	92.29	615.694277	-1.21762e-05	-1.37837e-07	1.21575e-05	-179.358
249.4818	92.3	615.76099	-1.31559e-05	-1.39699e-07	1.30665e-05	-179.316
250.4899	92.31	615.8277029999999	-1.26735e-05	-3.16651e-07	1.27145e-05	-178.488
251.4971	92.32	615.8944159999999	-1.20756e-05	-6.5938e-07	1.21128e-05	-176.856
252.5048	92.33	615.9611289999999	-1.2355e-05	-5.36445e-07	1.23904e-05	-177.654
253.5131	92.34	616.027842	-1.1867e-05	-7.46924e-07	1.18893e-05	-176.526
254.5204	92.35	616.0945549999999	-1.20085e-05	-4.45174e-07	1.19769e-05	-177.864
255.5281	92.36	616.161268	-1.1893e-05	-6.55655e-07	1.18446e-05	-176.7
256.552	92.37	616.227981	-1.25226e-05	-9.49954e-08	1.24667e-05	-179.46
257.5754	92.38	616.2946939999999	-1.226e-05	-5.08506e-07	1.22823e-05	-177.558
258.5827	92.39	616.361407	-1.20588e-05	-4.60075e-07	1.20141e-05	-177.696
259.6072	92.4	616.42812	-1.26195e-05	-6.18402e-07	1.25841e-05	-177.264
260.6456	92.41	616.494833	-1.26847e-05	-6.44479e-07	1.26027e-05	-177.042
261.6691	92.42	616.561546	-1.28672e-05	-3.89295e-07	1.28486e-05	-178.362
262.6777	92.43	616.628259	-1.27704e-05	-7.82316e-08	1.27797e-05	-179.544
263.7003	92.44	616.6949719999999	-1.27294e-05	-1.86266e-08	1.27014e-05	179.874
264.7079	92.45	616.7616849999999	4.86898e-05	1.1474e-06	5.32309e-05	1.224
265.716	92.46	616.8283979999999	5.46093e-05	1.26661e-06	5.46093e-05	0.708
266.723	92.47	616.8951109999999	5.46093e-05	7.91628e-07	5.46093e-05	0.414
267.7306	92.48	616.961824	5.46093e-05	1.12318e-06	5.46093e-05	0.612
268.7384	92.49	617.0285369999999	5.46093e-05	1.0375e-06	5.46093e-05	0.546
269.7463	92.5	617.09525	5.46093e-05	7.32023e-07	5.46093e-05	0.402
270.7538	92.51	617.161963	5.46093e-05	8.60546e-07	5.46093e-05	0.468
271.761	92.52	617.228676	5.46093e-05	1.2219e-06	5.46093e-05	0.654
272.7691	92.53	617.295389	5.46093e-05	9.64857e-07	5.46093e-05	0.51
273.7757	92.54	617.362102	5.46093e-05	9.98385e-07	5.46093e-05	0.546
274.7992	92.55	617.428815	5.46093e-05	1.09338e-06	5.46093e-05	0.63
275.8073	92.56	617.4955279999999	5.46093e-05	1.09152e-06	5.46093e-05	0.6
276.8303	92.57	617.5622409999999	5.46093e-05	1.12318e-06	5.46093e-05	0.606
277.8383	92.58	617.6289539999999	5.46093e-05	9.03387e-07	5.46093e-05	0.504
278.8464	92.59	617.695667	5.46093e-05	1.31876e-06	5.46093e-05	0.696
279.8532	92.6	617.7623799999999	5.46093e-05	1.00956e-06	5.46093e-05	0.534
280.8768	92.61	617.829093	5.46093e-05	1.22563e-06	5.46093e-05	0.666
281.8847	92.62	617.895806	5.46093e-05	1.3169e-06	5.46093e-05	0.732
282.8919	92.63	617.9625189999999	5.46093e-05	1.64659e-06	5.46093e-05	0.882
283.8993	92.64	618.029232	5.46093e-05	7.74864e-07	5.46093e-05	0.396
284.9072	92.65	618.095945	5.46093e-05	1.09524e-06	5.46093e-05	0.588
285.9154	92.66	618.162658	5.46093e-05	8.99661e-07	5.46093e-05	0.492
286.9385	92.67	618.229371	5.46093e-05	9.70445e-07	5.46093e-05	0.516
287.9618	92.68	618.296084	5.46093e-05	1.20141e-06	5.46093e-05	0.654
288.9861	92.69	618.362797	5.46093e-05	1.04123e-06	5.46093e-05	0.552
289.9927	92.7	618.4295099999999	5.46093e-05	8.86623e-07	5.46093e-05	0.492
291.0	92.71	618.4962229999999	5.46093e-05	1.23867e-06	5.46093e-05	0.666
292.0079	92.72	618.5629359999999	5.46093e-05	1.22377e-06	5.46093e-05	0.678
293.0162	92.73	618.629649	5.46093e-05	9.46227e-07	5.46093e-05	0.522
294.0239	92.74	618.6963619999999	5.46093e-05	9.18288e-07	5.46093e-05	0.492
295.03	92.75	618.763075	5.46093e-05	1.09338e-06	5.46093e-05	0.588
296.0386	92.76	618.829788	5.46093e-05	6.89182e-07	5.46093e-05	0.39
297.0457	92.77	618.896501	5.46093e-05	7.37611e-07	5.46093e-05	0.396
298.054	92.78	618.963214	5.46093e-05	6.53792e-07	5.46093e-05	0.354
299.0606	92.79	619.029927	5.46093e-05	1.36533e-06	5.46093e-05	0.738
300.0683	92.8	619.09664	5.46093e-05	1.15112e-06	5.46093e-05	0.618
301.0757	92.81	619.163353	5.46093e-05	1.28896e-06	5.46093e-05	0.702
302.0843	92.82	619.230066	5.46093e-05	9.6672e-07	5.46093e-05	0.498
303.0912	92.83	619.2967789999999	5.46093e-05	7.02221e-07	5.46093e-05	0.36
304.098	92.84	619.363492	5.46093e-05	7.05946e-07	5.46093e-05	0.396
305.107	92.85	619.4302049999999	5.46093e-05	1.24239e-06	5.46093e-05	0.666
306.1299	92.86	619.4969179999999	5.46093e-05	1.03936e-06	5.46093e-05	0.54
307.1534	92.87	619.563631	5.46093e-05	8.95936e-07	5.46093e-05	0.498
308.1776	92.88	619.6303439999999	5.46093e-05	1.15671e-06	5.46093e-05	0.63
309.1852	92.89	619.697057	5.46093e-05	1.08407e-06	5.46093e-05	0.606
310.1915	92.9	619.76377	5.46093e-05	1.55532e-06	5.46093e-05	0.84
311.1995	92.91	619.830483	1.5285e-05	4.30273e-07	1.24779e-05	2.1
312.2079	92.92	619.897196	-8.30746e-06	-1.546e-07	8.41735e-06	-178.848
313.2154	92.93	619.9639090000001	-1.00956e-05	-2.81261e-07	1.01161e-05	-178.512
314.2545	92.94	620.030622	-1.04365e-05	-6.25852e-07	1.04886e-05	-176.58
315.2616	92.95	620.0973349999999	-1.1135e-05	-4.33998e-07	1.1107e-05	-177.888
316.2692	92.96	620.1640479999999	-1.08258e-05	-6.25852e-07	1.0781e-05	-176.658
317.294	92.97	620.2307609999999	-1.05296e-05	-3.89295e-07	1.05575e-05	-178.212
318.3005	92.98	620.297474	-1.08146e-05	-6.76144e-07	1.07922e-05	-176.532
319.3235	92.99	620.3641869999999	-1.04122e-05	-5.2527e-07	1.04011e-05	-176.91
325.3376	93.0	620.4309	-1.75928e-05	-1.95579e-07	1.71812e-05	-179.424
326.3452	93.01	620.497613	-1.38544e-05	-2.47734e-07	1.41748e-05	-178.932
327.3686	93.02	620.5643259999999	-1.38339e-05	7.73001e-07	1.4186e-05	176.994
328.393	93.03	620.631039	-1.78722e-05	1.04309e-07	1.79299e-05	179.658
329.3989	93.04	620.697752	-1.8295e-05	-4.2841e-07	1.82652e-05	-178.584
330.4075	93.05	620.764465	-1.85316e-05	-3.6508e-07	1.84943e-05	-178.902
331.4144	93.06	620.831178	-1.77679e-05	-3.5763e-07	1.77809e-05	-178.932
332.4224	93.07	620.897891	-1.75649e-05	-1.62051e-07	1.76021e-05	-179.466
333.4303	93.08	620.9646039999999	-1.73562e-05	-3.16651e-07	1.73302e-05	-179.076
334.4374	93.09	621.031317	-1.77548e-05	-3.96745e-07	1.77604e-05	-178.764
335.446	93.1	621.0980299999999	-1.47448e-05	1.07662e-06	1.50372e-05	176.13
336.4528	93.11	621.1647429999999	-1.83136e-05	1.88128e-07	1.83099e-05	179.526
337.4763	93.12	621.231456	-1.75947e-05	-1.91853e-07	1.7658e-05	-179.424
338.4993	93.13	621.2981689999999	-1.83583e-05	-2.64497e-07	1.83583e-05	-179.166
339.5234	93.14	621.364882	-1.83472e-05	-3.11064e-07	1.82969e-05	-179.136
340.547	93.15	621.431595	-1.89041e-05	-4.30273e-07	1.89153e-05	-178.704
341.5869	93.16	621.498308	-1.85651e-05	-4.71251e-07	1.85688e-05	-178.434
342.6097	93.17	621.565021	-1.92226e-05	-6.33303e-07	1.92114e-05	-178.218
343.6179	93.18	621.631734	-1.85521e-05	-3.9302e-07	1.85465e-05	-178.698
344.6252	93.19	621.698447	-1.90643e-05	-5.17819e-07	1.9096e-05	-178.572
345.6315	93.2	621.7651599999999	-1.80845e-05	-3.20377e-07	1.8038e-05	-178.914
346.6406	93.21	621.831873	-1.91667e-05	-6.81732e-07	1.91407e-05	-177.984
347.6638	93.22	621.8985859999999	-1.86173e-05	-6.29578e-07	1.85558e-05	-178.05
348.6868	93.23	621.965299	-1.90177e-05	-7.18985e-07	1.9027e-05	-177.96
349.6955	93.24	622.0320119999999	-1.88631e-05	-5.10368e-07	1.88557e-05	-178.488
350.7029	93.25	622.098725	-1.85111e-05	-5.86737e-07	1.84943e-05	-178.218
351.7253	93.26	622.165438	-1.84627e-05	-5.86737e-07	1.84682e-05	-178.212
352.7339	93.27	622.2321509999999	-1.38488e-05	-4.24685e-07	1.32789e-05	-178.02
353.7413	93.28	622.298864	-8.27952e-06	-1.76952e-07	8.72283e-06	-179.166
354.7643	93.29	622.365577	-1.67807e-05	-4.02333e-07	1.67341e-05	-178.59
355.7883	93.3	622.43229	-1.13603e-05	-2.04892e-08	1.09841e-05	-179.832
356.796	93.31	622.499003	-1.35471e-05	2.32832e-07	1.39159e-05	179.016
357.8037	93.32	622.565716	-1.77623e-05	-6.50067e-07	1.78536e-05	-177.936
358.8108	93.33	622.632429	-1.82373e-05	-4.45174e-07	1.82596e-05	-178.68
359.8352	93.34	622.6991419999999	-1.81926e-05	-2.90574e-07	1.82578e-05	-179.112
360.8426	93.35	622.7658549999999	-1.86843e-05	-6.81732e-07	1.87011e-05	-177.858
361.8489	93.36	622.8325679999999	-1.84552e-05	-9.03387e-07	1.85334e-05	-177.3
362.8575	93.37	622.899281	-1.8241e-05	-6.81732e-07	1.8241e-05	-177.9
363.8652	93.38	622.9659939999999	-1.85763e-05	-4.41449e-07	1.85427e-05	-178.632
364.8728	93.39	623.032707	-1.86471e-05	-6.66831e-07	1.86266e-05	-178.032
365.8793	93.4	623.09942	-1.8431e-05	-6.22127e-07	1.84403e-05	-178.05
366.887	93.41	623.166133	8.71537e-06	-3.72531e-08	1.37035e-05	0.156
367.9109	93.42	623.232846	5.46093e-05	7.15259e-07	5.46093e-05	0.408
368.9506	93.43	623.299559	5.46093e-05	1.03191e-06	5.46093e-05	0.528
369.9733	93.44	623.366272	5.46093e-05	1.22377e-06	5.46093e-05	0.636
370.9974	93.45	623.432985	5.46093e-05	1.38023e-06	5.46093e-05	0.75
372.0059	93.46	623.499698	5.46093e-05	1.17906e-06	5.46093e-05	0.612
373.0285	93.47	623.5664109999999	5.46093e-05	1.03005e-06	5.46093e-05	0.534
374.0366	93.48	623.633124	2.39202e-05	-1.1325e-06	2.15211e-05	-3.306
375.0594	93.49	623.6998369999999	-1.92599e-06	-1.77511e-06	2.71761e-06	-141.36
376.0679	93.5	623.7665499999999	-3.67315e-06	-1.97628e-06	4.22451e-06	-152.28
377.0905	93.51	623.833263	-3.90413e-06	-1.77511e-06	4.26735e-06	-155.352
378.0987	93.52	623.8999759999999	-4.13696e-06	-1.71178e-06	4.47969e-06	-158.178
379.1216	93.53	623.966689	-3.98982e-06	-1.67453e-06	4.35303e-06	-157.17
380.162	93.54	624.033402	-4.33999e-06	-1.61492e-06	4.65105e-06	-159.84
381.1692	93.55	624.100115	-4.03824e-06	-1.39327e-06	4.25804e-06	-160.968
382.1773	93.56	624.166828	-4.30833e-06	-1.75834e-06	4.66409e-06	-158.178
383.2004	93.57	624.233541	-3.63962e-06	-1.2517e-06	3.70668e-06	-161.166
384.2239	93.58	624.300254	-6.64968e-07	-5.6066e-07	8.17705e-07	-138.564
385.2627	93.59	624.3669669999999	-2.848e-06	-8.62408e-07	3.07524e-06	-162.798
386.2871	93.6	624.4336799999999	-4.2748e-06	-1.41189e-06	4.47038e-06	-162.0
387.3109	93.61	624.5003929999999	-4.39773e-06	-1.50502e-06	4.66409e-06	-161.418
388.3348	93.62	624.567106	-4.14628e-06	-1.40444e-06	4.34744e-06	-161.28
389.3576	93.63	624.6338189999999	-3.99727e-06	-1.55532e-06	4.33627e-06	-159.27
390.3655	93.64	624.700532	-4.18167e-06	-1.32807e-06	4.37352e-06	-162.396
391.3729	93.65	624.767245	-3.82031e-06	-1.56835e-06	4.15745e-06	-157.794
392.3796	93.66	624.8339579999999	-4.3195e-06	-1.44542e-06	4.52626e-06	-161.088
393.3875	93.67	624.900671	-4.13696e-06	-1.207e-06	4.32137e-06	-163.662
394.3958	93.68	624.967384	-3.72158e-06	-1.50689e-06	3.99913e-06	-158.256
395.4032	93.69	625.034097	-3.74766e-06	-1.32807e-06	3.96374e-06	-159.918
396.4106	93.7	625.10081	-4.05314e-06	-1.55345e-06	4.31764e-06	-159.516
397.4177	93.71	625.167523	-1.81981e-06	-1.18092e-06	2.26313e-06	-149.334
398.4418	93.72	625.2342359999999	-4.05687e-06	-1.15298e-06	4.20402e-06	-163.782
399.497	93.73	625.300949	-3.94325e-06	-1.302e-06	4.11089e-06	-161.448
400.5202	93.74	625.3676619999999	3.07078e-05	-4.29156e-06	3.18552e-05	-7.788
401.5445	93.75	625.4343749999999	6.42243e-06	-2.10853e-06	5.72953e-06	-22.2
402.569	93.76	625.501088	3.71413e-06	-1.42866e-06	1.95393e-06	-51.558
403.5914	93.77	625.5678009999999	2.1929e-05	9.81992e-06	2.75952e-05	20.088
404.5983	93.78	625.634514	1.19545e-05	-3.03613e-07	2.06438e-05	-0.018
405.6069	93.79	625.701227	2.07965e-05	1.26456e-05	2.06326e-05	38.868
406.6463	93.8	625.76794	2.97503e-05	2.69154e-06	2.86476e-05	4.92
407.6546	93.81	625.834653	1.11759e-07	1.33534e-05	1.37687e-05	92.412
408.661	93.82	625.9013659999999	2.5727e-05	6.73722e-06	2.5401e-05	14.328
409.6691	93.83	625.968079	1.30386e-08	-6.72419e-07	7.28298e-07	-113.352
410.6769	93.84	626.034792	4.43685e-06	-1.75648e-06	4.4443e-06	-23.988
411.7001	93.85	626.101505	4.18539e-06	-2.06383e-06	4.58772e-06	-26.298
412.7077	93.86	626.1682179999999	9.24623e-06	-1.30758e-06	1.10083e-05	-0.522
413.7151	93.87	626.234931	1.00956e-05	1.21948e-05	1.43778e-05	59.892
414.7227	93.88	626.3016439999999	1.10511e-05	1.47224e-05	1.80491e-05	49.53
415.7459	93.89	626.368357	1.83658e-05	1.53353e-05	2.50806e-05	41.022
416.7693	93.9	626.43507	2.97335e-05	1.69036e-05	3.26133e-05	29.724
417.7925	93.91	626.5017829999999	2.21302e-05	1.65739e-05	2.9361e-05	37.236
418.8174	93.92	626.568496	3.518e-05	1.62312e-05	3.5804e-05	25.602
419.8245	93.93	626.635209	3.26356e-05	1.7699e-05	3.89221e-05	28.578
420.8324	93.94	626.701922	1.13845e-05	1.08518e-05	1.67118e-05	46.254
421.8396	93.95	626.768635	2.17353e-05	1.70359e-05	2.51272e-05	39.228
422.8474	93.96	626.835348	2.45665e-05	1.76245e-05	3.22054e-05	32.802
423.8547	93.97	626.902061	4.98595e-05	-2.10294e-06	4.78851e-05	-2.754
424.8622	93.98	626.9687739999999	1.42847e-05	-2.19049e-06	1.34223e-05	-9.378
425.8696	93.99	627.0354869999999	1.02688e-05	-2.23705e-06	1.02521e-05	-12.522
431.8829	94.0	627.1021999999999	3.63962e-06	-1.70992e-06	5.03476e-06	-19.452
432.9058	94.01	627.168913	2.92623e-06	-1.40258e-06	2.89829e-06	-28.77
433.9304	94.02	627.2356259999999	7.38542e-06	9.89443e-06	1.37874e-05	54.27
434.9693	94.03	627.302339	-4.27517e-05	7.18985e-07	4.0319e-05	179.058
436.0087	94.04	627.369052	2.52017e-06	-8.75448e-08	4.18726e-06	-2.286
437.0492	94.05	627.435765	4.75909e-06	-1.43425e-07	3.53345e-06	-0.876
438.0721	94.06	627.502478	6.42057e-06	-2.6636e-07	6.26597e-06	-2.274
439.0802	94.07	627.5691909999999	2.79584e-06	8.69859e-07	3.25033e-06	13.71
440.0869	94.08	627.635904	2.81633e-06	8.02804e-07	2.82751e-06	14.67
441.0951	94.09	627.702617	-3.82218e-06	1.53296e-06	3.86502e-06	155.85
442.1029	94.1	627.76933	5.46093e-05	6.5938e-07	5.46093e-05	0.354
443.1259	94.11	627.8360429999999	5.46093e-05	2.15938e-05	5.46093e-05	4.104
444.1337	94.12	627.902756	4.88183e-05	3.3714e-06	4.54003e-05	4.092
445.1572	94.13	627.9694689999999	8.829e-06	4.638e-07	9.00781e-06	2.46
446.1646	94.14	628.0361819999999	7.46365e-06	3.81844e-07	7.24013e-06	3.222
447.188	94.15	628.102895	-1.80677e-07	6.89182e-07	7.59963e-07	63.156
448.212	94.16	628.1696079999999	3.34905e-06	5.10368e-07	3.59306e-06	7.83
449.235	94.17	628.236321	7.6369e-06	3.87432e-07	8.5347e-06	2.424
450.2423	94.18	628.303034	3.68619e-06	9.08974e-07	3.51483e-06	15.948
451.2673	94.19	628.369747	-5.46111e-05	-1.24593e-05	5.46093e-05	-177.246
452.2745	94.2	628.43646	-2.77945e-05	1.36775e-05	2.60939e-05	146.742
453.2818	94.21	628.503173	1.07978e-05	1.80007e-05	2.00049e-05	64.242
454.2893	94.22	628.569886	7.96287e-06	1.60673e-05	1.96305e-05	117.606
455.296	94.23	628.6365989999999	-3.72941e-05	2.19085e-05	4.01887e-05	148.176
456.3043	94.24	628.7033119999999	-1.59443e-06	2.06383e-06	2.91319e-06	139.836
457.3118	94.25	628.7700249999999	5.72394e-06	-1.36719e-06	1.30386e-05	-10.956
458.3191	94.26	628.836738	2.31733e-05	1.20272e-05	2.89549e-05	25.662
459.3273	94.27	628.9034509999999	1.70936e-05	1.58494e-05	2.31025e-05	47.352
460.3352	94.28	628.970164	2.06885e-05	2.0519e-05	2.70122e-05	47.124
461.3578	94.29	629.036877	-5.23407e-07	1.8064e-05	1.83528e-05	82.794
462.3814	94.3	629.1035899999999	6.64967e-06	1.72575e-05	1.76152e-05	74.562
463.4209	94.31	629.170303	2.87221e-05	1.85446e-05	3.49248e-05	34.884
464.4606	94.32	629.2370159999999	-1.86787e-05	1.56706e-05	2.13088e-05	128.37
465.4681	94.33	629.303729	1.07419e-05	1.89749e-05	2.28324e-05	61.032
466.4748	94.34	629.370442	5.46093e-05	8.71351e-06	5.46093e-05	8.01
467.4836	94.35	629.437155	2.55314e-05	1.83509e-05	3.09332e-05	34.302
468.5065	94.36	629.503868	2.94597e-05	1.46665e-05	3.15683e-05	26.808
469.5146	94.37	629.570581	4.38097e-06	2.57978e-06	4.69017e-06	31.464
470.5213	94.38	629.6372939999999	-2.95938e-05	7.52698e-06	2.83812e-05	164.46
471.5292	94.39	629.7040069999999	3.16651e-06	-1.63168e-06	5.38307e-06	-66.606
472.5376	94.4	629.77072	4.04197e-06	8.71165e-06	9.12702e-06	78.054
473.545	94.41	629.8374329999999	1.83025e-05	1.72333e-05	2.66751e-05	37.758
474.5526	94.42	629.904146	1.69837e-05	1.75779e-05	2.59896e-05	46.374
475.5592	94.43	629.970859	5.46093e-05	5.33427e-05	5.46093e-05	25.212
476.5666	94.44	630.037572	1.39904e-05	8.94821e-06	1.58419e-05	31.872
477.5739	94.45	630.104285	4.38656e-06	1.03005e-06	5.25828e-06	9.606
478.5979	94.46	630.1709979999999	5.25455e-06	3.40866e-07	5.19308e-06	4.422
479.6379	94.47	630.237711	1.02949e-05	-2.1048e-07	9.93354e-06	-1.17
480.6612	94.48	630.304424	-1.39699e-06	1.34484e-06	2.25382e-06	141.558
481.7005	94.49	630.371137	9.08232e-06	9.49954e-08	8.75263e-06	1.146
482.7077	94.5	630.4378499999999	8.54958e-07	8.4937e-07	1.29827e-06	41.1
483.7157	94.51	630.504563	2.8182e-06	8.92211e-07	3.09573e-06	15.258
484.7235	94.52	630.5712759999999	2.3693e-06	3.70668e-07	2.77536e-06	6.222
485.7308	94.53	630.637989	1.09152e-06	7.61826e-07	1.44169e-06	27.642
486.7548	94.54	630.704702	-1.40817e-06	7.91628e-07	8.08392e-07	93.192
487.7619	94.55	630.7714149999999	3.68991e-06	1.69502e-07	3.24847e-06	3.348
488.7693	94.56	630.838128	6.24548e-06	4.28411e-08	6.02382e-06	0.774
489.7771	94.57	630.9048409999999	3.0622e-06	-9.31327e-08	3.00446e-06	-1.002
490.7841	94.58	630.971554	1.25729e-06	4.39586e-07	1.66149e-06	14.496
491.8079	94.59	631.038267	-9.03387e-07	9.84786e-06	9.88512e-06	73.182
492.8327	94.6	631.10498	5.46093e-05	5.66247e-06	5.46093e-05	2.484
493.8721	94.61	631.171693	-2.06773e-05	5.62894e-06	5.46093e-05	-178.2
494.8952	94.62	631.2384059999999	-5.46111e-05	-3.63553e-05	5.46093e-05	-166.002
495.9036	94.63	631.3051189999999	-9.45484e-06	8.9035e-06	2.14354e-05	162.366
496.9105	94.64	631.3718319999999	2.70699e-05	1.42027e-05	3.57053e-05	25.86
497.917	94.65	631.438545	2.53638e-05	1.52477e-05	2.85135e-05	34.464
498.9256	94.66	631.5052579999999	3.16633e-05	1.98391e-05	3.52545e-05	32.106
499.9329	94.67	631.571971	-1.02241e-05	3.73146e-05	3.77784e-05	105.546
500.9404	94.68	631.638684	4.69017e-06	3.59678e-06	6.21381e-06	31.674
501.9638	94.69	631.705397	-7.56423e-06	1.01329e-06	7.39287e-06	172.098
502.972	94.7	631.77211	7.76729e-06	-5.84874e-07	8.28138e-06	-4.32
503.979	94.71	631.8388229999999	1.10157e-05	-8.19568e-08	1.0239e-05	-0.222
504.9869	94.72	631.905536	8.63901e-06	2.53322e-07	8.39314e-06	2.154
505.994	94.73	631.972249	7.48787e-07	6.22127e-07	1.24984e-06	28.614
507.0016	94.74	632.038962	7.14514e-06	2.40283e-07	7.21964e-06	1.98
508.0251	94.75	632.1056749999999	5.50042e-06	-5.96051e-08	5.5414e-06	-0.282
509.0492	94.76	632.172388	5.50787e-06	7.02221e-07	5.61963e-06	7.554
510.0729	94.77	632.2391009999999	3.43473e-06	1.12132e-06	3.73089e-06	16.026
511.096	94.78	632.3058139999999	8.15099e-06	3.37141e-07	7.57913e-06	3.024
512.1355	94.79	632.372527	8.16217e-06	2.01167e-07	7.90326e-06	1.722
513.1426	94.8	632.4392399999999	5.31229e-06	-2.04892e-08	4.47597e-06	0.798
514.1504	94.81	632.505953	2.29666e-06	5.55072e-07	2.81633e-06	10.218
515.1583	94.82	632.5726659999999	5.46093e-05	8.07462e-06	5.46093e-05	7.146
516.1653	94.83	632.639379	8.69861e-06	7.13397e-07	8.73959e-06	3.426
517.1734	94.84	632.706092	3.24847e-06	-1.05613e-06	2.66919e-06	-26.256
518.1959	94.85	632.772805	-7.73001e-07	-9.03387e-07	1.05054e-06	-106.458
519.2044	94.86	632.839518	2.07128e-06	-1.42679e-06	2.5686e-06	-37.428
520.2115	94.87	632.9062309999999	4.03638e-06	-1.72482e-06	4.60635e-06	-21.738
521.2191	94.88	632.972944	-1.28132e-05	1.90923e-06	1.83323e-05	171.558
522.2276	94.89	633.0396569999999	8.72469e-06	1.5624e-05	1.94741e-05	58.32
523.2503	94.9	633.10637	2.02508e-05	1.39606e-05	2.20725e-05	35.286
524.2746	94.91	633.1730829999999	-3.53904e-06	8.35216e-06	8.78802e-06	85.686
525.3132	94.92	633.239796	2.57773e-05	1.81348e-05	3.29653e-05	31.338
526.3375	94.93	633.306509	2.33875e-05	1.67509e-05	2.85414e-05	38.856
527.3607	94.94	633.3732219999999	5.4002e-05	-5.60473e-06	5.01371e-05	-6.348
528.368	94.95	633.439935	8.81223e-06	-1.90363e-06	9.36916e-06	-11.988
529.3765	94.96	633.5066479999999	8.38194e-07	-1.27964e-06	1.61492e-06	-53.97
530.3993	94.97	633.573361	7.07808e-06	-2.14392e-06	6.93652e-06	-17.322
531.4386	94.98	633.640074	-5.9605e-07	-1.39513e-06	1.58139e-06	-116.004
532.4469	94.99	633.706787	5.97912e-06	-1.546e-06	5.90648e-06	-14.79
538.4589	95.0	633.7735	2.00422e-06	-2.37675e-06	3.33042e-06	-45.216