Time (s) 	 Position (mm) 	 Delay (ps) 	 X 	 Y 	 R 	 theta 

6.1322	90.0	600.4169999999999	-4.8932e-06	-1.08034e-07	4.86712e-06	-178.86
7.1873	90.01	600.483713	-3.93207e-06	-1.32249e-07	3.96933e-06	-178.32
8.1956	90.02	600.5504259999999	-4.31205e-06	-1.08034e-07	4.35303e-06	-179.106
9.2022	90.03	600.617139	-3.97305e-06	0.0	3.96746e-06	179.688
10.2103	90.04	600.683852	-4.51508e-06	-7.0781e-08	4.54861e-06	-178.974
11.2331	90.05	600.7505649999999	-3.97491e-06	-2.62635e-07	3.99913e-06	-176.094
12.2578	90.06	600.817278	-4.06246e-06	-6.91045e-07	4.14069e-06	-170.304
13.2806	90.07	600.8839909999999	-4.30646e-06	6.33304e-08	4.29715e-06	179.154
14.305	90.08	600.950704	-4.77399e-06	-2.55184e-07	4.74977e-06	-176.514
15.3279	90.09	601.017417	-4.37725e-06	4.47037e-08	4.41077e-06	179.742
16.3678	90.1	601.08413	-4.86153e-06	-2.16068e-07	4.81497e-06	-177.246
17.3909	90.11	601.150843	-4.25617e-06	-4.13509e-07	4.28039e-06	-174.522
18.3982	90.12	601.217556	-4.22078e-06	-2.77536e-07	4.18726e-06	-176.148
19.4221	90.13	601.2842689999999	-4.26362e-06	1.99304e-07	4.33627e-06	177.3
20.4297	90.14	601.3509819999999	-4.4592e-06	9.87206e-08	4.45361e-06	178.926
21.4532	90.15	601.417695	-3.52041e-06	-1.11759e-08	3.49992e-06	-179.946
22.4614	90.16	601.4844079999999	-3.59864e-06	-2.96162e-07	3.6806e-06	-175.71
23.4681	90.17	601.551121	-4.7833e-06	7.45063e-08	4.76095e-06	179.418
24.4765	90.18	601.617834	-4.03638e-06	-9.6858e-08	4.03079e-06	-178.32
25.4833	90.19	601.684547	-4.70135e-06	4.47037e-08	4.76468e-06	179.382
26.4909	90.2	601.75126	-4.1351e-06	-3.52042e-07	4.16118e-06	-175.29
27.5146	90.21	601.8179729999999	-4.47969e-06	-3.91158e-08	4.52067e-06	-179.64
28.5379	90.22	601.884686	-4.56724e-06	2.04892e-08	4.57655e-06	179.232
29.5619	90.23	601.951399	-4.5691e-06	-2.23519e-08	4.57282e-06	-179.52
30.601	90.24	602.018112	-4.48155e-06	-4.54487e-07	4.47038e-06	-173.562
31.6413	90.25	602.0848249999999	-4.52439e-06	-8.38195e-08	4.50577e-06	-179.364
32.6483	90.26	602.151538	-4.26735e-06	-2.49596e-07	4.28598e-06	-176.382
33.6549	90.27	602.2182509999999	-4.43685e-06	-8.19568e-08	4.43685e-06	-179.034
34.6627	90.28	602.284964	-4.48155e-06	-5.28995e-07	4.47783e-06	-173.7
35.6705	90.29	602.351677	-3.81099e-06	-3.83707e-07	3.83708e-06	-174.312
36.6786	90.3	602.4183899999999	-4.63056e-06	-1.7509e-07	4.65478e-06	-177.684
37.6859	90.31	602.485103	-4.86898e-06	-1.08034e-07	4.87457e-06	-178.722
38.6941	90.32	602.5518159999999	-4.32137e-06	-2.21656e-07	4.31392e-06	-177.186
39.7165	90.33	602.618529	-4.20588e-06	-5.96051e-08	4.24127e-06	-179.37
40.7248	90.34	602.685242	-4.43685e-06	-8.56821e-08	4.44989e-06	-178.608
41.7328	90.35	602.751955	-4.20402e-06	-2.04892e-07	4.22078e-06	-177.582
42.7559	90.36	602.818668	-3.32297e-06	-3.70668e-07	3.30621e-06	-173.634
43.7798	90.37	602.8853809999999	-4.45175e-06	-1.41562e-07	4.42381e-06	-177.942
44.8028	90.38	602.9520939999999	-4.04756e-06	-2.90574e-07	4.03266e-06	-176.328
45.8106	90.39	603.0188069999999	-4.62311e-06	-6.5193e-08	4.60449e-06	-179.088
46.8342	90.4	603.08552	-4.22265e-06	-5.14094e-07	4.24127e-06	-173.172
47.8575	90.41	603.1522329999999	-4.15e-06	2.1048e-07	4.14069e-06	177.204
48.8654	90.42	603.218946	-4.60076e-06	1.78815e-07	4.58586e-06	177.6
49.8738	90.43	603.285659	-4.34558e-06	-1.73227e-07	4.32695e-06	-177.924
50.8811	90.44	603.352372	-4.70507e-06	-2.86849e-07	4.74977e-06	-176.7
51.8875	90.45	603.419085	-4.69576e-06	-2.83124e-07	4.74977e-06	-177.072
52.8958	90.46	603.4857979999999	-4.54488e-06	-4.17234e-07	4.54488e-06	-174.816
53.9039	90.47	603.552511	-4.77213e-06	-3.96745e-07	4.70321e-06	-175.146
54.9108	90.48	603.619224	-4.17422e-06	-3.81844e-07	4.18167e-06	-175.236
55.9347	90.49	603.685937	-4.56165e-06	-4.89879e-07	4.58772e-06	-173.832
56.9421	90.5	603.75265	-4.40891e-06	-5.08506e-07	4.40146e-06	-173.382
57.9812	90.51	603.819363	-4.11834e-06	-1.63914e-07	4.09785e-06	-178.344
59.0051	90.52	603.8860759999999	-4.47783e-06	1.91853e-07	4.48342e-06	177.642
60.0285	90.53	603.9527889999999	-4.20029e-06	1.58326e-07	4.15e-06	177.756
61.0525	90.54	604.019502	-4.65664e-06	-2.58909e-07	4.66782e-06	-176.844
62.0758	90.55	604.0862149999999	-4.33813e-06	-9.6858e-08	4.37352e-06	-178.59
63.1002	90.56	604.152928	-4.37911e-06	-2.60771e-08	4.31205e-06	-179.376
64.1235	90.57	604.2196409999999	-3.9805e-06	-4.91742e-07	4.01403e-06	-173.1
65.1465	90.58	604.286354	-4.44058e-06	-3.91158e-08	4.47783e-06	-179.49
66.1541	90.59	604.353067	-4.43312e-06	-3.72531e-08	4.40891e-06	-179.304
67.1613	90.6	604.41978	-4.46665e-06	-3.74393e-07	4.47783e-06	-175.032
68.1692	90.61	604.486493	-3.76815e-06	-1.60188e-07	3.76628e-06	-177.36
69.2086	90.62	604.553206	-4.32695e-06	-4.45174e-07	4.33254e-06	-173.976
70.2165	90.63	604.619919	-4.07922e-06	-4.99193e-07	4.16304e-06	-173.16
71.224	90.64	604.6866319999999	-4.2897e-06	-1.84403e-07	4.24686e-06	-177.384
72.2475	90.65	604.753345	-3.76256e-06	-4.00471e-07	3.81099e-06	-173.868
73.2711	90.66	604.8200579999999	-3.97305e-06	-2.44008e-07	4.02707e-06	-176.832
74.2945	90.67	604.886771	-4.57096e-06	-5.21543e-08	4.61939e-06	-179.424
75.318	90.68	604.953484	-4.60635e-06	-2.55184e-07	4.57282e-06	-176.73
76.3425	90.69	605.0201969999999	-4.35117e-06	1.15484e-07	4.33813e-06	179.052
77.3653	90.7	605.08691	-4.05687e-06	-1.58326e-07	4.08667e-06	-177.642
78.3886	90.71	605.1536229999999	-4.60076e-06	-2.53322e-07	4.61939e-06	-177.126
79.4279	90.72	605.220336	-4.17794e-06	-1.86265e-07	4.11834e-06	-176.964
80.4519	90.73	605.287049	-4.16863e-06	-2.34694e-07	4.28039e-06	-176.778
81.4754	90.74	605.353762	-4.24127e-06	-4.33998e-07	4.26176e-06	-174.078
82.4988	90.75	605.420475	-4.3996e-06	-4.95467e-07	4.44803e-06	-174.288
83.5065	90.76	605.487188	-4.36607e-06	6.14677e-08	4.40146e-06	179.526
84.5141	90.77	605.5539009999999	-4.36793e-06	-1.88128e-07	4.35303e-06	-177.672
85.5221	90.78	605.6206139999999	-4.40332e-06	3.5763e-07	4.41636e-06	176.01
86.5292	90.79	605.687327	-4.18539e-06	-2.06755e-07	4.16863e-06	-177.318
87.5368	90.8	605.7540399999999	-4.16863e-06	-4.5635e-07	4.16304e-06	-173.166
88.5602	90.81	605.820753	-4.12765e-06	-6.70557e-08	4.09971e-06	-178.884
89.5678	90.82	605.8874659999999	-4.25245e-06	2.98025e-08	4.20961e-06	-179.748
90.5907	90.83	605.954179	-4.0904e-06	-3.9302e-07	4.10902e-06	-175.062
91.6151	90.84	606.020892	-4.24313e-06	1.41562e-07	4.30646e-06	177.642
92.6377	90.85	606.0876049999999	-4.0755e-06	-2.62635e-07	4.00285e-06	-175.788
93.661	90.86	606.154318	-4.32323e-06	-4.5635e-07	4.38842e-06	-174.432
94.6854	90.87	606.221031	-4.27294e-06	9.49954e-08	4.30088e-06	178.98
95.725	90.88	606.287744	-4.48155e-06	5.96051e-08	4.48714e-06	178.662
96.7329	90.89	606.3544569999999	-4.62498e-06	1.37837e-07	4.66223e-06	178.404
97.7567	90.9	606.42117	-3.91903e-06	-2.81261e-07	3.94697e-06	-175.554
98.7635	90.91	606.4878829999999	-4.06991e-06	-1.91853e-07	4.06805e-06	-177.654
99.7721	90.92	606.554596	-4.1798e-06	2.58909e-07	4.17235e-06	176.418
100.7793	90.93	606.621309	-4.41822e-06	-9.12701e-08	4.42754e-06	-178.53
101.8024	90.94	606.6880219999999	-4.66223e-06	-4.74976e-07	4.6585e-06	-174.588
102.8258	90.95	606.754735	-4.16863e-06	-2.70085e-07	4.17235e-06	-176.286
103.8341	90.96	606.8214479999999	-4.3195e-06	-1.97441e-07	4.31205e-06	-177.21
104.8566	90.97	606.888161	-4.19098e-06	-2.1048e-07	4.20774e-06	-177.372
105.8804	90.98	606.954874	-4.15e-06	1.49013e-08	4.15745e-06	-179.886
106.9041	90.99	607.021587	-4.57469e-06	-3.89295e-07	4.54302e-06	-174.96
112.9181	91.0	607.0883	-4.77958e-06	2.75673e-07	4.72929e-06	176.544
113.9409	91.01	607.1550129999999	-3.94325e-06	3.35278e-08	3.96933e-06	179.352
114.9489	91.02	607.221726	-4.36793e-06	-6.89183e-08	4.37352e-06	-178.908
115.9552	91.03	607.2884389999999	-4.68458e-06	-7.82316e-08	4.73301e-06	-179.256
116.964	91.04	607.355152	-4.81683e-06	5.14094e-07	4.85036e-06	174.054
117.9715	91.05	607.4218649999999	-4.08667e-06	-3.83707e-07	4.14069e-06	-174.624
118.9784	91.06	607.488578	-4.37166e-06	-4.65664e-08	4.35303e-06	-179.604
120.0181	91.07	607.5552909999999	-4.11461e-06	-5.47621e-07	4.1351e-06	-172.194
121.0413	91.08	607.622004	-4.73674e-06	-4.06058e-07	4.7386e-06	-174.924
122.0657	91.09	607.688717	-3.91531e-06	-3.91157e-07	3.95815e-06	-173.694
123.1051	91.1	607.7554299999999	-4.4294e-06	-4.33998e-07	4.3996e-06	-174.234
124.128	91.11	607.822143	-4.31205e-06	-1.02446e-07	4.33068e-06	-178.77
125.1521	91.12	607.888856	-4.54488e-06	-2.96162e-07	4.55606e-06	-176.43
126.1595	91.13	607.955569	-5.45758e-06	-1.65776e-07	5.52463e-06	-178.35
127.1995	91.14	608.022282	-5.08319e-06	-4.89879e-07	5.13907e-06	-174.852
128.2066	91.15	608.088995	-4.71811e-06	-1.7509e-07	4.79075e-06	-178.452
129.2154	91.16	608.1557079999999	-3.96746e-06	-2.47734e-07	3.97305e-06	-175.722
130.2226	91.17	608.2224209999999	-4.33813e-06	-4.61938e-07	4.38656e-06	-173.886
131.2302	91.18	608.289134	-4.30833e-06	-1.52738e-07	4.29343e-06	-178.398
132.2371	91.19	608.3558469999999	-4.46665e-06	-1.22935e-07	4.46479e-06	-178.074
133.2449	91.2	608.42256	-4.21333e-06	-1.13622e-07	4.22637e-06	-178.668
134.2522	91.21	608.4892729999999	-4.42009e-06	-6.70557e-08	4.40518e-06	-179.346
135.2606	91.22	608.555986	-4.29715e-06	-2.14205e-07	4.27666e-06	-177.288
136.284	91.23	608.622699	-4.96584e-06	-1.8254e-07	5.00123e-06	-178.098
137.306	91.24	608.689412	-4.33627e-06	-2.08617e-07	4.36979e-06	-177.564
138.3303	91.25	608.756125	-4.63802e-06	-2.79399e-07	4.65478e-06	-176.85
139.354	91.26	608.822838	-5.04221e-06	-5.08506e-07	5.08133e-06	-173.964
140.3774	91.27	608.889551	-4.66409e-06	-4.33998e-07	4.64174e-06	-175.014
141.3852	91.28	608.9562639999999	-4.53557e-06	-2.98025e-08	4.52998e-06	-179.604
142.4082	91.29	609.022977	-4.52253e-06	-1.65776e-07	4.54675e-06	-178.032
143.4167	91.3	609.0896899999999	-4.09412e-06	-2.06755e-07	4.13138e-06	-177.072
144.4238	91.31	609.156403	-4.67154e-06	-4.11646e-07	4.69762e-06	-175.26
145.4479	91.32	609.2231159999999	-4.61753e-06	9.49954e-08	4.6287e-06	178.392
146.4713	91.33	609.2898289999999	-4.35489e-06	-9.6858e-08	4.40146e-06	-178.782
147.4784	91.34	609.356542	-4.35303e-06	2.60771e-08	4.37911e-06	179.802
148.4867	91.35	609.4232549999999	-4.31205e-06	-2.60772e-07	4.30088e-06	-176.73
149.4943	91.36	609.489968	-4.18353e-06	-2.30969e-07	4.2301e-06	-177.414
150.5174	91.37	609.556681	-4.36607e-06	-6.5193e-08	4.35117e-06	-179.43
151.5254	91.38	609.623394	-4.28225e-06	-8.56821e-08	4.28225e-06	-178.464
152.5481	91.39	609.690107	-4.66596e-06	4.09784e-08	4.63802e-06	179.172
153.5712	91.4	609.75682	-4.04383e-06	-2.98025e-08	4.06246e-06	-179.718
154.5955	91.41	609.8235329999999	-4.42754e-06	-4.43311e-07	4.43312e-06	-174.174
155.6022	91.42	609.8902459999999	-4.41822e-06	-8.94074e-08	4.41077e-06	-179.022
156.6107	91.43	609.956959	-4.64174e-06	-2.55184e-07	4.57282e-06	-176.79
157.6186	91.44	610.0236719999999	-4.13883e-06	-3.18514e-07	4.13324e-06	-175.44
158.626	91.45	610.090385	-4.29529e-06	1.13622e-07	4.30646e-06	178.716
159.6341	91.46	610.1570979999999	-4.54488e-06	-2.23519e-08	4.55233e-06	-179.94
160.641	91.47	610.223811	-4.00285e-06	-1.4715e-07	4.02707e-06	-178.326
161.6483	91.48	610.290524	-4.3996e-06	-2.06755e-07	4.37352e-06	-177.198
162.6564	91.49	610.3572369999999	-4.2301e-06	-1.89991e-07	4.25059e-06	-177.828
163.6642	91.5	610.42395	-4.70693e-06	1.97441e-07	4.72742e-06	177.21
164.6713	91.51	610.490663	-3.7905e-06	-1.02446e-07	3.80354e-06	-179.07
165.6789	91.52	610.557376	-4.80379e-06	1.546e-07	4.7833e-06	178.218
166.7016	91.53	610.6240889999999	-4.34744e-06	2.25381e-07	4.32137e-06	176.898
167.7264	91.54	610.690802	-4.74419e-06	3.2969e-07	4.7684e-06	176.22
168.7495	91.55	610.7575149999999	-4.02334e-06	-2.62635e-07	3.98423e-06	-176.01
169.757	91.56	610.824228	-4.41264e-06	-2.84987e-07	4.47597e-06	-176.34
170.7967	91.57	610.8909409999999	-4.48528e-06	-4.48899e-07	4.46479e-06	-174.738
171.8043	91.58	610.9576539999999	-4.50204e-06	1.86266e-09	4.48528e-06	-179.766
172.8281	91.59	611.024367	-4.34372e-06	-3.52042e-07	4.3195e-06	-175.434
173.8355	91.6	611.0910799999999	-4.32137e-06	-4.17234e-07	4.3344e-06	-174.414
174.843	91.61	611.157793	-4.69389e-06	-3.20377e-07	4.68831e-06	-176.49
175.8514	91.62	611.224506	-4.7386e-06	-1.8254e-07	4.66223e-06	-177.816
176.8746	91.63	611.291219	-4.05501e-06	-1.80677e-07	4.12951e-06	-177.0
177.8819	91.64	611.357932	-4.60076e-06	-4.73114e-07	4.65478e-06	-173.688
178.8885	91.65	611.4246449999999	-4.73674e-06	-2.30969e-07	4.71625e-06	-177.486
179.8968	91.66	611.491358	-4.57655e-06	-2.47734e-07	4.52812e-06	-177.03
180.9042	91.67	611.5580709999999	-4.80752e-06	-3.6508e-07	4.84663e-06	-175.608
181.912	91.68	611.624784	-4.52439e-06	2.04892e-08	4.50204e-06	179.364
182.9512	91.69	611.6914969999999	-4.15373e-06	-5.01055e-07	4.22265e-06	-173.694
183.9754	91.7	611.75821	-4.42009e-06	-1.63914e-07	4.41264e-06	-178.074
184.9986	91.71	611.8249229999999	-4.10157e-06	-2.98025e-07	4.11275e-06	-176.07
186.0219	91.72	611.891636	-4.67154e-06	-1.30386e-07	4.65478e-06	-178.11
187.0452	91.73	611.958349	-4.51508e-06	1.88128e-07	4.49087e-06	177.078
188.0851	91.74	612.0250619999999	-3.73834e-06	3.72531e-08	3.79795e-06	179.124
189.0932	91.75	612.091775	-4.73301e-06	-2.47734e-07	4.75722e-06	-176.568
190.1323	91.76	612.158488	-4.0103e-06	-7.5065e-07	4.07363e-06	-169.32
191.1399	91.77	612.225201	-3.89296e-06	-4.11646e-07	3.88923e-06	-174.318
192.1467	91.78	612.291914	-3.81099e-06	-3.83707e-07	3.79795e-06	-174.438
193.1557	91.79	612.358627	-4.19657e-06	-3.61355e-07	4.245e-06	-175.128
194.1623	91.8	612.4253399999999	-4.01962e-06	-2.40283e-07	4.03638e-06	-176.736
195.1703	91.81	612.4920529999999	-4.73487e-06	-1.89991e-07	4.67713e-06	-177.396
196.21	91.82	612.5587659999999	-4.245e-06	6.33304e-08	4.25804e-06	179.19
197.2332	91.83	612.6254789999999	-4.17235e-06	-2.01167e-07	4.16677e-06	-177.714
198.2567	91.84	612.692192	-4.55606e-06	-2.73811e-07	4.55978e-06	-176.7