Time (s) 	 Position (mm) 	 Delay (ps) 	 X 	 Y 	 R 	 theta 

6.0745	90.5	603.75265	-3.75697e-06	-4.13509e-07	3.77373e-06	-173.91
7.1605	90.51	603.819363	-3.8408e-06	8.00942e-08	3.89296e-06	179.25
8.1841	90.52	603.8860759999999	-4.77958e-06	-3.44591e-07	4.78516e-06	-175.794
9.2085	90.53	603.9527889999999	-3.94325e-06	-3.74393e-07	3.94139e-06	-174.09
10.2312	90.54	604.019502	-4.25059e-06	-1.06171e-07	4.2748e-06	-178.194
11.2553	90.55	604.0862149999999	-5.01054e-06	-3.91158e-08	5.05711e-06	-179.172
12.2786	90.56	604.152928	-3.98236e-06	-2.42146e-07	3.94511e-06	-176.286
13.2867	90.57	604.2196409999999	-4.50577e-06	9.6858e-08	4.44803e-06	178.452
14.294	90.58	604.286354	-4.55606e-06	3.50179e-07	4.52067e-06	175.518
15.3181	90.59	604.353067	-4.17235e-06	-3.50179e-07	4.13696e-06	-175.524
16.3247	90.6	604.41978	-3.621e-06	-3.55767e-07	3.64149e-06	-173.922
17.3326	90.61	604.486493	-4.21892e-06	-1.86265e-07	4.23382e-06	-177.57
18.3406	90.62	604.553206	-4.74791e-06	-7.45064e-09	4.72929e-06	179.94
19.3634	90.63	604.619919	-4.41077e-06	1.32249e-07	4.36048e-06	178.158
20.3718	90.64	604.6866319999999	-4.74419e-06	-3.2969e-07	4.71066e-06	-175.656
21.3948	90.65	604.753345	-4.37352e-06	-1.97441e-07	4.34931e-06	-177.864
22.4187	90.66	604.8200579999999	-3.88364e-06	3.91158e-08	3.90972e-06	179.856
23.4581	90.67	604.886771	-3.78491e-06	-1.00583e-07	3.74393e-06	-178.566
24.4819	90.68	604.953484	-4.02334e-06	-2.25381e-07	4.05314e-06	-177.252
25.5061	90.69	605.0201969999999	-4.29901e-06	-9.87206e-08	4.33068e-06	-178.62
26.5293	90.7	605.08691	-4.44803e-06	-4.43311e-07	4.53184e-06	-174.216
27.5527	90.71	605.1536229999999	-4.63056e-06	-3.72532e-09	4.57655e-06	179.898
28.5605	90.72	605.220336	-4.32323e-06	6.33304e-08	4.38842e-06	179.028
29.5998	90.73	605.287049	-4.02334e-06	3.63218e-07	4.05314e-06	174.09
30.6069	90.74	605.353762	-4.21147e-06	-1.32249e-07	4.19098e-06	-178.518
31.6158	90.75	605.420475	-4.95653e-06	-6.10951e-07	4.96398e-06	-172.758
32.6231	90.76	605.487188	-4.44616e-06	-3.27827e-07	4.44989e-06	-176.262
33.6304	90.77	605.5539009999999	-4.6138e-06	-1.34111e-07	4.64919e-06	-178.302
34.6376	90.78	605.6206139999999	-4.68831e-06	1.76952e-07	4.71066e-06	177.834
35.6452	90.79	605.687327	-4.26176e-06	-2.12342e-07	4.21147e-06	-176.85
36.6523	90.8	605.7540399999999	-4.68831e-06	-1.04309e-07	4.74977e-06	-178.482
37.6768	90.81	605.820753	-4.06246e-06	-4.69388e-07	4.06432e-06	-173.454
38.6997	90.82	605.8874659999999	-4.93418e-06	-1.95579e-07	4.923e-06	-177.678
39.7394	90.83	605.954179	-4.66223e-06	-2.08617e-07	4.6585e-06	-177.81
40.7627	90.84	606.020892	-4.71438e-06	1.88128e-07	4.7237e-06	178.08
41.7874	90.85	606.0876049999999	-4.19843e-06	-3.81844e-07	4.22451e-06	-174.822
42.8099	90.86	606.154318	-4.30274e-06	-1.37837e-07	4.30833e-06	-177.42
43.8334	90.87	606.221031	-4.48155e-06	1.65776e-07	4.41822e-06	177.846
44.8408	90.88	606.287744	-4.75722e-06	8.75448e-08	4.77026e-06	178.902
45.8481	90.89	606.3544569999999	-4.08667e-06	3.6508e-07	4.14069e-06	174.51
46.8722	90.9	606.42117	-4.57096e-06	4.09784e-08	4.58214e-06	179.52
47.8794	90.91	606.4878829999999	-4.4145e-06	-6.42616e-07	4.47224e-06	-171.69
48.8868	90.92	606.554596	-4.26549e-06	-2.23518e-07	4.2748e-06	-176.556
49.895	90.93	606.621309	-4.31764e-06	-6.40754e-07	4.39773e-06	-172.374
50.9334	90.94	606.6880219999999	-4.84291e-06	-1.69502e-07	4.83173e-06	-178.218
51.9416	90.95	606.754735	-4.20961e-06	-1.69502e-07	4.21892e-06	-177.63
52.982	90.96	606.8214479999999	-4.39215e-06	-1.86266e-09	4.38283e-06	179.718
54.005	90.97	606.888161	-4.59145e-06	-4.2841e-07	4.64547e-06	-174.906
55.0291	90.98	606.954874	-4.5542e-06	-3.87432e-07	4.54302e-06	-175.398
56.0525	90.99	607.021587	-4.00844e-06	-6.33304e-08	4.00658e-06	-178.902
57.0758	91.0	607.0883	-4.7237e-06	-2.16068e-07	4.80193e-06	-177.12
58.0994	91.01	607.1550129999999	-4.58772e-06	-1.4715e-07	4.58959e-06	-178.506
59.106	91.02	607.221726	-4.65292e-06	6.33304e-08	4.6585e-06	179.49
60.1301	91.03	607.2884389999999	-4.56724e-06	6.33304e-08	4.56724e-06	179.142
61.1381	91.04	607.355152	-3.51669e-06	-1.99304e-07	3.53345e-06	-177.168
62.1615	91.05	607.4218649999999	-3.89109e-06	-2.96162e-07	3.97305e-06	-175.536
63.1694	91.06	607.488578	-4.53557e-06	2.53322e-07	4.59704e-06	177.054
64.1769	91.07	607.5552909999999	-4.57655e-06	-2.49596e-07	4.56351e-06	-176.85
65.1846	91.08	607.622004	-4.65478e-06	-4.47037e-07	4.63802e-06	-174.18
66.2079	91.09	607.688717	-4.52998e-06	-1.67639e-08	4.52812e-06	179.85
67.2157	91.1	607.7554299999999	-4.52067e-06	-4.91742e-07	4.52067e-06	-173.994
68.2553	91.11	607.822143	-5.07201e-06	3.53905e-08	5.14838e-06	179.484
69.2781	91.12	607.888856	-4.37166e-06	2.14205e-07	4.33813e-06	177.366
70.3027	91.13	607.955569	-3.87992e-06	-3.46454e-07	3.87806e-06	-175.062
71.3261	91.14	608.022282	-3.86688e-06	6.33304e-08	3.80726e-06	178.134
72.3492	91.15	608.088995	-4.60076e-06	-2.21656e-07	4.58027e-06	-177.246
73.3565	91.16	608.1557079999999	-4.3046e-06	-1.15484e-07	4.26362e-06	-178.542
74.3651	91.17	608.2224209999999	-4.82055e-06	-2.08617e-07	4.7982e-06	-177.03
75.3871	91.18	608.289134	-4.48528e-06	-5.30858e-07	4.48714e-06	-173.436
76.4112	91.19	608.3558469999999	-4.31392e-06	-2.6636e-07	4.35862e-06	-176.178
77.4359	91.2	608.42256	-4.80752e-06	-5.12231e-07	4.83918e-06	-173.502
78.4587	91.21	608.4892729999999	-4.70507e-06	9.49954e-08	4.68458e-06	178.47
79.4823	91.22	608.555986	-3.61168e-06	2.25381e-07	3.63217e-06	176.808
80.4891	91.23	608.622699	-4.85967e-06	-3.35278e-08	4.85595e-06	-179.61
81.4981	91.24	608.689412	-4.09971e-06	2.60771e-08	4.14441e-06	-179.634
82.5047	91.25	608.756125	-4.49832e-06	9.87206e-08	4.48528e-06	178.788
83.5291	91.26	608.822838	-4.73487e-06	-2.49596e-07	4.80752e-06	-177.084
84.5519	91.27	608.889551	-4.48342e-06	-2.45871e-07	4.39773e-06	-176.676
85.5755	91.28	608.9562639999999	-4.24313e-06	-1.91853e-07	4.31392e-06	-177.756
86.5985	91.29	609.022977	-4.35303e-06	-1.13622e-07	4.33627e-06	-178.86
87.6222	91.3	609.0896899999999	-4.1053e-06	4.28411e-08	4.15745e-06	179.358
88.646	91.31	609.156403	-4.54302e-06	-6.18402e-07	4.54675e-06	-172.56
89.6694	91.32	609.2231159999999	-4.47597e-06	-5.55072e-07	4.53557e-06	-173.406
90.6931	91.33	609.2898289999999	-4.40332e-06	-1.30386e-08	4.35303e-06	-179.58
91.717	91.34	609.356542	-4.69389e-06	-4.84291e-07	4.69389e-06	-173.826
92.7398	91.35	609.4232549999999	-4.1202e-06	-3.50179e-07	4.11647e-06	-174.834
93.7484	91.36	609.489968	-4.09785e-06	-3.16651e-07	4.15745e-06	-175.188
94.7708	91.37	609.556681	-4.32323e-06	-5.96051e-08	4.36048e-06	-179.346
95.8107	91.38	609.623394	-4.6436e-06	-2.943e-07	4.64919e-06	-176.766
96.8192	91.39	609.690107	-4.63615e-06	6.5193e-08	4.61753e-06	179.298
97.842	91.4	609.75682	-4.4741e-06	-1.11759e-07	4.46665e-06	-178.95
98.8661	91.41	609.8235329999999	-4.18912e-06	-4.5635e-07	4.22451e-06	-173.892
99.9051	91.42	609.8902459999999	-4.80752e-06	2.19793e-07	4.84104e-06	177.42
100.9292	91.43	609.956959	-4.1053e-06	-1.63914e-07	4.07177e-06	-177.624
101.9523	91.44	610.0236719999999	-4.31205e-06	2.42145e-08	4.29529e-06	179.31
102.9763	91.45	610.090385	-4.44058e-06	3.63218e-07	4.47597e-06	175.314
103.9994	91.46	610.1570979999999	-4.92486e-06	-2.34694e-07	4.90251e-06	-177.306
105.0232	91.47	610.223811	-4.31578e-06	-4.39586e-07	4.33999e-06	-174.168
106.0623	91.48	610.290524	-4.70321e-06	7.0781e-08	4.67341e-06	179.142
107.1021	91.49	610.3572369999999	-4.52998e-06	-1.67639e-07	4.56351e-06	-177.672
113.1164	91.5	610.42395	-4.36421e-06	4.8429e-08	4.35489e-06	178.884