Time (s) 	 Position (mm) 	 Delay (ps) 	 X 	 Y 	 R 	 theta 

5.5848	103.0	687.1438999999999	-9.53682e-07	-4.76841e-07	4.76841e-07	180.0
6.0481	103.01	687.210613	0.0	0.0	0.0	180.0
6.4638	103.02	687.2773259999999	0.0	0.0	0.0	180.0
6.8795	103.03	687.344039	0.0	4.76841e-07	4.76841e-07	63.438
7.3438	103.04	687.410752	4.76841e-07	-4.76841e-07	9.53682e-07	-18.432
7.7605	103.05	687.4774649999999	0.0	4.76841e-07	4.76841e-07	90.0
8.1751	103.06	687.544178	0.0	4.76841e-07	4.76841e-07	90.0
8.5919	103.07	687.6108909999999	-4.76841e-07	0.0	0.0	116.562
9.007	103.08	687.677604	-4.76841e-07	4.76841e-07	9.53682e-07	90.0
9.4236	103.09	687.744317	4.76841e-07	0.0	0.0	45.0
9.8546	103.1	687.81103	4.76841e-07	-4.76841e-07	4.76841e-07	-18.432
10.271	103.11	687.8777429999999	9.53682e-07	0.0	4.76841e-07	26.562
10.6872	103.12	687.944456	0.0	4.76841e-07	4.76841e-07	63.438
11.1022	103.13	688.0111689999999	0.0	9.53682e-07	9.53682e-07	56.31
11.5335	103.14	688.0778819999999	4.76841e-07	-4.76841e-07	9.53682e-07	-33.69
11.9495	103.15	688.144595	9.53682e-07	0.0	9.53682e-07	14.034
12.3823	103.16	688.2113079999999	9.53682e-07	0.0	9.53682e-07	0.0
12.7982	103.17	688.278021	9.53682e-07	-4.76841e-07	4.76841e-07	-26.562
13.2299	103.18	688.344734	4.76841e-07	0.0	9.53682e-07	0.0
13.6451	103.19	688.411447	9.53682e-07	4.76841e-07	9.53682e-07	26.562
14.0606	103.2	688.47816	4.76841e-07	0.0	4.76841e-07	26.562
14.4616	103.21	688.5448729999999	9.53682e-07	0.0	9.53682e-07	18.432
14.9077	103.22	688.611586	9.53682e-07	-4.76841e-07	0.0	-45.0
15.3092	103.23	688.678299	0.0	0.0	4.76841e-07	45.0
15.7394	103.24	688.745012	4.76841e-07	0.0	9.53682e-07	18.432
16.1887	103.25	688.8117249999999	1.43052e-06	4.76841e-07	9.53682e-07	26.562
16.6037	103.26	688.878438	9.53682e-07	0.0	9.53682e-07	0.0
17.035	103.27	688.9451509999999	9.53682e-07	0.0	4.76841e-07	0.0
17.4682	103.28	689.011864	4.76841e-07	0.0	4.76841e-07	45.0
17.8826	103.29	689.078577	-4.76841e-07	0.0	0.0	135.0
18.2999	103.3	689.1452899999999	-4.76841e-07	0.0	0.0	153.438
18.6988	103.31	689.212003	0.0	-4.76841e-07	0.0	-90.0
19.115	103.32	689.2787159999999	-9.53682e-07	0.0	4.76841e-07	180.0
19.5621	103.33	689.345429	-1.43052e-06	-4.76841e-07	4.76841e-07	-153.438
19.9792	103.34	689.412142	-1.90736e-06	-4.76841e-07	1.43052e-06	180.0
20.3938	103.35	689.478855	-1.43052e-06	0.0	9.53682e-07	165.966
20.8427	103.36	689.545568	-2.3842e-06	0.0	1.90736e-06	180.0
21.3214	103.37	689.6122809999999	-2.3842e-06	-4.76841e-07	1.90736e-06	-170.538
21.7383	103.38	689.6789939999999	-2.86104e-06	0.0	2.3842e-06	172.878
22.1536	103.39	689.7457069999999	-2.3842e-06	0.0	1.90736e-06	180.0
22.6015	103.4	689.81242	-2.3842e-06	4.76841e-07	1.90736e-06	161.568
23.0171	103.41	689.8791329999999	-1.43052e-06	0.0	4.76841e-07	135.0
23.4326	103.42	689.945846	-2.3842e-06	-4.76841e-07	1.90736e-06	-170.538
23.8496	103.43	690.012559	-1.43052e-06	0.0	9.53682e-07	-161.568
24.2803	103.44	690.079272	-1.43052e-06	0.0	9.53682e-07	165.966
24.7291	103.45	690.145985	-1.43052e-06	4.76841e-07	9.53682e-07	153.438
25.1437	103.46	690.2126979999999	0.0	0.0	0.0	90.0
25.5758	103.47	690.279411	0.0	-4.76841e-07	0.0	-45.0
25.9916	103.48	690.346124	0.0	-4.76841e-07	0.0	0.0
26.4236	103.49	690.412837	0.0	-4.76841e-07	4.76841e-07	0.0
26.8394	103.5	690.4795499999999	9.53682e-07	0.0	9.53682e-07	0.0
27.2548	103.51	690.546263	9.53682e-07	0.0	9.53682e-07	0.0
27.6718	103.52	690.6129759999999	9.53682e-07	0.0	9.53682e-07	0.0
28.0872	103.53	690.6796889999999	9.53682e-07	0.0	9.53682e-07	14.034
28.5035	103.54	690.746402	1.90736e-06	0.0	1.90736e-06	0.0
28.9348	103.55	690.8131149999999	1.43052e-06	4.76841e-07	1.43052e-06	26.562
29.3511	103.56	690.879828	9.53682e-07	0.0	9.53682e-07	0.0
29.7657	103.57	690.9465409999999	4.76841e-07	0.0	4.76841e-07	0.0
30.1826	103.58	691.013254	9.53682e-07	4.76841e-07	9.53682e-07	26.562
30.5976	103.59	691.079967	1.90736e-06	0.0	1.90736e-06	0.0
31.0451	103.6	691.14668	1.90736e-06	0.0	1.43052e-06	11.31
31.478	103.61	691.213393	1.90736e-06	0.0	1.90736e-06	0.0
31.8938	103.62	691.2801059999999	1.90736e-06	-4.76841e-07	1.90736e-06	-8.13
32.3405	103.63	691.3468189999999	1.90736e-06	0.0	1.90736e-06	8.13
32.7722	103.64	691.4135319999999	1.90736e-06	0.0	2.3842e-06	0.0
33.1877	103.65	691.480245	2.86104e-06	0.0	3.33787e-06	5.196
33.6034	103.66	691.5469579999999	3.33787e-06	-9.53682e-07	3.33787e-06	-10.308
34.019	103.67	691.613671	2.86104e-06	-9.53682e-07	2.86104e-06	-5.712
34.4356	103.68	691.680384	3.81473e-06	4.76841e-07	3.81473e-06	9.462
34.8525	103.69	691.7470969999999	4.7684e-06	9.53682e-07	4.7684e-06	11.31
35.3002	103.7	691.81381	5.24524e-06	-4.76841e-07	5.24524e-06	-3.366
35.715	103.71	691.8805229999999	6.19891e-06	0.0	6.19891e-06	0.0
36.1314	103.72	691.947236	6.19891e-06	0.0	6.19891e-06	2.862
36.5638	103.73	692.013949	8.10629e-06	-9.53682e-07	8.58313e-06	-4.398
36.9788	103.74	692.080662	9.5368e-06	0.0	9.5368e-06	1.974
37.4115	103.75	692.147375	1.09673e-05	9.53682e-07	1.09673e-05	4.902
37.8272	103.76	692.214088	1.28747e-05	0.0	1.28747e-05	1.47
38.2427	103.77	692.2808009999999	1.38283e-05	0.0	1.38283e-05	-1.362
38.6588	103.78	692.3475139999999	1.4782e-05	0.0	1.52589e-05	1.248
39.0738	103.79	692.414227	1.71663e-05	9.53682e-07	1.71663e-05	3.3
39.4897	103.8	692.4809399999999	1.76431e-05	4.76841e-07	1.76431e-05	2.118
39.9215	103.81	692.547653	1.76431e-05	9.53682e-07	1.76431e-05	3.18
40.3537	103.82	692.6143659999999	1.76431e-05	0.0	1.76431e-05	2.16
40.7848	103.83	692.681079	1.71663e-05	0.0	1.76431e-05	2.16
41.2	103.84	692.747792	1.52589e-05	0.0	1.52589e-05	0.0
41.6166	103.85	692.8145049999999	1.09673e-05	0.0	1.09673e-05	0.0
42.0484	103.86	692.881218	7.62945e-06	0.0	7.62945e-06	0.0
42.4971	103.87	692.947931	1.90736e-06	-9.53682e-07	1.90736e-06	-15.948
42.9122	103.88	693.014644	-2.3842e-06	-4.76841e-07	2.3842e-06	-172.878
43.3288	103.89	693.0813569999999	-8.10629e-06	-4.76841e-07	7.62945e-06	180.0
43.7606	103.9	693.14807	-1.28747e-05	-9.53682e-07	1.28747e-05	-177.066
44.1924	103.91	693.2147829999999	-1.76431e-05	-4.76841e-07	1.76431e-05	-177.84
44.6238	103.92	693.281496	-2.14578e-05	-1.43052e-06	2.0981e-05	-177.318
45.055	103.93	693.348209	-2.43188e-05	-1.43052e-06	2.3842e-05	-177.612
45.4719	103.94	693.4149219999999	-2.57493e-05	-1.43052e-06	2.52725e-05	-177.024
45.9351	103.95	693.481635	-2.6703e-05	-9.53682e-07	2.62262e-05	-179.286
46.3991	103.96	693.5483479999999	-2.76567e-05	-1.90736e-06	2.71798e-05	-176.466
46.8139	103.97	693.615061	-2.76567e-05	-1.43052e-06	2.71798e-05	-177.21
47.2622	103.98	693.681774	-2.90872e-05	-9.53682e-07	2.86103e-05	-178.68
47.6788	103.99	693.748487	-2.90872e-05	-9.53682e-07	2.86103e-05	-178.68
53.1157	104.0	693.8152	-3.19483e-05	-1.43052e-06	3.09946e-05	-178.17
53.5638	104.01	693.8819129999999	-3.33788e-05	-1.43052e-06	3.2902e-05	-177.708
53.9948	104.02	693.9486259999999	-3.5763e-05	-1.90736e-06	3.5763e-05	-177.372
54.4278	104.03	694.0153389999999	-3.76704e-05	-1.90736e-06	3.71935e-05	-177.492
54.8597	104.04	694.082052	-4.05314e-05	-1.43052e-06	4.05314e-05	-178.602
55.3074	104.05	694.1487649999999	-4.19619e-05	-1.43052e-06	4.19619e-05	-177.744
55.7538	104.06	694.215478	-4.24387e-05	-1.43052e-06	4.19619e-05	-178.194
56.186	104.07	694.2821909999999	-4.00546e-05	-1.43052e-06	3.95777e-05	-178.092
56.6184	104.08	694.348904	-3.71935e-05	-1.43052e-06	3.67167e-05	-177.936
57.049	104.09	694.415617	-3.19483e-05	-1.43052e-06	3.09946e-05	-177.54
57.4825	104.1	694.4823299999999	-2.47956e-05	-4.76841e-07	2.33651e-05	180.0
57.8974	104.11	694.549043	-1.4782e-05	-4.76841e-07	1.43052e-05	-178.668
58.3139	104.12	694.615756	-3.81473e-06	0.0	2.86104e-06	173.658
58.713	104.13	694.682469	6.19891e-06	-4.76841e-07	6.19891e-06	-2.862
59.1298	104.14	694.7491819999999	1.57357e-05	0.0	1.62126e-05	1.146
59.5443	104.15	694.815895	2.52725e-05	4.76841e-07	2.57493e-05	0.726
59.9774	104.16	694.8826079999999	3.38557e-05	9.53682e-07	3.38557e-05	2.244
60.3759	104.17	694.9493209999999	3.95777e-05	9.53682e-07	4.00546e-05	2.346
60.8083	104.18	695.016034	4.52998e-05	9.53682e-07	4.57766e-05	1.236
61.2722	104.19	695.0827469999999	5.00681e-05	1.90736e-06	5.00681e-05	2.652
61.7038	104.2	695.14946	5.19755e-05	9.53682e-07	5.19755e-05	1.458
62.1354	104.21	695.2161729999999	5.38828e-05	1.90736e-06	5.38828e-05	1.77
62.5828	104.22	695.282886	5.43597e-05	1.90736e-06	5.48365e-05	2.082
63.015	104.23	695.349599	5.29292e-05	1.43052e-06	5.24523e-05	1.8
63.4305	104.24	695.416312	5.00681e-05	9.53682e-07	5.0545e-05	0.762
63.8477	104.25	695.483025	4.72071e-05	9.53682e-07	4.67303e-05	1.626
64.2624	104.26	695.5497379999999	4.29156e-05	9.53682e-07	4.24387e-05	1.788
64.6949	104.27	695.616451	3.62399e-05	4.76841e-07	3.5763e-05	1.608
65.1111	104.28	695.6831639999999	3.19483e-05	9.53682e-07	3.19483e-05	2.388
65.5262	104.29	695.749877	2.76567e-05	9.53682e-07	2.71798e-05	2.79
65.9414	104.3	695.8165899999999	2.14578e-05	9.53682e-07	2.14578e-05	2.682
66.3586	104.31	695.883303	1.52589e-05	4.76841e-07	1.52589e-05	2.436
66.7905	104.32	695.9500159999999	1.00136e-05	-4.76841e-07	9.5368e-06	-1.974
67.2048	104.33	696.0167289999999	4.29156e-06	0.0	4.29156e-06	4.398
67.6221	104.34	696.083442	-4.76841e-07	-4.76841e-07	4.76841e-07	-135.0
68.0537	104.35	696.1501549999999	-5.72208e-06	-4.76841e-07	5.24524e-06	-176.424
68.485	104.36	696.216868	-9.05996e-06	0.0	8.58313e-06	180.0
68.9003	104.37	696.283581	-1.23978e-05	0.0	1.1921e-05	180.0
69.3335	104.38	696.350294	-1.57357e-05	-4.76841e-07	1.57357e-05	-178.806
69.7642	104.39	696.417007	-1.76431e-05	-9.53682e-07	1.66894e-05	-177.756
70.1968	104.4	696.48372	-1.85968e-05	-1.43052e-06	1.81199e-05	-176.88
70.6113	104.41	696.5504329999999	-1.81199e-05	-4.76841e-07	1.76431e-05	-178.956
71.0276	104.42	696.6171459999999	-1.66894e-05	-9.53682e-07	1.62126e-05	-177.666
71.4428	104.43	696.683859	-1.38283e-05	-4.76841e-07	1.33515e-05	-178.638
71.875	104.44	696.7505719999999	-1.23978e-05	0.0	1.1921e-05	180.0
72.292	104.45	696.817285	-9.5368e-06	-1.43052e-06	8.58313e-06	-171.57
72.7067	104.46	696.8839979999999	-6.67575e-06	-9.53682e-07	5.72208e-06	-176.82
73.1235	104.47	696.950711	-5.24524e-06	0.0	5.24524e-06	176.184
73.5547	104.48	697.017424	-3.33787e-06	-4.76841e-07	2.86104e-06	-168.69
73.9705	104.49	697.0841369999999	-1.43052e-06	0.0	9.53682e-07	180.0
74.387	104.5	697.15085	0.0	0.0	0.0	45.0
74.8188	104.51	697.217563	1.90736e-06	4.76841e-07	1.90736e-06	8.13
75.2506	104.52	697.284276	2.86104e-06	0.0	2.86104e-06	-6.342
75.6653	104.53	697.3509889999999	4.29156e-06	-4.76841e-07	4.7684e-06	-3.816
76.0824	104.54	697.417702	5.24524e-06	0.0	5.24524e-06	3.366
76.5133	104.55	697.4844149999999	5.24524e-06	4.76841e-07	5.24524e-06	7.122
76.9299	104.56	697.551128	6.19891e-06	0.0	6.19891e-06	0.0
77.3776	104.57	697.6178409999999	6.19891e-06	0.0	6.19891e-06	-2.862
77.7926	104.58	697.6845539999999	6.19891e-06	0.0	6.19891e-06	0.0
78.2095	104.59	697.751267	6.19891e-06	0.0	6.19891e-06	0.0
78.6238	104.6	697.8179799999999	7.62945e-06	0.0	7.15259e-06	0.0
79.0564	104.61	697.884693	5.72208e-06	4.76841e-07	5.72208e-06	3.18
79.472	104.62	697.951406	5.24524e-06	0.0	5.72208e-06	0.0
79.8886	104.63	698.018119	4.7684e-06	0.0	5.24524e-06	0.0
80.3194	104.64	698.084832	2.86104e-06	0.0	2.86104e-06	5.712
80.7351	104.65	698.1515449999999	2.3842e-06	0.0	2.3842e-06	7.122
81.152	104.66	698.2182579999999	4.76841e-07	0.0	9.53682e-07	0.0
81.5679	104.67	698.2849709999999	4.76841e-07	0.0	4.76841e-07	0.0
81.9835	104.68	698.351684	0.0	4.76841e-07	4.76841e-07	90.0
82.415	104.69	698.4183969999999	4.76841e-07	-4.76841e-07	4.76841e-07	0.0
82.8462	104.7	698.48511	0.0	4.76841e-07	4.76841e-07	45.0
83.263	104.71	698.5518229999999	9.53682e-07	9.53682e-07	1.43052e-06	36.87
83.6781	104.72	698.618536	9.53682e-07	4.76841e-07	9.53682e-07	26.562
84.1263	104.73	698.685249	9.53682e-07	4.76841e-07	9.53682e-07	26.562
84.5584	104.74	698.7519619999999	0.0	9.53682e-07	9.53682e-07	71.568
84.9737	104.75	698.818675	-4.76841e-07	0.0	0.0	135.0
85.3887	104.76	698.885388	-9.53682e-07	0.0	4.76841e-07	180.0
85.8051	104.77	698.952101	-1.43052e-06	0.0	9.53682e-07	180.0
86.2209	104.78	699.0188139999999	-1.43052e-06	0.0	9.53682e-07	180.0
86.6535	104.79	699.085527	-9.53682e-07	-4.76841e-07	9.53682e-07	-161.568
87.0685	104.8	699.1522399999999	0.0	-4.76841e-07	0.0	-90.0
87.4849	104.81	699.2189529999999	9.53682e-07	0.0	9.53682e-07	0.0
87.9171	104.82	699.2856659999999	1.43052e-06	0.0	1.43052e-06	11.31
88.3323	104.83	699.3523789999999	2.3842e-06	0.0	2.3842e-06	7.122
88.7471	104.84	699.419092	2.3842e-06	0.0	2.86104e-06	0.0
89.1958	104.85	699.4858049999999	2.86104e-06	4.76841e-07	2.86104e-06	7.122
89.6116	104.86	699.552518	2.86104e-06	0.0	2.86104e-06	0.0
90.0121	104.87	699.619231	2.86104e-06	0.0	2.86104e-06	0.0
90.4439	104.88	699.685944	3.81473e-06	0.0	3.81473e-06	0.0
90.9077	104.89	699.752657	3.81473e-06	-4.76841e-07	3.81473e-06	-4.398
91.3396	104.9	699.8193699999999	4.29156e-06	-4.76841e-07	4.29156e-06	-4.398
91.755	104.91	699.886083	4.29156e-06	0.0	4.29156e-06	0.0
92.1712	104.92	699.9527959999999	3.81473e-06	0.0	3.81473e-06	0.0
92.5859	104.93	700.019509	3.81473e-06	0.0	3.33787e-06	0.0
93.0188	104.94	700.0862219999999	3.33787e-06	0.0	3.33787e-06	9.462
93.4495	104.95	700.152935	3.33787e-06	-4.76841e-07	3.81473e-06	-9.462
93.8647	104.96	700.2196479999999	2.86104e-06	0.0	2.86104e-06	0.0
94.2812	104.97	700.2863609999999	2.86104e-06	4.76841e-07	2.3842e-06	14.034
94.7122	104.98	700.353074	2.86104e-06	0.0	2.3842e-06	0.0
95.1451	104.99	700.4197869999999	1.90736e-06	-1.43052e-06	2.3842e-06	-15.948
100.5674	105.0	700.4865	1.90736e-06	-9.53682e-07	1.90736e-06	-15.948
100.9988	105.01	700.553213	1.90736e-06	-4.76841e-07	1.90736e-06	-15.948
101.4138	105.02	700.619926	1.90736e-06	0.0	1.90736e-06	0.0
101.8296	105.03	700.686639	2.3842e-06	-4.76841e-07	1.90736e-06	-8.13
102.2458	105.04	700.753352	2.3842e-06	0.0	2.3842e-06	0.0
102.6623	105.05	700.8200649999999	9.53682e-07	0.0	4.76841e-07	-26.562
103.0784	105.06	700.8867779999999	-4.76841e-07	0.0	0.0	0.0
103.5094	105.07	700.9534909999999	-2.3842e-06	-4.76841e-07	1.90736e-06	-170.538
103.942	105.08	701.0202039999999	-4.7684e-06	0.0	4.29156e-06	175.914
104.3578	105.09	701.086917	-6.19891e-06	0.0	5.72208e-06	180.0
104.805	105.1	701.1536299999999	-8.58313e-06	-4.76841e-07	8.10629e-06	-177.798
105.2367	105.11	701.220343	-1.09673e-05	0.0	1.04905e-05	180.0
105.6681	105.12	701.287056	-1.38283e-05	0.0	1.33515e-05	178.602
106.1011	105.13	701.3537689999999	-1.57357e-05	-1.43052e-06	1.57357e-05	-176.346
106.5328	105.14	701.420482	-1.66894e-05	-9.53682e-07	1.62126e-05	-177.666
106.9474	105.15	701.487195	-1.76431e-05	-4.76841e-07	1.71663e-05	-178.896
107.4284	105.16	701.553908	-1.85968e-05	-4.76841e-07	1.81199e-05	180.0
107.8603	105.17	701.6206209999999	-1.85968e-05	-4.76841e-07	1.85968e-05	-178.98
108.3074	105.18	701.687334	-1.76431e-05	-9.53682e-07	1.71663e-05	-177.798
108.7387	105.19	701.7540469999999	-1.81199e-05	-4.76841e-07	1.76431e-05	-178.92
109.1544	105.2	701.82076	-1.62126e-05	0.0	1.57357e-05	178.806
109.5868	105.21	701.8874729999999	-1.4782e-05	-4.76841e-07	1.43052e-05	-178.698
110.002	105.22	701.9541859999999	-1.43052e-05	-9.53682e-07	1.38283e-05	-177.276
110.4338	105.23	702.020899	-1.33515e-05	-9.53682e-07	1.28747e-05	-175.602
110.851	105.24	702.0876119999999	-1.14442e-05	0.0	1.14442e-05	180.0
111.2668	105.25	702.154325	-1.14442e-05	-9.53682e-07	1.04905e-05	-176.424
111.6826	105.26	702.221038	-9.05996e-06	0.0	8.58313e-06	180.0
112.0969	105.27	702.287751	-6.19891e-06	-1.43052e-06	5.24524e-06	-169.992
112.5303	105.28	702.354464	-2.3842e-06	-9.53682e-07	2.3842e-06	-165.966
112.945	105.29	702.421177	9.53682e-07	0.0	9.53682e-07	14.034
113.4099	105.3	702.4878899999999	6.19891e-06	9.53682e-07	6.67575e-06	2.724
113.8251	105.31	702.5546029999999	1.14442e-05	0.0	1.1921e-05	0.0
114.2412	105.32	702.6213159999999	1.62126e-05	0.0	1.62126e-05	0.0
114.6735	105.33	702.6880289999999	2.05041e-05	4.76841e-07	2.0981e-05	1.788
115.0881	105.34	702.754742	2.52725e-05	9.53682e-07	2.57493e-05	2.934
115.5211	105.35	702.8214549999999	2.81335e-05	9.53682e-07	2.81335e-05	1.35
115.9521	105.36	702.888168	3.00409e-05	9.53682e-07	3.00409e-05	1.89
116.3672	105.37	702.954881	3.09946e-05	9.53682e-07	3.05178e-05	2.49
116.8005	105.38	703.0215939999999	3.05178e-05	4.76841e-07	3.05178e-05	1.848
117.2317	105.39	703.088307	2.9564e-05	4.76841e-07	2.9564e-05	1.908
117.6637	105.4	703.15502	2.62262e-05	0.0	2.62262e-05	0.732
118.08	105.41	703.221733	2.43188e-05	0.0	2.43188e-05	0.774
118.4951	105.42	703.288446	2.0981e-05	0.0	2.0981e-05	0.894
118.8943	105.43	703.355159	1.85968e-05	4.76841e-07	1.90736e-05	1.974
119.3274	105.44	703.4218719999999	1.62126e-05	9.53682e-07	1.62126e-05	4.668
119.7435	105.45	703.488585	1.28747e-05	4.76841e-07	1.33515e-05	2.79
120.1898	105.46	703.5552979999999	1.04905e-05	4.76841e-07	1.04905e-05	1.848
120.5909	105.47	703.6220109999999	7.15259e-06	0.0	7.15259e-06	0.0
121.0057	105.48	703.688724	4.29156e-06	0.0	4.29156e-06	0.0
121.4224	105.49	703.7554369999999	1.43052e-06	0.0	9.53682e-07	0.0
121.8535	105.5	703.82215	-1.43052e-06	4.76841e-07	9.53682e-07	153.438
122.2693	105.51	703.888863	-2.86104e-06	0.0	1.90736e-06	180.0
122.6845	105.52	703.955576	-4.29156e-06	0.0	3.81473e-06	180.0
123.1169	105.53	704.022289	-5.24524e-06	-4.76841e-07	4.7684e-06	-176.184
123.5335	105.54	704.089002	-5.72208e-06	0.0	5.24524e-06	180.0
123.9483	105.55	704.155715	-6.67575e-06	0.0	6.19891e-06	180.0
124.3638	105.56	704.2224279999999	-6.67575e-06	0.0	6.67575e-06	180.0
124.7968	105.57	704.2891409999999	-8.10629e-06	-1.43052e-06	7.62945e-06	-172.566
125.2288	105.58	704.3558539999999	-7.62945e-06	-9.53682e-07	7.62945e-06	-177.51
125.6593	105.59	704.422567	-7.15259e-06	-1.43052e-06	6.67575e-06	-171.87
126.0752	105.6	704.4892799999999	-8.10629e-06	0.0	7.62945e-06	-177.51
126.4912	105.61	704.555993	-6.67575e-06	-9.53682e-07	6.67575e-06	-174.558
126.94	105.62	704.622706	-7.15259e-06	-4.76841e-07	6.67575e-06	-177.138
127.3704	105.63	704.6894189999999	-5.72208e-06	0.0	5.24524e-06	180.0
127.8035	105.64	704.756132	-3.33787e-06	0.0	2.86104e-06	180.0
128.2513	105.65	704.822845	-1.43052e-06	4.76841e-07	9.53682e-07	146.31
128.6658	105.66	704.889558	4.76841e-07	0.0	9.53682e-07	18.432
129.0829	105.67	704.956271	2.3842e-06	0.0	2.3842e-06	0.0
129.5137	105.68	705.022984	4.29156e-06	-4.76841e-07	3.81473e-06	-4.764
129.9292	105.69	705.0896969999999	4.7684e-06	4.76841e-07	4.7684e-06	3.816
130.3454	105.7	705.1564099999999	5.24524e-06	0.0	5.24524e-06	3.366
130.7771	105.71	705.2231229999999	5.24524e-06	0.0	5.24524e-06	0.0
131.1938	105.72	705.2898359999999	6.19891e-06	0.0	5.72208e-06	3.18
131.6251	105.73	705.356549	4.7684e-06	-4.76841e-07	5.24524e-06	-3.576
132.0577	105.74	705.4232619999999	4.29156e-06	9.53682e-07	4.7684e-06	12.096
132.4735	105.75	705.489975	3.81473e-06	0.0	3.81473e-06	9.462
132.9038	105.76	705.556688	2.3842e-06	-4.76841e-07	1.90736e-06	-8.13
133.3204	105.77	705.623401	2.3842e-06	0.0	2.3842e-06	-7.122
133.721	105.78	705.690114	1.90736e-06	0.0	1.90736e-06	0.0
134.1527	105.79	705.756827	1.90736e-06	-4.76841e-07	1.90736e-06	-9.462
134.5526	105.8	705.82354	9.53682e-07	0.0	9.53682e-07	0.0
134.9836	105.81	705.8902529999999	9.53682e-07	0.0	9.53682e-07	0.0
135.3994	105.82	705.9569659999999	4.76841e-07	0.0	4.76841e-07	26.562
135.8321	105.83	706.0236789999999	4.76841e-07	0.0	0.0	0.0
136.2478	105.84	706.090392	-1.43052e-06	0.0	9.53682e-07	180.0
136.6951	105.85	706.1571049999999	-1.43052e-06	0.0	9.53682e-07	180.0
137.1104	105.86	706.2238179999999	-2.3842e-06	0.0	1.90736e-06	180.0
137.5273	105.87	706.290531	-1.90736e-06	0.0	1.90736e-06	180.0
137.9591	105.88	706.3572439999999	-1.90736e-06	0.0	1.43052e-06	153.438
138.3904	105.89	706.423957	-2.3842e-06	-4.76841e-07	1.90736e-06	-170.538
138.8067	105.9	706.49067	-2.3842e-06	0.0	1.90736e-06	180.0
139.2377	105.91	706.557383	-2.3842e-06	0.0	1.90736e-06	180.0
139.6526	105.92	706.624096	-1.43052e-06	0.0	9.53682e-07	165.966
140.0692	105.93	706.690809	-4.76841e-07	-9.53682e-07	4.76841e-07	-90.0
140.5012	105.94	706.757522	0.0	-4.76841e-07	4.76841e-07	-45.0
140.9337	105.95	706.8242349999999	-9.53682e-07	-4.76841e-07	4.76841e-07	-153.438
141.3494	105.96	706.8909479999999	-4.76841e-07	0.0	0.0	135.0
141.7816	105.97	706.9576609999999	0.0	0.0	4.76841e-07	26.562
142.2135	105.98	707.024374	1.43052e-06	-4.76841e-07	9.53682e-07	0.0
142.629	105.99	707.0910869999999	4.76841e-07	0.0	9.53682e-07	0.0
148.0338	106.0	707.1578	9.53682e-07	0.0	9.53682e-07	0.0
148.4488	106.01	707.224513	4.76841e-07	0.0	4.76841e-07	0.0
148.8491	106.02	707.2912259999999	4.76841e-07	0.0	4.76841e-07	0.0
149.2491	106.03	707.357939	4.76841e-07	0.0	0.0	0.0
149.6499	106.04	707.424652	0.0	0.0	0.0	180.0
150.0648	106.05	707.491365	-4.76841e-07	0.0	4.76841e-07	153.438
150.4805	106.06	707.558078	-1.43052e-06	0.0	9.53682e-07	180.0
150.8973	106.07	707.624791	-1.43052e-06	0.0	9.53682e-07	180.0
151.3135	106.08	707.6915039999999	-1.43052e-06	9.53682e-07	9.53682e-07	146.31
151.793	106.09	707.758217	-1.90736e-06	-4.76841e-07	9.53682e-07	-165.966
152.2088	106.1	707.8249299999999	-9.53682e-07	0.0	4.76841e-07	180.0
152.6238	106.11	707.8916429999999	-1.90736e-06	0.0	1.90736e-06	170.538
153.0725	106.12	707.958356	-2.3842e-06	-9.53682e-07	1.90736e-06	-161.568
153.4866	106.13	708.0250689999999	-1.90736e-06	-9.53682e-07	1.43052e-06	-149.034
153.9187	106.14	708.091782	-1.43052e-06	-4.76841e-07	9.53682e-07	-161.568
154.3343	106.15	708.158495	-2.3842e-06	-4.76841e-07	2.3842e-06	-171.87
154.7517	106.16	708.225208	-2.3842e-06	0.0	1.90736e-06	180.0
155.1667	106.17	708.291921	-1.43052e-06	0.0	1.43052e-06	180.0
155.5828	106.18	708.358634	-2.3842e-06	0.0	1.90736e-06	180.0
156.0137	106.19	708.425347	-1.43052e-06	-4.76841e-07	9.53682e-07	-161.568
156.431	106.2	708.4920599999999	-4.76841e-07	4.76841e-07	4.76841e-07	90.0
156.8455	106.21	708.5587729999999	9.53682e-07	0.0	9.53682e-07	14.034
157.2626	106.22	708.6254859999999	1.90736e-06	0.0	1.90736e-06	0.0
157.7092	106.23	708.692199	2.3842e-06	9.53682e-07	1.90736e-06	14.034
158.1424	106.24	708.7589119999999	2.86104e-06	0.0	2.86104e-06	5.712
158.59	106.25	708.825625	4.7684e-06	4.76841e-07	4.7684e-06	7.596
159.0218	106.26	708.892338	4.7684e-06	4.76841e-07	4.7684e-06	3.816
159.4376	106.27	708.9590509999999	4.7684e-06	0.0	4.7684e-06	0.0
159.8518	106.28	709.025764	4.29156e-06	-4.76841e-07	4.29156e-06	-4.398
160.2838	106.29	709.092477	3.33787e-06	-4.76841e-07	3.33787e-06	0.0
160.7169	106.3	709.15919	2.86104e-06	0.0	2.86104e-06	6.342
161.1489	106.31	709.225903	1.90736e-06	-9.53682e-07	1.90736e-06	-8.13
161.5798	106.32	709.292616	1.43052e-06	0.0	1.90736e-06	-9.462
162.0125	106.33	709.3593289999999	1.43052e-06	-9.53682e-07	9.53682e-07	-14.034
162.4604	106.34	709.4260419999999	1.90736e-06	4.76841e-07	1.90736e-06	18.432
162.8914	106.35	709.4927549999999	1.43052e-06	-4.76841e-07	1.43052e-06	-9.462
163.3238	106.36	709.5594679999999	1.43052e-06	-4.76841e-07	1.90736e-06	0.0
163.7549	106.37	709.626181	9.53682e-07	9.53682e-07	1.43052e-06	36.87
164.1876	106.38	709.6928939999999	1.43052e-06	0.0	1.43052e-06	0.0
164.603	106.39	709.759607	1.90736e-06	0.0	1.90736e-06	0.0
165.0182	106.4	709.82632	9.53682e-07	0.0	9.53682e-07	0.0
165.4191	106.41	709.893033	9.53682e-07	0.0	4.76841e-07	-26.562
165.8188	106.42	709.959746	0.0	0.0	0.0	-90.0
166.2187	106.43	710.026459	0.0	0.0	0.0	90.0
166.6171	106.44	710.093172	0.0	0.0	0.0	0.0
167.0183	106.45	710.1598849999999	-4.76841e-07	0.0	0.0	180.0
167.433	106.46	710.226598	-1.43052e-06	0.0	4.76841e-07	153.438
167.8325	106.47	710.2933109999999	0.0	0.0	0.0	0.0
168.2648	106.48	710.360024	4.76841e-07	0.0	4.76841e-07	26.562
168.6816	106.49	710.4267369999999	1.43052e-06	0.0	1.43052e-06	0.0
169.097	106.5	710.4934499999999	1.90736e-06	0.0	1.90736e-06	8.13
169.5278	106.51	710.560163	2.86104e-06	-4.76841e-07	2.86104e-06	-6.342
169.9439	106.52	710.6268759999999	1.90736e-06	0.0	1.90736e-06	0.0
170.3768	106.53	710.693589	2.3842e-06	0.0	2.3842e-06	7.122
170.7926	106.54	710.760302	1.90736e-06	-4.76841e-07	1.90736e-06	-9.462
171.2077	106.55	710.827015	9.53682e-07	0.0	9.53682e-07	14.034
171.6238	106.56	710.893728	0.0	0.0	0.0	45.0
172.0873	106.57	710.960441	-9.53682e-07	-9.53682e-07	4.76841e-07	-135.0
172.503	106.58	711.027154	-2.3842e-06	0.0	1.90736e-06	170.538
172.9349	106.59	711.0938669999999	-2.86104e-06	-4.76841e-07	2.86104e-06	-167.472
173.3506	106.6	711.1605799999999	-3.33787e-06	0.0	2.86104e-06	180.0
173.7835	106.61	711.2272929999999	-3.33787e-06	-4.76841e-07	2.86104e-06	-174.804
174.1991	106.62	711.294006	-3.81473e-06	0.0	3.33787e-06	180.0
174.6294	106.63	711.3607189999999	-4.29156e-06	0.0	3.33787e-06	174.804
175.0621	106.64	711.427432	-2.86104e-06	0.0	2.3842e-06	165.966
175.4782	106.65	711.494145	-2.86104e-06	0.0	2.3842e-06	180.0
175.91	106.66	711.5608579999999	-3.33787e-06	-4.76841e-07	2.86104e-06	-173.658
176.3411	106.67	711.627571	-2.3842e-06	-4.76841e-07	1.43052e-06	-168.69
176.7895	106.68	711.694284	-2.3842e-06	-9.53682e-07	2.3842e-06	-173.658
177.2051	106.69	711.760997	-3.33787e-06	-4.76841e-07	2.86104e-06	-174.288
177.6204	106.7	711.82771	-4.7684e-06	4.76841e-07	4.29156e-06	171.252
178.0535	106.71	711.894423	-3.81473e-06	-4.76841e-07	3.81473e-06	-175.236
178.4682	106.72	711.9611359999999	-4.7684e-06	0.0	4.29156e-06	180.0
178.8838	106.73	712.027849	-3.81473e-06	0.0	3.33787e-06	174.804
179.3012	106.74	712.0945619999999	-4.7684e-06	0.0	4.29156e-06	180.0
179.7327	106.75	712.1612749999999	-3.33787e-06	0.0	2.86104e-06	180.0
180.1472	106.76	712.227988	-3.33787e-06	4.76841e-07	2.86104e-06	167.472
180.5484	106.77	712.2947009999999	-2.3842e-06	0.0	1.90736e-06	171.87
180.9633	106.78	712.361414	-2.3842e-06	0.0	1.90736e-06	180.0
181.3795	106.79	712.428127	-2.3842e-06	0.0	1.90736e-06	170.538
181.795	106.8	712.49484	-2.3842e-06	0.0	1.90736e-06	171.87
182.2428	106.81	712.561553	-1.43052e-06	0.0	9.53682e-07	-165.966
182.6749	106.82	712.6282659999999	-1.43052e-06	0.0	9.53682e-07	165.966
183.1072	106.83	712.694979	-2.3842e-06	-1.43052e-06	1.90736e-06	-153.438
183.523	106.84	712.7616919999999	-1.90736e-06	0.0	1.43052e-06	180.0
183.9538	106.85	712.8284049999999	-2.3842e-06	0.0	1.90736e-06	170.538
184.3858	106.86	712.8951179999999	-2.86104e-06	0.0	1.90736e-06	171.87
184.8337	106.87	712.961831	-3.33787e-06	-4.76841e-07	2.86104e-06	-173.658
185.2499	106.88	713.0285439999999	-2.3842e-06	0.0	1.90736e-06	180.0
185.665	106.89	713.095257	-2.86104e-06	-9.53682e-07	1.90736e-06	-164.052
186.0979	106.9	713.16197	-2.3842e-06	0.0	1.90736e-06	170.538
186.5136	106.91	713.2286829999999	-1.43052e-06	0.0	1.43052e-06	165.966
186.9451	106.92	713.295396	-9.53682e-07	0.0	4.76841e-07	153.438
187.3614	106.93	713.362109	-1.43052e-06	0.0	4.76841e-07	180.0
187.7772	106.94	713.428822	-4.76841e-07	0.0	0.0	180.0
188.2089	106.95	713.495535	-1.43052e-06	0.0	9.53682e-07	161.568
188.6389	106.96	713.562248	-9.53682e-07	0.0	4.76841e-07	153.438
189.0725	106.97	713.6289609999999	-1.43052e-06	0.0	4.76841e-07	153.438
189.4874	106.98	713.6956739999999	-2.3842e-06	0.0	1.90736e-06	180.0
189.9036	106.99	713.7623869999999	-2.86104e-06	-4.76841e-07	2.86104e-06	-173.658
195.3249	107.0	713.8290999999999	-3.33787e-06	0.0	3.33787e-06	180.0
195.7721	107.01	713.895813	-4.29156e-06	-4.76841e-07	4.29156e-06	-175.602
196.1896	107.02	713.9625259999999	-5.24524e-06	0.0	5.24524e-06	180.0
196.6532	107.03	714.029239	-6.67575e-06	-9.53682e-07	6.19891e-06	-173.988
197.0838	107.04	714.095952	-8.58313e-06	-4.76841e-07	8.10629e-06	-177.612
197.516	107.05	714.162665	-8.10629e-06	-4.76841e-07	7.62945e-06	180.0
197.9488	107.06	714.229378	-8.10629e-06	0.0	7.62945e-06	-177.708
198.3637	107.07	714.2960909999999	-9.05996e-06	0.0	8.58313e-06	180.0
198.8114	107.08	714.362804	-1.00136e-05	-9.53682e-07	9.5368e-06	-178.092
199.2598	107.09	714.429517	-1.09673e-05	0.0	1.09673e-05	176.532
199.6746	107.1	714.49623	-1.28747e-05	-9.53682e-07	1.1921e-05	-175.362
200.092	107.11	714.5629429999999	-1.23978e-05	0.0	1.23978e-05	178.494
200.5383	107.12	714.629656	-1.33515e-05	-9.53682e-07	1.28747e-05	-178.53
200.955	107.13	714.6963689999999	-1.52589e-05	0.0	1.43052e-05	178.698
201.3857	107.14	714.7630819999999	-1.52589e-05	-4.76841e-07	1.43052e-05	-178.698
201.8026	107.15	714.829795	-1.62126e-05	-1.43052e-06	1.62126e-05	-177.612
202.2498	107.16	714.8965079999999	-1.57357e-05	0.0	1.52589e-05	178.752
202.6826	107.17	714.963221	-1.62126e-05	-9.53682e-07	1.52589e-05	-177.564
203.0985	107.18	715.029934	-1.4782e-05	0.0	1.43052e-05	180.0
203.5133	107.19	715.096647	-1.38283e-05	-4.76841e-07	1.33515e-05	-178.602
203.9298	107.2	715.16336	-1.28747e-05	-4.76841e-07	1.23978e-05	180.0
204.3619	107.21	715.230073	-1.04905e-05	-1.43052e-06	1.00136e-05	-174.642
204.7926	107.22	715.296786	-9.5368e-06	-1.43052e-06	8.58313e-06	-173.658
205.2408	107.23	715.3634989999999	-5.72208e-06	-1.43052e-06	5.24524e-06	-169.38
205.6572	107.24	715.4302119999999	-1.90736e-06	0.0	9.53682e-07	165.966
206.0735	107.25	715.4969249999999	1.43052e-06	0.0	1.43052e-06	0.0
206.5038	107.26	715.563638	5.24524e-06	-4.76841e-07	4.7684e-06	0.0
206.9209	107.27	715.6303509999999	9.05996e-06	0.0	9.05996e-06	2.046
207.336	107.28	715.697064	1.33515e-05	0.0	1.38283e-05	2.664
207.7838	107.29	715.763777	1.62126e-05	0.0	1.66894e-05	1.122
208.2154	107.3	715.8304899999999	1.85968e-05	4.76841e-07	1.85968e-05	2.01
208.6478	107.31	715.897203	2.0981e-05	0.0	2.0981e-05	0.882
209.0951	107.32	715.9639159999999	2.28883e-05	9.53682e-07	2.28883e-05	2.49
209.5276	107.33	716.030629	2.28883e-05	4.76841e-07	2.28883e-05	2.49
209.9738	107.34	716.097342	2.28883e-05	9.53682e-07	2.28883e-05	2.49
210.4073	107.35	716.164055	2.19346e-05	9.53682e-07	2.24115e-05	3.318
210.8071	107.36	716.2307679999999	2.0981e-05	0.0	2.0981e-05	0.912
211.2229	107.37	716.297481	2.0981e-05	4.76841e-07	2.0981e-05	1.818
211.6387	107.38	716.3641939999999	1.85968e-05	0.0	1.85968e-05	1.02
212.0538	107.39	716.4309069999999	1.62126e-05	0.0	1.66894e-05	2.244
212.4704	107.4	716.49762	1.52589e-05	4.76841e-07	1.4782e-05	2.544
212.9182	107.41	716.5643329999999	1.23978e-05	4.76841e-07	1.23978e-05	3.012
213.3332	107.42	716.631046	1.09673e-05	0.0	1.09673e-05	1.734
213.7487	107.43	716.697759	9.05996e-06	0.0	9.05996e-06	0.0
214.164	107.44	716.764472	8.58313e-06	4.76841e-07	8.58313e-06	4.236
214.5801	107.45	716.831185	7.62945e-06	0.0	7.62945e-06	2.49
214.9961	107.46	716.8978979999999	6.67575e-06	4.76841e-07	7.15259e-06	5.196
215.4275	107.47	716.964611	5.72208e-06	-4.76841e-07	5.72208e-06	-3.18
215.8438	107.48	717.0313239999999	4.29156e-06	0.0	4.29156e-06	0.0
216.2601	107.49	717.0980369999999	4.29156e-06	0.0	4.29156e-06	0.0
216.6755	107.5	717.1647499999999	1.90736e-06	0.0	1.90736e-06	0.0
217.1084	107.51	717.231463	1.43052e-06	-4.76841e-07	1.43052e-06	-9.462
217.5394	107.52	717.2981759999999	9.53682e-07	-4.76841e-07	9.53682e-07	-18.432
217.955	107.53	717.364889	0.0	0.0	0.0	90.0
218.3867	107.54	717.431602	-1.43052e-06	0.0	9.53682e-07	161.568
218.8035	107.55	717.4983149999999	-1.90736e-06	0.0	9.53682e-07	165.966
219.2194	107.56	717.565028	-1.90736e-06	0.0	1.43052e-06	180.0
219.6672	107.57	717.6317409999999	-9.53682e-07	-4.76841e-07	9.53682e-07	-165.966
220.0822	107.58	717.698454	-1.43052e-06	4.76841e-07	9.53682e-07	161.568
220.5306	107.59	717.765167	-9.53682e-07	-4.76841e-07	4.76841e-07	180.0
220.9779	107.6	717.83188	4.76841e-07	9.53682e-07	9.53682e-07	56.31
221.4098	107.61	717.898593	1.43052e-06	0.0	9.53682e-07	26.562
221.8254	107.62	717.9653059999999	1.90736e-06	0.0	1.90736e-06	7.122
222.2579	107.63	718.0320189999999	3.81473e-06	0.0	3.81473e-06	4.764
222.69	107.64	718.0987319999999	5.24524e-06	0.0	5.24524e-06	3.366
223.1361	107.65	718.165445	6.67575e-06	-9.53682e-07	6.67575e-06	-8.13
223.5376	107.66	718.2321579999999	8.58313e-06	0.0	8.58313e-06	0.0
223.985	107.67	718.298871	1.04905e-05	4.76841e-07	1.04905e-05	1.788
224.4173	107.68	718.365584	1.23978e-05	4.76841e-07	1.28747e-05	2.934
224.8313	107.69	718.432297	1.38283e-05	4.76841e-07	1.43052e-05	2.664
225.2329	107.7	718.49901	1.62126e-05	0.0	1.62126e-05	0.0
225.68	107.71	718.5657229999999	1.85968e-05	1.43052e-06	1.85968e-05	6.012
226.0806	107.72	718.632436	2.19346e-05	0.0	2.19346e-05	0.0
226.5124	107.73	718.699149	2.3842e-05	9.53682e-07	2.43188e-05	2.352
226.9272	107.74	718.765862	2.52725e-05	4.76841e-07	2.52725e-05	1.506
227.3921	107.75	718.8325749999999	2.71798e-05	9.53682e-07	2.76567e-05	2.76
227.8079	107.76	718.899288	2.81335e-05	0.0	2.76567e-05	1.35
228.2237	107.77	718.9660009999999	2.90872e-05	9.53682e-07	2.90872e-05	2.604
228.6388	107.78	719.0327139999999	2.9564e-05	4.76841e-07	2.9564e-05	0.636
229.0709	107.79	719.099427	2.9564e-05	9.53682e-07	2.9564e-05	1.932
229.5031	107.8	719.1661399999999	3.09946e-05	9.53682e-07	3.09946e-05	2.46
229.9338	107.81	719.232853	3.09946e-05	9.53682e-07	3.09946e-05	1.83
230.3658	107.82	719.2995659999999	3.19483e-05	4.76841e-07	3.19483e-05	1.788
230.7985	107.83	719.366279	3.24252e-05	4.76841e-07	3.24252e-05	1.158
231.2292	107.84	719.432992	3.43325e-05	9.53682e-07	3.43325e-05	2.226
231.645	107.85	719.499705	3.43325e-05	4.76841e-07	3.43325e-05	0.552
232.062	107.86	719.566418	3.52862e-05	4.76841e-07	3.5763e-05	1.062
232.4929	107.87	719.6331309999999	3.5763e-05	1.90736e-06	3.5763e-05	2.652
232.9091	107.88	719.6998439999999	3.5763e-05	1.43052e-06	3.5763e-05	2.628
233.3574	107.89	719.7665569999999	3.71935e-05	9.53682e-07	3.71935e-05	1.02
233.8038	107.9	719.83327	3.71935e-05	9.53682e-07	3.71935e-05	1.536
234.236	107.91	719.8999829999999	3.62399e-05	9.53682e-07	3.62399e-05	1.56
234.6688	107.92	719.966696	3.8624e-05	1.43052e-06	3.8624e-05	2.448
235.0995	107.93	720.033409	3.81472e-05	9.53682e-07	3.81472e-05	1.992
235.5153	107.94	720.1001219999999	3.8624e-05	1.43052e-06	3.8624e-05	2.448
235.9313	107.95	720.166835	3.95777e-05	9.53682e-07	3.95777e-05	1.89
236.3799	107.96	720.2335479999999	4.19619e-05	4.76841e-07	4.19619e-05	1.35
236.8117	107.97	720.300261	4.48229e-05	9.53682e-07	4.52998e-05	1.686
237.2435	107.98	720.366974	4.86376e-05	4.76841e-07	4.86376e-05	1.176
237.6896	107.99	720.433687	5.38828e-05	1.43052e-06	5.43597e-05	1.734
243.113	108.0	720.5003999999999	6.2943e-05	1.90736e-06	6.2943e-05	2.112
243.5437	108.01	720.567113	7.29566e-05	1.90736e-06	7.39102e-05	2.064
243.9765	108.02	720.6338259999999	8.39238e-05	1.43052e-06	8.48775e-05	1.116
244.3924	108.03	720.7005389999999	9.77521e-05	1.90736e-06	9.82289e-05	1.362
244.8082	108.04	720.767252	0.000112534	2.3842e-06	0.000113488	1.338
245.2384	108.05	720.8339649999999	0.000131131	3.81473e-06	0.000132085	1.578
245.6719	108.06	720.900678	0.000150205	3.81473e-06	0.000151158	1.632
246.0877	108.07	720.9673909999999	0.000174523	4.7684e-06	0.000175954	1.626
246.5196	108.08	721.034104	0.000199796	6.19891e-06	0.000201226	1.884
246.9823	108.09	721.100817	0.000228883	6.19891e-06	0.000230313	1.65
247.3989	108.1	721.1675299999999	0.000257494	7.15259e-06	0.000258924	1.692
247.8309	108.11	721.234243	0.000281813	7.62945e-06	0.000282766	1.686
248.2791	108.12	721.3009559999999	0.000308516	9.05996e-06	0.000308992	1.794
248.7105	108.13	721.367669	0.000324251	1.00136e-05	0.000325205	1.872
249.1253	108.14	721.4343819999999	0.00033951	9.5368e-06	0.000339987	1.68
249.5581	108.15	721.501095	0.000355246	1.09673e-05	0.000357153	1.71
249.973	108.16	721.5678079999999	0.000365259	1.09673e-05	0.000365259	1.722
250.3892	108.17	721.634521	0.00037575	1.14442e-05	0.000376226	1.776
250.804	108.18	721.701234	0.000380518	1.14442e-05	0.000380995	1.806
251.2215	108.19	721.7679469999999	0.000377657	1.09673e-05	0.00037718	1.668
251.6693	108.2	721.83466	0.000367643	1.04905e-05	0.000365736	1.674
252.1001	108.21	721.9013729999999	0.00034857	1.09673e-05	0.000348093	1.812
252.5161	108.22	721.968086	0.000328543	9.5368e-06	0.000327589	1.746
252.9327	108.23	722.034799	0.000298502	9.05996e-06	0.000298502	1.854
253.3485	108.24	722.101512	0.000253202	7.15259e-06	0.000251295	1.602
253.8124	108.25	722.168225	0.000174523	5.24524e-06	0.000169755	1.83
254.2438	108.26	722.2349379999999	8.05859e-05	1.90736e-06	7.62944e-05	1.53
254.6752	108.27	722.3016509999999	-4.00546e-05	-1.43052e-06	4.62534e-05	-178.014
255.1399	108.28	722.3683639999999	-0.000177384	-6.19891e-06	0.000187398	-178.206
255.5707	108.29	722.435077	-0.000336172	-1.00136e-05	0.000345709	-178.302
256.0021	108.3	722.5017899999999	-0.000496868	-1.62126e-05	0.000504497	-178.158
256.4338	108.31	722.568503	-0.000658993	-2.00273e-05	0.000666622	-178.284
256.8661	108.32	722.6352159999999	-0.000816349	-2.47956e-05	0.000824932	-178.314
257.2988	108.33	722.701929	-0.000939373	-2.81335e-05	0.000943188	-178.32
257.7294	108.34	722.768642	-0.00102998	-3.09946e-05	0.00104047	-178.296
258.1454	108.35	722.8353549999999	-0.00110675	-3.38557e-05	0.00111056	-178.266
258.5614	108.36	722.902068	-0.00113583	-3.5763e-05	0.00113583	-178.218
258.9938	108.37	722.968781	-0.00117446	-3.62399e-05	0.0011778	-178.248
259.4248	108.38	723.035494	-0.00117875	-3.5763e-05	0.00118018	-178.284
259.8736	108.39	723.1022069999999	-0.00114346	-3.52862e-05	0.00113822	-178.248
260.305	108.4	723.16892	-0.00105668	-3.24252e-05	0.00105	-178.254
260.7522	108.41	723.2356329999999	-0.000971321	-2.9564e-05	0.000967506	-178.26
261.1836	108.42	723.302346	-0.000881676	-2.76567e-05	0.00087643	-178.23
261.6168	108.43	723.369059	-0.000787739	-2.47956e-05	0.00078154	-178.236
262.0487	108.44	723.4357719999999	-0.000669483	-2.05041e-05	0.000664238	-178.242
262.4638	108.45	723.502485	-0.000531677	-1.57357e-05	0.000524525	-178.32
262.8792	108.46	723.5691979999999	-0.000365736	-1.04905e-05	0.000357153	-178.386
263.3279	108.47	723.635911	-0.000160218	-5.24524e-06	0.000144959	-178.086
263.7598	108.48	723.702624	5.96049e-05	1.90736e-06	6.96187e-05	1.8
264.1751	108.49	723.769337	0.000296595	8.58313e-06	0.000307085	1.656
264.5904	108.5	723.83605	0.000528816	1.52589e-05	0.00054026	1.716
265.0058	108.51	723.9027629999999	0.000761513	2.24115e-05	0.000769142	1.68
265.4389	108.52	723.9694759999999	0.000970844	2.90872e-05	0.000985153	1.716
265.8539	108.53	724.0361889999999	0.00114775	3.48093e-05	0.00115681	1.746
266.2538	108.54	724.102902	0.00131131	3.95777e-05	0.00131989	1.734
266.6705	108.55	724.1696149999999	0.00143386	4.29156e-05	0.00143958	1.722
267.1025	108.56	724.236328	0.00151778	4.62534e-05	0.00151969	1.746
267.5173	108.57	724.3030409999999	0.00154019	4.52998e-05	0.0015421	1.692
267.9492	108.58	724.369754	0.00153542	4.62534e-05	0.00153447	1.728
268.3819	108.59	724.436467	0.00148583	4.38693e-05	0.00148822	1.692
268.8136	108.6	724.5031799999999	0.00139046	4.10082e-05	0.0013814	1.716
269.2448	108.61	724.569893	0.00124741	3.71935e-05	0.00124455	1.722
269.6772	108.62	724.636606	0.00111867	3.2902e-05	0.00111104	1.722
270.1238	108.63	724.703319	0.000956062	2.86103e-05	0.000947479	1.776
270.5568	108.64	724.7700319999999	0.000804905	2.43188e-05	0.000795845	1.758
270.9718	108.65	724.836745	0.000647549	1.90736e-05	0.000639919	1.734
271.3872	108.66	724.9034579999999	0.000486376	1.43052e-05	0.000476362	1.734
271.8198	108.67	724.9701709999999	0.000354769	1.04905e-05	0.000348093	1.716
272.2521	108.68	725.036884	0.000225068	6.19891e-06	0.000214578	1.524
272.6831	108.69	725.1035969999999	0.000102997	3.33787e-06	9.53679e-05	2.028
273.1138	108.7	725.17031	5.24524e-06	-9.53682e-07	9.53682e-07	-149.034
273.5295	108.71	725.2370229999999	-8.01091e-05	-2.3842e-06	8.39238e-05	-178.434
273.962	108.72	725.303736	-0.000154019	-4.7684e-06	0.00015688	-178.44
274.3775	108.73	725.370449	-0.000223638	-6.67575e-06	0.000226975	-178.326
274.8255	108.74	725.437162	-0.000285627	-8.10629e-06	0.000288965	-178.422
275.2427	108.75	725.503875	-0.000340464	-1.09673e-05	0.000342848	-178.17
275.6902	108.76	725.570588	-0.000384333	-1.23978e-05	0.00038767	-178.182
276.105	108.77	725.637301	-0.000418665	-1.33515e-05	0.000419619	-178.182
276.5382	108.78	725.7040139999999	-0.000425341	-1.28747e-05	0.000424387	-178.242
276.9529	108.79	725.770727	-0.000409128	-1.23978e-05	0.000409128	-178.272
277.3699	108.8	725.8374399999999	-0.00038767	-1.1921e-05	0.000384809	-178.308
277.8174	108.81	725.904153	-0.000336649	-1.04905e-05	0.000334742	-178.29
278.2484	108.82	725.9708659999999	-0.000287535	-9.05996e-06	0.00028515	-178.254
278.6795	108.83	726.0375789999999	-0.000219346	-6.67575e-06	0.000215531	-178.308
279.097	108.84	726.104292	-0.000151635	-4.7684e-06	0.00014782	-178.314
279.5438	108.85	726.1710049999999	-7.29566e-05	-1.90736e-06	6.91419e-05	-178.878
279.9596	108.86	726.237718	3.33787e-06	0.0	6.67575e-06	0.0
280.4085	108.87	726.304431	7.62944e-05	1.90736e-06	7.96323e-05	1.872
280.8226	108.88	726.371144	0.000134946	4.29156e-06	0.000136853	1.794
281.2551	108.89	726.437857	0.000179769	4.7684e-06	0.000181199	1.668
281.6871	108.9	726.50457	0.00021124	6.19891e-06	0.00021267	1.788
282.1029	108.91	726.5712829999999	0.0002203	7.15259e-06	0.0002203	1.992
282.5187	108.92	726.6379959999999	0.000221253	6.19891e-06	0.000221253	1.806
282.9504	108.93	726.704709	0.0002203	6.19891e-06	0.000219823	1.74
283.3671	108.94	726.7714219999999	0.000215531	5.72208e-06	0.000215531	1.506
283.7983	108.95	726.838135	0.000209332	5.24524e-06	0.000208856	1.548
284.2458	108.96	726.9048479999999	0.000207425	6.19891e-06	0.000206948	1.752
284.6618	108.97	726.971561	0.000199319	6.19891e-06	0.000198365	1.824
285.0934	108.98	727.038274	0.000187875	6.19891e-06	0.000186921	1.938
285.525	108.99	727.1049869999999	0.000172139	5.72208e-06	0.000171185	1.902
290.9459	109.0	727.1717	0.000150681	4.7684e-06	0.000149251	2.046