Time (s) 	 Position (mm) 	 Delay (ps) 	 X 	 Y 	 R 	 theta 

5.5174	108.5	723.83605	7.05724e-05	9.53682e-07	4.67303e-05	0.96
5.9815	108.51	723.9027629999999	-6.67575e-06	0.0	6.67575e-06	180.0
6.4135	108.52	723.9694759999999	-9.5368e-06	-1.43052e-06	9.05996e-06	-170.22
6.861	108.53	724.0361889999999	-1.1921e-05	-9.53682e-07	1.14442e-05	-176.82
7.2781	108.54	724.102902	-1.23978e-05	-9.53682e-07	1.23978e-05	-176.988
7.7084	108.55	724.1696149999999	-1.33515e-05	0.0	1.28747e-05	180.0
8.1257	108.56	724.236328	-1.04905e-05	0.0	9.5368e-06	180.0
8.5575	108.57	724.3030409999999	-9.05996e-06	-9.53682e-07	9.05996e-06	-175.914
8.9723	108.58	724.369754	-8.10629e-06	0.0	7.62945e-06	177.51
9.421	108.59	724.436467	-6.19891e-06	-9.53682e-07	5.72208e-06	-173.988
9.8516	108.6	724.5031799999999	-3.33787e-06	-4.76841e-07	2.86104e-06	-172.878
10.2835	108.61	724.569893	1.90736e-06	-4.76841e-07	2.3842e-06	0.0
10.7007	108.62	724.636606	4.29156e-06	-9.53682e-07	4.7684e-06	-8.13
11.1155	108.63	724.703319	5.72208e-06	0.0	6.19891e-06	0.0
11.5477	108.64	724.7700319999999	1.04905e-05	4.76841e-07	1.04905e-05	1.788
11.9631	108.65	724.836745	1.28747e-05	4.76841e-07	1.28747e-05	1.434
12.3958	108.66	724.9034579999999	1.62126e-05	9.53682e-07	1.62126e-05	2.292
12.8276	108.67	724.9701709999999	1.71663e-05	4.76841e-07	1.76431e-05	2.16
13.2589	108.68	725.036884	1.66894e-05	0.0	1.71663e-05	0.0
13.6752	108.69	725.1035969999999	1.95504e-05	0.0	1.90736e-05	0.99
14.0909	108.7	725.17031	1.81199e-05	0.0	1.81199e-05	1.044
14.5221	108.71	725.2370229999999	1.62126e-05	0.0	1.66894e-05	1.104
14.9547	108.72	725.303736	1.28747e-05	4.76841e-07	1.28747e-05	3.012
15.369	108.73	725.370449	8.10629e-06	-4.76841e-07	8.10629e-06	0.0
15.7852	108.74	725.437162	3.33787e-06	-9.53682e-07	3.33787e-06	-10.308
16.2173	108.75	725.503875	-2.86104e-06	-4.76841e-07	2.86104e-06	180.0
16.6497	108.76	725.570588	-1.00136e-05	0.0	1.00136e-05	178.152
17.0649	108.77	725.637301	-1.85968e-05	-4.76841e-07	1.85968e-05	-178.026
17.4965	108.78	725.7040139999999	-2.81335e-05	-1.43052e-06	2.76567e-05	-177.306
17.9453	108.79	725.770727	-3.52862e-05	-1.43052e-06	3.52862e-05	-178.38
18.3923	108.8	725.8374399999999	-4.48229e-05	-1.90736e-06	4.48229e-05	-177.882
18.8076	108.81	725.904153	-5.43597e-05	-2.3842e-06	5.43597e-05	-177.558
19.2407	108.82	725.9708659999999	-6.24661e-05	-2.3842e-06	6.19893e-05	-177.846
19.6722	108.83	726.0375789999999	-6.81882e-05	-2.3842e-06	6.81882e-05	-178.326
20.1365	108.84	726.104292	-7.20029e-05	-1.90736e-06	7.29566e-05	-178.428
20.5995	108.85	726.1710049999999	-7.72481e-05	-2.3842e-06	7.62944e-05	-178.506
21.031	108.86	726.237718	-7.91554e-05	-2.86104e-06	7.91554e-05	-178.326
21.4631	108.87	726.304431	-7.96323e-05	-2.3842e-06	7.86786e-05	-178.548
21.911	108.88	726.371144	-7.48639e-05	-1.90736e-06	7.39102e-05	-178.722
22.3274	108.89	726.437857	-6.81882e-05	-2.3842e-06	6.72345e-05	-178.296
22.7752	108.9	726.50457	-6.05586e-05	-2.3842e-06	6.00817e-05	-178.104
23.1898	108.91	726.5712829999999	-4.95913e-05	-1.43052e-06	4.76839e-05	-178.8
23.6222	108.92	726.6379959999999	-3.38557e-05	-1.43052e-06	3.2902e-05	-178.266
24.0696	108.93	726.704709	-1.66894e-05	-9.53682e-07	1.4782e-05	-177.396
24.501	108.94	726.7714219999999	2.86104e-06	0.0	3.81473e-06	0.0
24.9343	108.95	726.838135	2.43188e-05	9.53682e-07	2.57493e-05	1.452
25.3503	108.96	726.9048479999999	5.00681e-05	1.43052e-06	5.14986e-05	2.202
25.781	108.97	726.971561	7.58176e-05	1.90736e-06	7.72481e-05	1.47
26.2283	108.98	727.038274	0.000101567	2.86104e-06	0.00010252	1.842
26.6767	108.99	727.1049869999999	0.000125409	3.81473e-06	0.000127316	1.638
27.0922	109.0	727.1717	0.000150681	4.29156e-06	0.000152112	1.752
27.5563	109.01	727.238413	0.000174523	5.24524e-06	0.000175954	1.722
27.9722	109.02	727.305126	0.000195504	5.72208e-06	0.000196458	1.746
28.4047	109.03	727.3718389999999	0.00021124	5.24524e-06	0.00021267	1.608
28.8357	109.04	727.438552	0.000226022	6.67575e-06	0.000226975	1.764
29.2683	109.05	727.5052649999999	0.000233651	6.19891e-06	0.000235082	1.62
29.6841	109.06	727.571978	0.000237466	6.19891e-06	0.000237943	1.518
30.0992	109.07	727.6386909999999	0.000235082	6.19891e-06	0.000234605	1.542
30.5148	109.08	727.7054039999999	0.000224114	6.19891e-06	0.000223638	1.626
30.931	109.09	727.772117	0.000206471	5.72208e-06	0.000205995	1.578
31.3472	109.1	727.8388299999999	0.000184537	5.24524e-06	0.00018406	1.662
31.7941	109.11	727.905543	0.000155927	3.81473e-06	0.000154496	1.488
32.2266	109.12	727.972256	0.000116349	2.3842e-06	0.000114918	1.164
32.6588	109.13	728.038969	7.24797e-05	1.43052e-06	7.00955e-05	1.368
33.0896	109.14	728.105682	2.19346e-05	9.53682e-07	1.95504e-05	2.01
33.5211	109.15	728.1723949999999	-3.14715e-05	-1.43052e-06	3.43325e-05	-178.392
33.953	109.16	728.2391079999999	-8.86922e-05	-2.86104e-06	9.203e-05	-178.35
34.37	109.17	728.3058209999999	-0.000152589	-5.24524e-06	0.000154019	-178.032
34.7849	109.18	728.372534	-0.000216008	-7.15259e-06	0.000218869	-178.182
35.2495	109.19	728.4392469999999	-0.000277998	-8.10629e-06	0.000281336	-178.308
35.6975	109.2	728.50596	-0.000338079	-1.00136e-05	0.000339987	-178.32
36.1455	109.21	728.5726729999999	-0.000393393	-1.1921e-05	0.000396254	-178.32
36.5923	109.22	728.639386	-0.000444414	-1.33515e-05	0.000446798	-178.38
37.0408	109.23	728.706099	-0.000487329	-1.38283e-05	0.000489239	-178.404
37.4723	109.24	728.7728119999999	-0.00052071	-1.4782e-05	0.000521664	-178.392
37.9519	109.25	728.839525	-0.000544075	-1.57357e-05	0.000545505	-178.356
38.3833	109.26	728.906238	-0.000557903	-1.66894e-05	0.000558857	-178.362
38.8161	109.27	728.972951	-0.000556473	-1.62126e-05	0.000555996	-178.386
39.2467	109.28	729.039664	-0.000543598	-1.52589e-05	0.000541691	-178.41
39.6796	109.29	729.106377	-0.000512127	-1.4782e-05	0.000511173	-178.356
40.1102	109.3	729.1730899999999	-0.000467779	-1.33515e-05	0.000464441	-178.35
40.5423	109.31	729.2398029999999	-0.000409128	-1.1921e-05	0.000404837	-178.35
40.9573	109.32	729.3065159999999	-0.000333788	-9.05996e-06	0.000329973	-178.494
41.4068	109.33	729.3732289999999	-0.000246527	-7.62945e-06	0.00023985	-178.236
41.8379	109.34	729.439942	-0.000143052	-4.7684e-06	0.000138284	-178.188
42.2545	109.35	729.5066549999999	-3.67167e-05	-2.3842e-06	3.09946e-05	-176.784
42.6707	109.36	729.573368	8.39238e-05	2.3842e-06	8.9169e-05	1.674
43.117	109.37	729.640081	0.000210286	5.72208e-06	0.000216008	1.65
43.581	109.38	729.706794	0.000334742	8.58313e-06	0.000341894	1.5
44.013	109.39	729.773507	0.000460627	1.28747e-05	0.000466349	1.668
44.4283	109.4	729.84022	0.000587944	1.62126e-05	0.000593666	1.602
44.8447	109.41	729.906933	0.0007062	2.00273e-05	0.000711922	1.662
45.2607	109.42	729.9736459999999	0.000814918	2.28883e-05	0.000819687	1.602
45.6923	109.43	730.040359	0.00091124	2.62262e-05	0.000916485	1.68
46.1408	109.44	730.1070719999999	0.000994213	2.86103e-05	0.000997551	1.644
46.5567	109.45	730.173785	0.00105334	2.9564e-05	0.00105572	1.626
46.971	109.46	730.2404979999999	0.00109149	3.05178e-05	0.0010934	1.59
47.3867	109.47	730.3072109999999	0.00110436	3.14715e-05	0.00110579	1.638
47.8202	109.48	730.373924	0.0010953	3.14715e-05	0.00109483	1.638
48.236	109.49	730.4406369999999	0.00105811	3.05178e-05	0.00105716	1.662
53.6723	109.5	730.50735	0.000991829	2.76567e-05	0.000988014	1.626
54.1049	109.51	730.574063	0.000896458	2.52725e-05	0.000892166	1.656
54.5209	109.52	730.640776	0.000781063	2.19346e-05	0.000775341	1.626
54.9521	109.53	730.707489	0.000633243	1.81199e-05	0.000625614	1.656
55.3836	109.54	730.774202	0.000473501	1.28747e-05	0.000464441	1.608
55.8007	109.55	730.8409149999999	0.000287535	7.62945e-06	0.000279428	1.518
56.2156	109.56	730.9076279999999	9.15532e-05	2.3842e-06	8.10628e-05	1.71
56.631	109.57	730.9743409999999	-0.000125409	-2.86104e-06	0.000134469	-178.752
57.0481	109.58	731.0410539999999	-0.000341894	-1.04905e-05	0.000351908	-178.284
57.4801	109.59	731.107767	-0.00056744	-1.66894e-05	0.000575546	-178.32
57.8956	109.6	731.1744799999999	-0.000780109	-2.33651e-05	0.0007906	-178.32
58.3275	109.61	731.241193	-0.000994213	-2.9564e-05	0.00100184	-178.332
58.7593	109.62	731.307906	-0.00118209	-3.43325e-05	0.00119448	-178.344
59.191	109.63	731.3746189999999	-0.00136519	-3.95777e-05	0.00137091	-178.356
59.6219	109.64	731.441332	-0.00151444	-4.38693e-05	0.00152255	-178.362
60.0378	109.65	731.508045	-0.00163556	-4.67303e-05	0.00163985	-178.386
60.453	109.66	731.574758	-0.00172091	-4.95913e-05	0.0017252	-178.362
60.8856	109.67	731.6414709999999	-0.00177623	-5.10218e-05	0.00177861	-178.356
61.301	109.68	731.708184	-0.00179101	-5.14986e-05	0.00179101	-178.356
61.7339	109.69	731.7748969999999	-0.00176144	-5.00681e-05	0.00176049	-178.362
62.149	109.7	731.84161	-0.00170136	-4.95913e-05	0.00169946	-178.35
62.5643	109.71	731.9083229999999	-0.00158549	-4.67303e-05	0.00158263	-178.32
62.9809	109.72	731.9750359999999	-0.00143863	-4.10082e-05	0.00143195	-178.368
63.3956	109.73	732.041749	-0.00124932	-3.52862e-05	0.0012436	-178.386
63.7953	109.74	732.1084619999999	-0.00104953	-3.05178e-05	0.00103951	-178.344
64.1951	109.75	732.175175	-0.000777725	-2.24115e-05	0.000768188	-178.35
64.6277	109.76	732.241888	-0.000492577	-1.28747e-05	0.000472547	-178.482
65.0607	109.77	732.308601	-0.000171662	-4.7684e-06	0.00015688	-178.506
65.491	109.78	732.375314	0.000140668	4.29156e-06	0.000160218	1.68
65.9238	109.79	732.4420269999999	0.00049353	1.43052e-05	0.000509266	1.632
66.356	109.8	732.50874	0.000816826	2.33651e-05	0.000835422	1.632
66.7708	109.81	732.5754529999999	0.00115395	3.33788e-05	0.00117112	1.656
67.1876	109.82	732.6421659999999	0.00146151	4.19619e-05	0.00148011	1.644
67.6186	109.83	732.7088789999999	0.00177289	5.0545e-05	0.00178815	1.62
68.0656	109.84	732.775592	0.00203468	5.72207e-05	0.00204803	1.62
68.514	109.85	732.8423049999999	0.002275	6.53272e-05	0.0022874	1.65
68.9296	109.86	732.909018	0.00243999	6.96187e-05	0.00244857	1.626
69.3465	109.87	732.975731	0.00257112	7.29566e-05	0.00257827	1.626
69.761	109.88	733.0424439999999	0.00265457	7.48639e-05	0.00266077	1.62
70.1774	109.89	733.109157	0.00267173	7.62944e-05	0.00267316	1.638
70.594	109.9	733.17587	0.00262643	7.48639e-05	0.00262596	1.65
71.0097	109.91	733.242583	0.00252678	7.24797e-05	0.00252201	1.644
71.4256	109.92	733.309296	0.00237276	6.67577e-05	0.0023656	1.614
71.8409	109.93	733.376009	0.00214149	6.00817e-05	0.00213386	1.614
72.2561	109.94	733.4427219999999	0.00186349	5.24523e-05	0.001853	1.632
72.6722	109.95	733.5094349999999	0.00154877	4.38693e-05	0.00153495	1.632
73.089	109.96	733.5761479999999	0.00118018	3.2902e-05	0.00116444	1.614
73.5207	109.97	733.6428609999999	0.000764851	2.0981e-05	0.000749592	1.626
73.952	109.98	733.709574	0.000360491	9.5368e-06	0.000335218	1.74
74.3668	109.99	733.7762869999999	-8.24933e-05	-2.3842e-06	9.82289e-05	-178.362
74.7842	110.0	733.843	-0.000517372	-1.52589e-05	0.000535969	-178.38
75.1985	110.01	733.909713	-0.000975136	-2.81335e-05	0.000992306	-178.374
75.6158	110.02	733.976426	-0.0013876	-3.95777e-05	0.00140286	-178.386
76.0477	110.03	734.043139	-0.0017829	-5.10218e-05	0.00179911	-178.374
76.4784	110.04	734.109852	-0.00213958	-6.10356e-05	0.00215293	-178.368
76.9109	110.05	734.176565	-0.00246908	-7.10492e-05	0.00248624	-178.368
77.3271	110.06	734.2432779999999	-0.00274946	-7.91554e-05	0.0027609	-178.362
77.7589	110.07	734.3099909999999	-0.00296833	-8.53543e-05	0.00297739	-178.362
78.1904	110.08	734.3767039999999	-0.00313331	-9.01227e-05	0.00314094	-178.356
78.6066	110.09	734.443417	-0.0032139	-9.203e-05	0.00321771	-178.362
79.0384	110.1	734.5101299999999	-0.0032282	-9.29837e-05	0.00322773	-178.362
79.4534	110.11	734.5768429999999	-0.00318004	-9.203e-05	0.00318004	-178.35
79.8859	110.12	734.643556	-0.00306512	-8.72617e-05	0.00305845	-178.362
80.3179	110.13	734.7102689999999	-0.00288345	-8.29701e-05	0.00287868	-178.356
80.7496	110.14	734.776982	-0.00259925	-7.39102e-05	0.00258543	-178.374
81.1654	110.15	734.843695	-0.00228311	-6.53272e-05	0.00226881	-178.356
81.581	110.16	734.910408	-0.00193358	-5.43597e-05	0.00191451	-178.38
81.9971	110.17	734.977121	-0.0014968	-4.24387e-05	0.00147773	-178.38
82.4283	110.18	735.043834	-0.00102807	-2.90872e-05	0.00100089	-178.356
82.8446	110.19	735.1105469999999	-0.000517849	-1.4782e-05	0.000494961	-178.356
83.2597	110.2	735.1772599999999	-1.38283e-05	0.0	1.38283e-05	0.828
83.6765	110.21	735.2439729999999	0.000530247	1.4782e-05	0.00055695	1.584
84.1066	110.22	735.3106859999999	0.0010624	3.05178e-05	0.00109006	1.644
84.5399	110.23	735.377399	0.00157643	4.57766e-05	0.00159837	1.662
84.9558	110.24	735.4441119999999	0.00205566	5.9128e-05	0.00208379	1.632
85.3873	110.25	735.510825	0.00252773	7.1526e-05	0.00255491	1.614
85.802	110.26	735.577538	0.0029297	8.3447e-05	0.00295307	1.626
86.2194	110.27	735.6442509999999	0.00327303	9.34605e-05	0.00328781	1.638
86.6664	110.28	735.710964	0.00355341	0.00010109	0.00358011	1.62
87.0822	110.29	735.777677	0.00376035	0.000107289	0.00377084	1.632
87.4973	110.3	735.84439	0.00386335	0.00011015	0.00386955	1.632
87.9307	110.31	735.9111029999999	0.00391296	0.000111104	0.00391963	1.632
88.3609	110.32	735.977816	0.00386383	0.000109196	0.00385763	1.632
88.7774	110.33	736.0445289999999	0.00369741	0.000104905	0.00369264	1.626
89.1931	110.34	736.111242	0.00348474	9.77521e-05	0.00347473	1.614
89.6089	110.35	736.1779549999999	0.00318338	9.01227e-05	0.00317241	1.626
90.0251	110.36	736.2446679999999	0.00282241	7.96323e-05	0.00280906	1.62
90.4402	110.37	736.311381	0.00238515	6.67577e-05	0.00236942	1.626
90.8569	110.38	736.3780939999999	0.00190354	5.3406e-05	0.00188494	1.626
91.289	110.39	736.444807	0.00137139	3.8624e-05	0.00134087	1.632
91.7207	110.4	736.51152	0.000814918	2.19346e-05	0.000793461	1.614
92.1367	110.41	736.578233	0.000242234	6.67575e-06	0.000217916	1.734
92.5686	110.42	736.644946	-0.000324728	-1.00136e-05	0.000355246	-178.32
93.0162	110.43	736.7116589999999	-0.000892643	-2.57493e-05	0.000919346	-178.362
93.4482	110.44	736.778372	-0.00142146	-4.24387e-05	0.00145388	-178.344
93.8629	110.45	736.8450849999999	-0.00193883	-5.57902e-05	0.00195648	-178.368
94.2797	110.46	736.9117979999999	-0.00239994	-6.96187e-05	0.00242807	-178.35
94.711	110.47	736.9785109999999	-0.00283624	-8.15396e-05	0.00285675	-178.356
95.1593	110.48	737.045224	-0.00317718	-9.10764e-05	0.00320293	-178.362
95.591	110.49	737.1119369999999	-0.00346757	-0.000100136	0.0034814	-178.356
101.0286	110.5	737.17865	-0.00366689	-0.000105381	0.00368311	-178.362
101.4607	110.51	737.245363	-0.00379945	-0.000108719	0.00380661	-178.362
101.8909	110.52	737.3120759999999	-0.00385095	-0.00011015	0.00385763	-178.368
102.34	110.53	737.378789	-0.00381471	-0.000108719	0.00381376	-178.368
102.7559	110.54	737.445502	-0.0036955	-0.000105381	0.00369073	-178.374
103.1712	110.55	737.512215	-0.00351144	-0.000100613	0.00350334	-178.362
103.6023	110.56	737.578928	-0.00324155	-9.203e-05	0.00322963	-178.374
104.0343	110.57	737.645641	-0.00288107	-8.20165e-05	0.00286771	-178.374
104.4499	110.58	737.7123539999999	-0.00248291	-7.10492e-05	0.00246383	-178.362
104.8665	110.59	737.7790669999999	-0.00200512	-5.72207e-05	0.0019889	-178.362
105.2988	110.6	737.8457799999999	-0.00150729	-4.33924e-05	0.00148822	-178.332
105.7135	110.61	737.9124929999999	-0.000958446	-2.81335e-05	0.000938896	-178.32
106.1464	110.62	737.979206	-0.000393869	-1.04905e-05	0.00035906	-178.368
106.5608	110.63	738.0459189999999	0.000192166	5.72208e-06	0.00021124	1.734
106.9927	110.64	738.112632	0.000753883	2.19346e-05	0.000784401	1.638
107.4258	110.65	738.179345	0.00132657	3.81472e-05	0.00134755	1.644
107.8576	110.66	738.246058	0.00185347	5.29292e-05	0.0018735	1.632
108.2722	110.67	738.312771	0.0023513	6.72345e-05	0.00237943	1.632
108.7208	110.68	738.379484	0.00280239	7.91554e-05	0.00282766	1.608
109.1357	110.69	738.446197	0.00318672	9.05995e-05	0.00320627	1.626
109.5369	110.7	738.5129099999999	0.00350668	0.000100136	0.00352098	1.638
109.9521	110.71	738.5796229999999	0.00373365	0.000105858	0.00374557	1.62
110.3844	110.72	738.6463359999999	0.00387718	0.000109196	0.00388815	1.62
110.799	110.73	738.713049	0.00394395	0.000110627	0.0039492	1.608
111.231	110.74	738.7797619999999	0.00394204	0.00011158	0.00393775	1.626
111.648	110.75	738.8464749999999	0.00383522	0.000108719	0.00383426	1.626
112.0627	110.76	738.913188	0.00364067	0.00010252	0.00363065	1.626
112.4788	110.77	738.9799009999999	0.00338794	9.63216e-05	0.00337936	1.632
112.9104	110.78	739.046614	0.00303937	8.58312e-05	0.00302173	1.626
113.3271	110.79	739.113327	0.00264122	7.48639e-05	0.00262214	1.644
113.7422	110.8	739.18004	0.00220396	6.2943e-05	0.0021825	1.65
114.1745	110.81	739.246753	0.00170279	4.81608e-05	0.00168086	1.638
114.6058	110.82	739.313466	0.00118686	3.38557e-05	0.00115491	1.662
115.0385	110.83	739.3801789999999	0.000638489	1.81199e-05	0.000614647	1.668
115.4532	110.84	739.4468919999999	9.72752e-05	1.90736e-06	7.10492e-05	1.236
115.9181	110.85	739.5136049999999	-0.000456335	-1.43052e-05	0.000485899	-178.278
116.3499	110.86	739.5803179999999	-0.000955109	-2.86103e-05	0.000980385	-178.32
116.7654	110.87	739.647031	-0.00145674	-4.24387e-05	0.00147582	-178.362
117.1976	110.88	739.7137439999999	-0.00189639	-5.43597e-05	0.00191785	-178.368
117.612	110.89	739.780457	-0.0023184	-6.72345e-05	0.00233604	-178.35
118.0292	110.9	739.84717	-0.00264837	-7.72481e-05	0.0026641	-178.35
118.4601	110.91	739.9138829999999	-0.00294973	-8.48775e-05	0.00296213	-178.356
118.8757	110.92	739.980596	-0.00316097	-9.10764e-05	0.00317098	-178.35
119.3078	110.93	740.047309	-0.00332357	-9.48911e-05	0.00333072	-178.374
119.74	110.94	740.114022	-0.00339557	-9.67984e-05	0.00340177	-178.374
120.171	110.95	740.180735	-0.00339986	-9.67984e-05	0.00340272	-178.374
120.5873	110.96	740.247448	-0.00334789	-9.53679e-05	0.00334503	-178.368
121.003	110.97	740.3141609999999	-0.00321199	-9.203e-05	0.00320865	-178.362
121.467	110.98	740.380874	-0.00300457	-8.58312e-05	0.00298931	-178.362
121.8823	110.99	740.4475869999999	-0.00272037	-7.72481e-05	0.00270988	-178.38
122.3143	111.0	740.5142999999999	-0.00239994	-6.91419e-05	0.00238754	-178.35
122.7151	111.01	740.581013	-0.00202753	-5.76975e-05	0.0020137	-178.374
123.1309	111.02	740.6477259999999	-0.00161601	-4.57766e-05	0.0016017	-178.386
123.5455	111.03	740.714439	-0.0011859	-3.33788e-05	0.0011673	-178.392
123.9615	111.04	740.781152	-0.00071669	-2.0981e-05	0.000692848	-178.302
124.3609	111.05	740.847865	-0.000231744	-6.67575e-06	0.000214578	-178.26
124.7764	111.06	740.914578	0.00022936	6.19891e-06	0.000257494	1.5
125.21	111.07	740.9812909999999	0.000718597	2.0981e-05	0.00074387	1.692
125.6248	111.08	741.048004	0.00117017	3.38557e-05	0.00119544	1.65
126.0576	111.09	741.1147169999999	0.00159646	4.57766e-05	0.00161744	1.644
126.4727	111.1	741.1814299999999	0.00197269	5.72207e-05	0.00199462	1.662
126.8891	111.11	741.2481429999999	0.0023184	6.62808e-05	0.00233747	1.632
127.3039	111.12	741.314856	0.00259115	7.34334e-05	0.00260593	1.626
127.7521	111.13	741.3815689999999	0.00281812	8.01091e-05	0.00282909	1.626
128.1687	111.14	741.448282	0.00297691	8.44006e-05	0.00298692	1.62
128.6001	111.15	741.514995	0.00307609	8.72617e-05	0.00308038	1.632
129.0478	111.16	741.5817079999999	0.00308467	8.72617e-05	0.0030861	1.62
129.4623	111.17	741.648421	0.00303842	8.48775e-05	0.00304033	1.602
129.8959	111.18	741.715134	0.00293447	8.29701e-05	0.00292875	1.626
130.3108	111.19	741.781847	0.00276424	7.86786e-05	0.00275899	1.638
130.7271	111.2	741.84856	0.00254346	7.24797e-05	0.00253345	1.638
131.1593	111.21	741.915273	0.00226881	6.48503e-05	0.00225784	1.644
131.5751	111.22	741.9819859999999	0.00193883	5.48365e-05	0.00192548	1.632
131.9897	111.23	742.0486989999999	0.00159026	4.48229e-05	0.00157548	1.632
132.4063	111.24	742.1154119999999	0.0012107	3.38557e-05	0.00119496	1.638
132.821	111.25	742.1821249999999	0.000806812	2.33651e-05	0.000790123	1.704
133.2371	111.26	742.248838	0.000388624	1.09673e-05	0.000371935	1.674
133.6543	111.27	742.3155509999999	-1.4782e-05	0.0	2.86103e-05	-179.442
134.1009	111.28	742.382264	-0.000409605	-1.1921e-05	0.000428202	-178.398
134.5175	111.29	742.448977	-0.000803474	-2.33651e-05	0.000816349	-178.374
134.9496	111.3	742.51569	-0.00113154	-3.2902e-05	0.00114585	-178.356
135.3655	111.31	742.582403	-0.00146294	-4.24387e-05	0.00147773	-178.35
135.7974	111.32	742.6491159999999	-0.00174762	-5.00681e-05	0.00176144	-178.356
136.2443	111.33	742.715829	-0.00199129	-5.72207e-05	0.00200512	-178.362
136.661	111.34	742.7825419999999	-0.00218011	-6.34198e-05	0.00218631	-178.35
137.0758	111.35	742.8492549999999	-0.00231935	-6.72345e-05	0.00232603	-178.35
137.5246	111.36	742.9159679999999	-0.00240757	-6.91419e-05	0.00240804	-178.35
137.9396	111.37	742.982681	-0.00243761	-7.00955e-05	0.00243951	-178.356
138.3883	111.38	743.0493939999999	-0.00242521	-6.96187e-05	0.00242521	-178.368
138.804	111.39	743.1161069999999	-0.00234987	-6.67577e-05	0.00234653	-178.374
139.2198	111.4	743.18282	-0.00223114	-6.38966e-05	0.00222255	-178.356
139.6351	111.41	743.2495329999999	-0.00206949	-5.96049e-05	0.00206138	-178.356
140.0671	111.42	743.316246	-0.00187159	-5.3406e-05	0.0018592	-178.374
140.4994	111.43	743.382959	-0.00162841	-4.62534e-05	0.00161887	-178.38
140.9147	111.44	743.449672	-0.00137187	-3.91009e-05	0.00135518	-178.362
141.3469	111.45	743.516385	-0.00106383	-3.00409e-05	0.00104571	-178.368
141.8108	111.46	743.583098	-0.000746254	-2.14578e-05	0.000729565	-178.392
142.2267	111.47	743.649811	-0.000417711	-1.14442e-05	0.000400545	-178.41
142.642	111.48	743.7165239999999	-0.000103474	-2.3842e-06	8.48775e-05	-178.8
143.0739	111.49	743.7832369999999	0.000235558	6.67575e-06	0.000252249	1.686
148.527	111.5	743.8499499999999	0.000559334	1.57357e-05	0.000577454	1.608
148.9427	111.51	743.916663	0.000849251	2.47956e-05	0.000860218	1.656
149.3587	111.52	743.9833759999999	0.00111295	3.19483e-05	0.00112439	1.626
149.7742	111.53	744.050089	0.00136138	3.8624e-05	0.00137091	1.626
150.2071	111.54	744.116802	0.00156356	4.48229e-05	0.00157548	1.632
150.6389	111.55	744.1835149999999	0.00174619	5.0545e-05	0.00175381	1.662
151.0707	111.56	744.250228	0.00186635	5.29292e-05	0.00187255	1.626
151.4866	111.57	744.3169409999999	0.00194979	5.57902e-05	0.00195457	1.638
151.901	111.58	744.383654	0.00198652	5.67439e-05	0.00198747	1.65
152.3341	111.59	744.450367	0.00198461	5.6267e-05	0.00198556	1.626
152.7331	111.6	744.51708	0.00194407	5.57902e-05	0.00194264	1.65
153.1491	111.61	744.5837929999999	0.00185824	5.24523e-05	0.00185681	1.626
153.5809	111.62	744.650506	0.00173283	4.91145e-05	0.00172854	1.638
154.0122	111.63	744.7172189999999	0.00157738	4.43461e-05	0.00156689	1.62
154.4278	111.64	744.7839319999999	0.00138236	3.8624e-05	0.00137139	1.62
154.845	111.65	744.850645	0.00117636	3.38557e-05	0.00116587	1.656
155.2593	111.66	744.9173579999999	0.000945572	2.6703e-05	0.00093222	1.644
155.6923	111.67	744.984071	0.000699524	1.90736e-05	0.000687603	1.566
156.1388	111.68	745.050784	0.000449182	1.23978e-05	0.000435354	1.596
156.5883	111.69	745.117497	0.000183583	4.7684e-06	0.000166894	1.662
157.0031	111.7	745.18421	-6.38966e-05	-3.33787e-06	7.62944e-05	-177.87
157.4359	111.71	745.250923	-0.000311377	-9.05996e-06	0.000324728	-178.374
157.8678	111.72	745.317636	-0.00053883	-1.71663e-05	0.000551704	-178.26
158.2979	111.73	745.3843489999999	-0.000761513	-2.24115e-05	0.000776295	-178.356
158.731	111.74	745.4510619999999	-0.000947002	-2.6703e-05	0.000954155	-178.386
159.1625	111.75	745.5177749999999	-0.00110532	-3.14715e-05	0.00111247	-178.392
159.595	111.76	745.584488	-0.00124026	-3.52862e-05	0.00124837	-178.38
160.0106	111.77	745.6512009999999	-0.00135422	-3.91009e-05	0.00136042	-178.362
160.425	111.78	745.717914	-0.00143386	-4.14851e-05	0.00143576	-178.362
160.8409	111.79	745.784627	-0.001472	-4.14851e-05	0.00147486	-178.398
161.2899	111.8	745.8513399999999	-0.00148059	-4.24387e-05	0.00147916	-178.374
161.7209	111.81	745.918053	-0.0014577	-4.14851e-05	0.00145818	-178.374
162.1379	111.82	745.9847659999999	-0.00140477	-4.05314e-05	0.00140286	-178.35
162.5696	111.83	746.051479	-0.00131942	-3.76704e-05	0.00131512	-178.356
162.9854	111.84	746.118192	-0.0012107	-3.48093e-05	0.00120545	-178.368
163.4163	111.85	746.184905	-0.00107814	-3.00409e-05	0.00107384	-178.416
163.8322	111.86	746.2516179999999	-0.000934128	-2.57493e-05	0.000926498	-178.41
164.2485	111.87	746.318331	-0.000767235	-2.19346e-05	0.000760559	-178.362
164.6647	111.88	746.3850439999999	-0.000589374	-1.66894e-05	0.000581268	-178.38
165.0807	111.89	746.4517569999999	-0.000397684	-1.14442e-05	0.000389578	-178.374
165.5275	111.9	746.51847	-0.000208379	-6.67575e-06	0.000196935	-178.14
165.9602	111.91	746.5851829999999	-1.81199e-05	-9.53682e-07	1.00136e-05	-176.634
166.4075	111.92	746.651896	0.000157357	4.29156e-06	0.000168324	1.536
166.8231	111.93	746.718609	0.000344278	9.5368e-06	0.00035	1.572
167.2556	111.94	746.785322	0.000502113	1.43052e-05	0.000509743	1.638
167.6866	111.95	746.852035	0.000655178	1.81199e-05	0.000661854	1.614
168.1353	111.96	746.9187479999999	0.000776771	2.0981e-05	0.000785355	1.572
168.567	111.97	746.985461	0.000895027	2.47956e-05	0.000899795	1.584
168.9977	111.98	747.0521739999999	0.000986584	2.86103e-05	0.000992306	1.674
169.4307	111.99	747.118887	0.00104619	3.00409e-05	0.00104857	1.674
169.846	112.0	747.1855999999999	0.00108195	3.09946e-05	0.00108529	1.65
170.261	112.01	747.252313	0.00110055	3.09946e-05	0.00110102	1.632
170.71	112.02	747.3190259999999	0.00109292	3.09946e-05	0.0010934	1.644
171.1246	112.03	747.385739	0.00106622	2.9564e-05	0.00106383	1.614
171.5578	112.04	747.452452	0.00101329	2.86103e-05	0.00101186	1.626
171.9727	112.05	747.5191649999999	0.000940803	2.52725e-05	0.000937466	1.548
172.4053	112.06	747.585878	0.000851158	2.33651e-05	0.000844482	1.608
172.821	112.07	747.6525909999999	0.000740055	2.0981e-05	0.000735763	1.614
173.2369	112.08	747.719304	0.000627521	1.76431e-05	0.000621799	1.632
173.6688	112.09	747.786017	0.000496391	1.43052e-05	0.000490669	1.644
174.0988	112.1	747.85273	0.000366213	9.5368e-06	0.000358583	1.602
174.531	112.11	747.919443	0.000234605	6.19891e-06	0.000227929	1.608
174.9801	112.12	747.9861559999999	9.72752e-05	2.86104e-06	8.96459e-05	1.968
175.411	112.13	748.0528689999999	-3.62399e-05	-1.90736e-06	4.38693e-05	-177.492
175.8597	112.14	748.1195819999999	-0.000159741	-4.7684e-06	0.000167848	-178.536
176.2756	112.15	748.186295	-0.000281336	-8.10629e-06	0.000285627	-178.344
176.7388	112.16	748.2530079999999	-0.000390531	-1.1921e-05	0.000394823	-178.32
177.2021	112.17	748.319721	-0.000483515	-1.28747e-05	0.000486853	-178.518
177.635	112.18	748.386434	-0.000561718	-1.57357e-05	0.000565056	-178.416
178.0659	112.19	748.453147	-0.000629906	-1.85968e-05	0.00063229	-178.374
178.4821	112.2	748.51986	-0.00067902	-2.00273e-05	0.000680927	-178.35
178.9139	112.21	748.5865729999999	-0.000714783	-2.05041e-05	0.000715736	-178.35
179.3461	112.22	748.653286	-0.000735287	-2.14578e-05	0.00073624	-178.368
179.761	112.23	748.719999	-0.000740532	-2.14578e-05	0.000740532	-178.35
180.1775	112.24	748.786712	-0.000730995	-2.0981e-05	0.000730518	-178.356
180.6088	112.25	748.8534249999999	-0.000704292	-2.05041e-05	0.000702862	-178.344
181.0401	112.26	748.920138	-0.000666145	-1.90736e-05	0.000664238	-178.332
181.4723	112.27	748.9868509999999	-0.000616554	-1.81199e-05	0.00061417	-178.35
181.8891	112.28	749.0535639999999	-0.000555519	-1.52589e-05	0.000552181	-178.44
182.3677	112.29	749.120277	-0.000486376	-1.38283e-05	0.000481607	-178.41
182.8167	112.3	749.1869899999999	-0.000411035	-1.23978e-05	0.000404837	-178.338
183.2471	112.31	749.253703	-0.000329973	-9.5368e-06	0.000326158	-178.416
183.6629	112.32	749.3204159999999	-0.000250341	-6.67575e-06	0.000245573	-178.44
184.079	112.33	749.387129	-0.000164033	-4.7684e-06	0.000159265	-178.314
184.5102	112.34	749.453842	-8.01091e-05	-2.3842e-06	7.29566e-05	-178.392
184.943	112.35	749.520555	6.19891e-06	4.76841e-07	1.09673e-05	3.096
185.3596	112.36	749.587268	7.86786e-05	1.90736e-06	8.29701e-05	1.362
185.791	112.37	749.6539809999999	0.000151635	3.81473e-06	0.000154973	1.584
186.2055	112.38	749.7206939999999	0.000217439	6.19891e-06	0.000220777	1.632
186.6388	112.39	749.7874069999999	0.000278952	8.10629e-06	0.000282289	1.686
187.0548	112.4	749.85412	0.000330927	1.00136e-05	0.000333311	1.77
187.4707	112.41	749.9208329999999	0.000373842	1.04905e-05	0.000376226	1.62
187.9019	112.42	749.987546	0.000405313	1.09673e-05	0.000407698	1.638
188.3167	112.43	750.054259	0.000434877	1.28747e-05	0.000436308	1.704
188.75	112.44	750.1209719999999	0.000450613	1.28747e-05	0.000452043	1.644
189.1658	112.45	750.187685	0.000458242	1.28747e-05	0.000458719	1.62
189.581	112.46	750.2543979999999	0.000457289	1.28747e-05	0.000457766	1.626
190.0455	112.47	750.321111	0.000449659	1.28747e-05	0.000449182	1.614
190.4604	112.48	750.387824	0.000435831	1.1921e-05	0.000434877	1.668
190.8922	112.49	750.454537	0.00041485	1.09673e-05	0.000414373	1.614
196.2987	112.5	750.5212499999999	0.000389578	1.09673e-05	0.000388624	1.674
196.7465	112.51	750.587963	0.000360491	1.04905e-05	0.00035906	1.704
197.1614	112.52	750.6546759999999	0.000327589	9.05996e-06	0.000327112	1.638
197.6096	112.53	750.7213889999999	0.000289919	8.58313e-06	0.000288012	1.656
198.0259	112.54	750.788102	0.000253202	7.15259e-06	0.000252249	1.668
198.4408	112.55	750.8548149999999	0.000214101	6.19891e-06	0.000212193	1.71
198.8895	112.56	750.921528	0.00017357	4.29156e-06	0.000170232	1.35
199.3366	112.57	750.9882409999999	0.000130654	2.86104e-06	0.000128747	1.494
199.7685	112.58	751.054954	8.82153e-05	2.3842e-06	8.58312e-05	1.794
200.2009	112.59	751.121667	4.48229e-05	1.43052e-06	4.19619e-05	2.31
200.6167	112.6	751.1883799999999	7.62945e-06	0.0	6.19891e-06	-3.366
201.0323	112.61	751.255093	-3.00409e-05	-9.53682e-07	3.19483e-05	-178.248
201.4634	112.62	751.321806	-6.96187e-05	-1.43052e-06	7.24797e-05	-178.956
201.8947	112.63	751.388519	-0.000107289	-2.86104e-06	0.000108243	-178.596
202.3279	112.64	751.4552319999999	-0.000140191	-4.7684e-06	0.000140668	-178.116
202.7597	112.65	751.521945	-0.000171185	-5.24524e-06	0.000172616	-178.458
203.191	112.66	751.5886579999999	-0.000202657	-5.72208e-06	0.00020361	-178.416
203.6394	112.67	751.655371	-0.000231744	-6.67575e-06	0.000233651	-178.452
204.071	112.68	751.722084	-0.000258924	-7.15259e-06	0.000259401	-178.386
204.519	112.69	751.7887969999999	-0.000281336	-8.10629e-06	0.000282289	-178.446
204.9822	112.7	751.85551	-0.000302793	-8.58313e-06	0.000304224	-178.44
205.4132	112.71	751.9222229999999	-0.000322821	-9.5368e-06	0.000323774	-178.296
205.8456	112.72	751.988936	-0.000338556	-1.00136e-05	0.000338556	-178.314
206.2935	112.73	752.055649	-0.000351431	-1.04905e-05	0.000350954	-178.26
206.7252	112.74	752.122362	-0.000356676	-1.04905e-05	0.000356199	-178.338
207.1579	112.75	752.189075	-0.000362398	-1.00136e-05	0.000361921	-178.422
207.5722	112.76	752.2557879999999	-0.000362398	-1.00136e-05	0.000362398	-178.422
207.9895	112.77	752.3225009999999	-0.000360968	-1.04905e-05	0.000359537	-178.302
208.4046	112.78	752.3892139999999	-0.000352385	-1.00136e-05	0.000351908	-178.428
208.8373	112.79	752.455927	-0.000337603	-9.05996e-06	0.000336649	-178.47
209.269	112.8	752.5226399999999	-0.000318529	-9.05996e-06	0.000317099	-178.434
209.7169	112.81	752.589353	-0.000294687	-8.58313e-06	0.000293257	-178.44
210.1166	112.82	752.6560659999999	-0.000264646	-7.62945e-06	0.000262739	-178.326
210.5643	112.83	752.722779	-0.000226022	-7.15259e-06	0.000223638	-178.116
210.9802	112.84	752.789492	-0.000185491	-5.72208e-06	0.000183583	-178.332
211.411	112.85	752.8562049999999	-0.000140668	-4.29156e-06	0.000137807	-178.476
211.8278	112.86	752.922918	-9.10764e-05	-2.3842e-06	8.72617e-05	-178.464
212.2908	112.87	752.989631	-3.14715e-05	-9.53682e-07	2.76567e-05	-177.906
212.7074	112.88	753.056344	2.52725e-05	0.0	2.86103e-05	0.636
213.1553	112.89	753.1230569999999	8.82153e-05	2.86104e-06	9.15532e-05	1.854
213.5871	112.9	753.18977	0.000145913	4.29156e-06	0.000149251	1.764
214.0018	112.91	753.2564829999999	0.000209332	6.19891e-06	0.00021267	1.878
214.4347	112.92	753.3231959999999	0.000269892	8.10629e-06	0.00027466	1.662
214.8507	112.93	753.389909	0.000330927	8.58313e-06	0.000333311	1.596
215.2646	112.94	753.4566219999999	0.000383856	1.09673e-05	0.000387194	1.626
215.73	112.95	753.523335	0.000435831	1.23978e-05	0.000438215	1.65
216.1448	112.96	753.5900479999999	0.000479223	1.43052e-05	0.000482084	1.698
216.5769	112.97	753.656761	0.000521187	1.38283e-05	0.000524048	1.602
216.9924	112.98	753.723474	0.00054789	1.52589e-05	0.000550274	1.632
217.441	112.99	753.790187	0.000564579	1.62126e-05	0.000565533	1.65
217.8561	113.0	753.8569	0.000575546	1.71663e-05	0.000576977	1.686
218.289	113.01	753.9236129999999	0.0005765	1.66894e-05	0.000577454	1.686
218.7047	113.02	753.9903259999999	0.000564579	1.62126e-05	0.000563625	1.692
219.1207	113.03	754.0570389999999	0.000537399	1.43052e-05	0.000536446	1.602
219.552	113.04	754.123752	0.000496391	1.38283e-05	0.000494484	1.584
219.983	113.05	754.1904649999999	0.000450136	1.28747e-05	0.000448229	1.71
220.399	113.06	754.257178	0.000392439	1.04905e-05	0.000389578	1.572
220.8158	113.07	754.3238909999999	0.000322821	9.5368e-06	0.00031996	1.734
221.2308	113.08	754.3906039999999	0.000243188	6.19891e-06	0.00023985	1.518
221.6623	113.09	754.457317	0.00015688	4.29156e-06	0.000152589	1.65
222.1106	113.1	754.5240299999999	6.43735e-05	9.53682e-07	5.9128e-05	1.326
222.542	113.11	754.590743	-3.00409e-05	-1.43052e-06	3.2902e-05	-177.882
222.9583	113.12	754.657456	-0.000125886	-3.81473e-06	0.000129701	-178.404
223.4065	113.13	754.724169	-0.000225545	-7.15259e-06	0.000229836	-178.188
223.8385	113.14	754.790882	-0.00032139	-1.00136e-05	0.000324728	-178.308
224.2535	113.15	754.857595	-0.000411035	-1.23978e-05	0.00041485	-178.35
224.701	113.16	754.9243079999999	-0.000494007	-1.4782e-05	0.000497345	-178.32
225.1339	113.17	754.9910209999999	-0.000576023	-1.62126e-05	0.000578884	-178.452
225.5656	113.18	755.057734	-0.00064135	-1.90736e-05	0.000644211	-178.314
225.9967	113.19	755.1244469999999	-0.000696663	-2.00273e-05	0.000699524	-178.362
226.3956	113.2	755.19116	-0.000741009	-2.0981e-05	0.000742439	-178.38
226.861	113.21	755.2578729999999	-0.000767235	-2.19346e-05	0.000767712	-178.386
227.277	113.22	755.324586	-0.000777725	-2.19346e-05	0.000779156	-178.434
227.7397	113.23	755.391299	-0.00077391	-2.24115e-05	0.000772957	-178.368
228.1568	113.24	755.4580119999999	-0.000747208	-2.24115e-05	0.0007453	-178.308
228.6034	113.25	755.524725	-0.00070763	-2.00273e-05	0.0007062	-178.434
229.0363	113.26	755.591438	-0.000657085	-1.81199e-05	0.000654224	-178.422
229.4676	113.27	755.658151	-0.000588421	-1.71663e-05	0.000584606	-178.362
229.8994	113.28	755.7248639999999	-0.000507358	-1.4782e-05	0.000501636	-178.356
230.3145	113.29	755.791577	-0.000407221	-1.14442e-05	0.000402929	-178.482
230.731	113.3	755.8582899999999	-0.000309946	-9.5368e-06	0.000303747	-178.23
231.1793	113.31	755.925003	-0.000190736	-6.19891e-06	0.000183583	-178.116
231.6102	113.32	755.9917159999999	-7.00955e-05	-2.3842e-06	6.2943e-05	-178.134
232.0423	113.33	756.0584289999999	5.6267e-05	1.90736e-06	6.19893e-05	2.1
232.458	113.34	756.125142	0.000178815	5.24524e-06	0.000185967	1.62
232.889	113.35	756.1918549999999	0.00030327	8.10629e-06	0.000308039	1.536
233.3064	113.36	756.258568	0.000418665	1.14442e-05	0.000424387	1.566
233.7533	113.37	756.325281	0.000532631	1.43052e-05	0.000537399	1.596
234.1694	113.38	756.391994	0.00063229	1.71663e-05	0.000637535	1.554
234.5857	113.39	756.458707	0.000719074	2.00273e-05	0.000722889	1.632
235.0166	113.4	756.5254199999999	0.000792984	2.24115e-05	0.000796799	1.626
235.4493	113.41	756.5921329999999	0.00085688	2.43188e-05	0.000859741	1.62
235.8637	113.42	756.6588459999999	0.000897888	2.52725e-05	0.000900272	1.608
236.297	113.43	756.725559	0.000919346	2.52725e-05	0.000920776	1.596
236.7117	113.44	756.7922719999999	0.000919346	2.62262e-05	0.000919346	1.638
237.1276	113.45	756.858985	0.00090361	2.57493e-05	0.00090361	1.65
237.5596	113.46	756.9256979999999	0.000864986	2.52725e-05	0.000863079	1.686
237.9758	113.47	756.992411	0.000803474	2.19346e-05	0.000802044	1.596
238.3906	113.48	757.059124	0.000729088	2.0981e-05	0.000724319	1.662
238.8071	113.49	757.1258369999999	0.000638489	1.81199e-05	0.000635628	1.656
244.2283	113.5	757.19255	0.000533108	1.43052e-05	0.000527862	1.56
244.6435	113.51	757.259263	0.00041485	1.1921e-05	0.000409605	1.686
245.0597	113.52	757.325976	0.000289919	8.58313e-06	0.000282289	1.77
245.4914	113.53	757.3926889999999	0.000153542	5.24524e-06	0.000147344	2.106
245.9246	113.54	757.459402	1.66894e-05	0.0	9.5368e-06	-2.724
246.3565	113.55	757.5261149999999	-0.000125409	-4.7684e-06	0.000130654	-178.152
246.772	113.56	757.5928279999999	-0.00025511	-7.62945e-06	0.000260832	-178.404
247.2043	113.57	757.6595409999999	-0.000391008	-1.14442e-05	0.000397207	-178.386
247.651	113.58	757.7262539999999	-0.00051165	-1.52589e-05	0.000516418	-178.35
248.0986	113.59	757.792967	-0.000620369	-1.81199e-05	0.000625137	-178.356
248.5145	113.6	757.8596799999999	-0.000717644	-2.0981e-05	0.000722412	-178.338
248.947	113.61	757.926393	-0.000806335	-2.33651e-05	0.000810627	-178.38
249.3945	113.62	757.993106	-0.000867371	-2.43188e-05	0.000870708	-178.422
249.842	113.63	758.059819	-0.000924114	-2.6703e-05	0.000926498	-178.374
250.2745	113.64	758.126532	-0.000945095	-2.6703e-05	0.000945572	-178.362
250.6897	113.65	758.1932449999999	-0.000953201	-2.76567e-05	0.000953678	-178.356
251.1219	113.66	758.259958	-0.000938419	-2.76567e-05	0.000936512	-178.326
251.5366	113.67	758.3266709999999	-0.00090218	-2.57493e-05	0.000901703	-178.392
251.9541	113.68	758.393384	-0.000851635	-2.47956e-05	0.000848774	-178.332
252.3847	113.69	758.4600969999999	-0.000777725	-2.28883e-05	0.000774864	-178.326
252.8173	113.7	758.52681	-0.000691418	-2.00273e-05	0.000687603	-178.356
253.2647	113.71	758.5935229999999	-0.000583652	-1.66894e-05	0.000578884	-178.344
253.6974	113.72	758.6602359999999	-0.000466825	-1.43052e-05	0.000459196	-178.29
254.1285	113.73	758.726949	-0.000335695	-1.00136e-05	0.000328066	-178.248
254.5434	113.74	758.7936619999999	-0.000200749	-6.19891e-06	0.00019455	-178.218
254.9769	113.75	758.860375	-6.2943e-05	-1.90736e-06	5.72207e-05	-178.626
255.3915	113.76	758.927088	7.62944e-05	1.90736e-06	8.15396e-05	1.59
255.8082	113.77	758.993801	0.000213624	5.24524e-06	0.000218392	1.548
256.2395	113.78	759.060514	0.000341894	9.5368e-06	0.000350954	1.56
256.6562	113.79	759.127227	0.000473501	1.38283e-05	0.00047827	1.668
257.071	113.8	759.1939399999999	0.000582699	1.62126e-05	0.000587944	1.644
257.4866	113.81	759.2606529999999	0.000686649	1.85968e-05	0.000690941	1.596
257.9356	113.82	759.3273659999999	0.000772003	2.19346e-05	0.000778202	1.614
258.351	113.83	759.3940789999999	0.000843529	2.33651e-05	0.00084782	1.596
258.7673	113.84	759.460792	0.000890736	2.52725e-05	0.000895027	1.638
259.1991	113.85	759.5275049999999	0.000919346	2.62262e-05	0.000921253	1.638
259.6309	113.86	759.594218	0.00093079	2.62262e-05	0.000931744	1.638
260.0455	113.87	759.660931	0.000919823	2.52725e-05	0.000919823	1.596
260.4943	113.88	759.7276439999999	0.000892166	2.47956e-05	0.000889305	1.614
260.9263	113.89	759.794357	0.000840191	2.28883e-05	0.000838283	1.596
261.3572	113.9	759.86107	0.000770573	2.24115e-05	0.000767712	1.716
261.773	113.91	759.927783	0.000685219	1.95504e-05	0.000683788	1.65
262.1887	113.92	759.9944959999999	0.000587944	1.57357e-05	0.000582699	1.578
262.621	113.93	760.061209	0.000474455	1.28747e-05	0.00047064	1.626
263.0522	113.94	760.1279219999999	0.000354769	9.5368e-06	0.000348093	1.554
263.4844	113.95	760.194635	0.000226975	6.19891e-06	0.00022173	1.566
263.901	113.96	760.2613479999999	0.000103474	2.3842e-06	9.67984e-05	1.62
264.3487	113.97	760.3280609999999	-3.19483e-05	-1.43052e-06	3.67167e-05	-178.122
264.7965	113.98	760.394774	-0.000158788	-4.7684e-06	0.000165463	-178.308
265.2271	113.99	760.4614869999999	-0.000282289	-9.05996e-06	0.000288012	-178.29
265.6595	114.0	760.5282	-0.000397684	-1.1921e-05	0.000403883	-178.35