Time (s) 	 Position (mm) 	 Delay (ps) 	 X 	 Y 	 R 	 theta 

5.5564	107.0	713.8290999999999	0.00016451	4.29156e-06	0.000181199	1.626
6.052	107.01	713.895813	0.00021124	5.72208e-06	0.00021124	1.626
6.4845	107.02	713.9625259999999	0.000210763	6.19891e-06	0.00021124	1.716
6.8998	107.03	714.029239	0.00020218	5.24524e-06	0.000201226	1.518
7.3154	107.04	714.095952	0.000186921	5.24524e-06	0.000185967	1.536
7.7308	107.05	714.162665	0.000167848	4.7684e-06	0.000166417	1.608
8.1638	107.06	714.229378	0.0001359	3.33787e-06	0.000134946	1.566
8.5787	107.07	714.2960909999999	9.72752e-05	1.90736e-06	9.48911e-05	1.614
8.995	107.08	714.362804	4.76839e-05	9.53682e-07	4.57766e-05	1.686
9.4103	107.09	714.429517	-4.7684e-06	4.76841e-07	6.67575e-06	175.428
9.8264	107.1	714.49623	-6.48503e-05	-2.3842e-06	6.72345e-05	-178.314
10.2579	107.11	714.5629429999999	-0.000125409	-3.33787e-06	0.000129224	-178.536
10.6905	107.12	714.629656	-0.000188828	-5.72208e-06	0.000191213	-178.416
11.1377	107.13	714.6963689999999	-0.000249388	-6.67575e-06	0.000252249	-178.494
11.5854	107.14	714.7630819999999	-0.000300409	-9.05996e-06	0.000302793	-178.368
12.0005	107.15	714.829795	-0.000342371	-1.00136e-05	0.000343325	-178.338
12.4337	107.16	714.8965079999999	-0.000374319	-1.09673e-05	0.000375273	-178.374
12.8484	107.17	714.963221	-0.000394823	-1.14442e-05	0.0003953	-178.41
13.2813	107.18	715.029934	-0.000402452	-1.23978e-05	0.000402929	-178.296
13.6961	107.19	715.096647	-0.000396254	-1.14442e-05	0.0003953	-178.362
14.145	107.2	715.16336	-0.000370027	-1.04905e-05	0.000367643	-178.338
14.5753	107.21	715.230073	-0.000334742	-9.5368e-06	0.000332834	-178.392
14.9916	107.22	715.296786	-0.000289442	-8.10629e-06	0.000287058	-178.404
15.4079	107.23	715.3634989999999	-0.000234128	-6.67575e-06	0.000231267	-178.344
15.8241	107.24	715.4302119999999	-0.000177384	-5.24524e-06	0.000175	-178.248
16.2401	107.25	715.4969249999999	-0.000123979	-3.33787e-06	0.000121594	-178.266
16.6718	107.26	715.563638	-7.62944e-05	-2.86104e-06	7.39102e-05	-177.918
17.1026	107.27	715.6303509999999	-3.67167e-05	-4.76841e-07	3.43325e-05	180.0
17.5031	107.28	715.697064	-3.33787e-06	0.0	1.90736e-06	180.0
17.9192	107.29	715.763777	2.33651e-05	0.0	2.47956e-05	0.756
18.3511	107.3	715.8304899999999	4.29156e-05	4.76841e-07	4.33924e-05	0.87
18.783	107.31	715.897203	5.6267e-05	1.43052e-06	5.6267e-05	1.674
19.1979	107.32	715.9639159999999	6.2943e-05	9.53682e-07	6.2943e-05	0.9
19.6146	107.33	716.030629	6.38966e-05	2.3842e-06	6.38966e-05	2.658
20.0296	107.34	716.097342	6.05586e-05	1.43052e-06	6.10356e-05	1.554
20.4301	107.35	716.164055	5.29292e-05	9.53682e-07	5.24523e-05	1.452
20.8453	107.36	716.2307679999999	3.95777e-05	4.76841e-07	3.91009e-05	1.458
21.2762	107.37	716.297481	2.62262e-05	4.76841e-07	2.52725e-05	1.488
21.6918	107.38	716.3641939999999	1.09673e-05	0.0	1.00136e-05	1.848
22.1076	107.39	716.4309069999999	4.76841e-07	-4.76841e-07	0.0	-90.0
22.5414	107.4	716.49762	-1.14442e-05	-4.76841e-07	1.1921e-05	-178.452
23.0051	107.41	716.5643329999999	-2.19346e-05	-9.53682e-07	2.19346e-05	-178.314
23.4364	107.42	716.631046	-3.24252e-05	-1.43052e-06	3.19483e-05	-177.666
23.8516	107.43	716.697759	-3.95777e-05	-9.53682e-07	3.95777e-05	-179.04
24.284	107.44	716.764472	-4.57766e-05	-1.43052e-06	4.57766e-05	-178.752
24.7324	107.45	716.831185	-5.43597e-05	-1.43052e-06	5.43597e-05	-179.298
25.1472	107.46	716.8978979999999	-6.24661e-05	-2.3842e-06	6.2943e-05	-178.194
25.5951	107.47	716.964611	-6.96187e-05	-2.86104e-06	6.96187e-05	-177.81
26.0266	107.48	717.0313239999999	-7.34334e-05	-2.3842e-06	7.34334e-05	-178.188
26.4754	107.49	717.0980369999999	-7.53407e-05	-2.3842e-06	7.48639e-05	-178.482
26.8906	107.5	717.1647499999999	-7.53407e-05	-2.3842e-06	7.48639e-05	-178.47
27.3391	107.51	717.231463	-6.81882e-05	-2.3842e-06	6.72345e-05	-178.296
27.7708	107.52	717.2981759999999	-5.67439e-05	-1.43052e-06	5.57902e-05	-178.974
28.2335	107.53	717.364889	-3.91009e-05	-1.43052e-06	3.76704e-05	-178.482
28.6652	107.54	717.431602	-1.85968e-05	-4.76841e-07	1.76431e-05	-177.84
29.0815	107.55	717.4983149999999	4.29156e-06	0.0	5.24524e-06	0.0
29.5133	107.56	717.565028	2.6703e-05	9.53682e-07	2.76567e-05	1.35
29.9453	107.57	717.6317409999999	5.3406e-05	9.53682e-07	5.53133e-05	1.362
30.3613	107.58	717.698454	7.91554e-05	1.90736e-06	7.96323e-05	1.428
30.7765	107.59	717.765167	0.000100136	2.3842e-06	0.00010109	1.5
31.2252	107.6	717.83188	0.000120163	2.86104e-06	0.000121594	1.716
31.6565	107.61	717.898593	0.000140191	3.81473e-06	0.000141622	1.464
32.073	107.62	717.9653059999999	0.000162602	4.29156e-06	0.000163079	1.632
32.4728	107.63	718.0320189999999	0.000179769	4.29156e-06	0.000180245	1.584
32.8726	107.64	718.0987319999999	0.000193597	5.24524e-06	0.000193597	1.668
33.2875	107.65	718.165445	0.00020361	5.72208e-06	0.000204564	1.674
33.7191	107.66	718.2321579999999	0.000213624	6.19891e-06	0.000213624	1.698
34.1353	107.67	718.298871	0.000222684	5.72208e-06	0.000223161	1.626
34.5666	107.68	718.365584	0.000226022	5.24524e-06	0.000226022	1.35
34.9997	107.69	718.432297	0.000223161	5.24524e-06	0.000223161	1.536
35.4313	107.7	718.49901	0.000218869	6.19891e-06	0.000218869	1.746
35.8628	107.71	718.5657229999999	0.000211717	5.72208e-06	0.00021124	1.536
36.2791	107.72	718.632436	0.000201226	5.24524e-06	0.000200273	1.62
36.695	107.73	718.699149	0.000185967	5.24524e-06	0.000184537	1.656
37.1253	107.74	718.765862	0.000169755	4.7684e-06	0.000168801	1.698
37.5585	107.75	718.8325749999999	0.000151635	4.29156e-06	0.000149251	1.668
37.9732	107.76	718.899288	0.000131131	2.86104e-06	0.000130654	1.464
38.3903	107.77	718.9660009999999	0.000110627	2.3842e-06	0.000109196	1.398
38.8054	107.78	719.0327139999999	8.82153e-05	1.43052e-06	8.72617e-05	1.314
39.2209	107.79	719.099427	6.5804e-05	1.90736e-06	6.43735e-05	2.088
39.6366	107.8	719.1661399999999	4.57766e-05	9.53682e-07	4.52998e-05	1.272
40.069	107.81	719.232853	2.62262e-05	4.76841e-07	2.47956e-05	0.774
40.5166	107.82	719.2995659999999	5.24524e-06	-4.76841e-07	4.29156e-06	-4.764
40.9483	107.83	719.366279	-1.38283e-05	-4.76841e-07	1.4782e-05	-178.752
41.3808	107.84	719.432992	-2.9564e-05	-1.43052e-06	3.00409e-05	-178.782
41.7953	107.85	719.499705	-4.29156e-05	-1.90736e-06	4.29156e-05	-177.78
42.2447	107.86	719.566418	-5.0545e-05	-1.43052e-06	5.0545e-05	-178.512
42.6753	107.87	719.6331309999999	-5.67439e-05	-2.3842e-06	5.6267e-05	-177.966
43.1072	107.88	719.6998439999999	-5.76975e-05	-1.43052e-06	5.72207e-05	-179.004
43.5239	107.89	719.7665569999999	-5.6267e-05	-2.3842e-06	5.53133e-05	-177.942
43.9547	107.9	719.83327	-5.0545e-05	-2.3842e-06	4.95913e-05	-177.696
44.4028	107.91	719.8999829999999	-4.43461e-05	-1.43052e-06	4.38693e-05	-178.686
44.8185	107.92	719.966696	-3.71935e-05	0.0	3.67167e-05	180.0
45.2351	107.93	720.033409	-3.09946e-05	-4.76841e-07	3.00409e-05	-179.37
45.6507	107.94	720.1001219999999	-2.33651e-05	-9.53682e-07	2.24115e-05	-178.314
46.0818	107.95	720.166835	-1.62126e-05	-9.53682e-07	1.57357e-05	-177.564
46.4987	107.96	720.2335479999999	-1.14442e-05	-9.53682e-07	1.00136e-05	-176.31
46.9454	107.97	720.300261	-7.62945e-06	0.0	7.15259e-06	177.276
47.3942	107.98	720.366974	-2.3842e-06	-1.43052e-06	1.90736e-06	-158.196
47.8096	107.99	720.433687	2.3842e-06	0.0	2.86104e-06	0.0
53.2299	108.0	720.5003999999999	4.7684e-06	0.0	5.24524e-06	0.0
53.6465	108.01	720.567113	6.67575e-06	0.0	7.15259e-06	0.0
54.0625	108.02	720.6338259999999	9.5368e-06	0.0	9.5368e-06	0.0
54.479	108.03	720.7005389999999	1.00136e-05	0.0	1.00136e-05	0.0
54.91	108.04	720.767252	1.00136e-05	0.0	1.00136e-05	1.848
55.3575	108.05	720.8339649999999	9.5368e-06	4.76841e-07	9.5368e-06	5.712
55.7732	108.06	720.900678	1.00136e-05	-4.76841e-07	1.00136e-05	-1.848
56.1901	108.07	720.9673909999999	1.23978e-05	9.53682e-07	1.23978e-05	6.012
56.6053	108.08	721.034104	1.23978e-05	0.0	1.28747e-05	0.0
57.0218	108.09	721.100817	1.52589e-05	4.76841e-07	1.52589e-05	2.388
57.4536	108.1	721.1675299999999	2.0981e-05	9.53682e-07	2.0981e-05	2.682
57.8853	108.11	721.234243	2.47956e-05	9.53682e-07	2.52725e-05	2.232
58.3166	108.12	721.3009559999999	3.09946e-05	4.76841e-07	3.09946e-05	0.612
58.7487	108.13	721.367669	3.62399e-05	9.53682e-07	3.67167e-05	1.536
59.1802	108.14	721.4343819999999	4.33924e-05	1.43052e-06	4.38693e-05	1.734
59.5961	108.15	721.501095	5.19755e-05	1.43052e-06	5.24523e-05	1.812
60.0118	108.16	721.5678079999999	6.05586e-05	9.53682e-07	6.10356e-05	1.248
60.427	108.17	721.634521	6.72345e-05	1.90736e-06	6.77113e-05	1.686
60.8266	108.18	721.701234	7.39102e-05	9.53682e-07	7.39102e-05	1.026
61.2599	108.19	721.7679469999999	8.05859e-05	1.90736e-06	8.15396e-05	1.398
61.6595	108.2	721.83466	8.67848e-05	1.90736e-06	8.67848e-05	1.314
62.0916	108.21	721.9013729999999	9.29837e-05	2.86104e-06	9.29837e-05	1.848
62.4915	108.22	721.968086	9.44142e-05	2.86104e-06	9.44142e-05	2.016
62.9054	108.23	722.034799	9.34605e-05	2.86104e-06	9.29837e-05	1.842
63.3065	108.24	722.101512	8.96459e-05	2.3842e-06	8.9169e-05	1.5
63.7384	108.25	722.168225	8.10628e-05	1.90736e-06	8.05859e-05	1.656
64.1378	108.26	722.2349379999999	6.72345e-05	1.90736e-06	6.62808e-05	1.716
64.5688	108.27	722.3016509999999	4.62534e-05	9.53682e-07	4.43461e-05	2.622
65.0023	108.28	722.3683639999999	2.19346e-05	9.53682e-07	2.05041e-05	2.814
65.4164	108.29	722.435077	-4.7684e-06	0.0	5.24524e-06	180.0
65.8339	108.3	722.5017899999999	-3.33788e-05	-1.43052e-06	3.43325e-05	-177.816
66.2816	108.31	722.568503	-6.48503e-05	-2.3842e-06	6.67577e-05	-178.584
66.7129	108.32	722.6352159999999	-9.25069e-05	-2.3842e-06	9.39374e-05	-178.794
67.1767	108.33	722.701929	-0.00012064	-3.81473e-06	0.000122071	-178.446
67.624	108.34	722.768642	-0.000143052	-3.33787e-06	0.000143529	-178.812
68.0566	108.35	722.8353549999999	-0.000159265	-5.72208e-06	0.000159741	-178.212
68.4716	108.36	722.902068	-0.000171662	-5.72208e-06	0.000172616	-178.236
68.9034	108.37	722.968781	-0.000175954	-4.7684e-06	0.000175954	-178.374
69.3195	108.38	723.035494	-0.000175	-5.72208e-06	0.000174523	-178.254
69.7354	108.39	723.1022069999999	-0.000166417	-4.7684e-06	0.00016594	-178.386
70.184	108.4	723.16892	-0.000149251	-5.24524e-06	0.000147344	-178.188
70.6147	108.41	723.2356329999999	-0.000128747	-3.81473e-06	0.000127793	-178.206
71.0466	108.42	723.302346	-0.000102997	-2.3842e-06	0.00010109	-178.488
71.4954	108.43	723.369059	-7.91554e-05	-2.3842e-06	7.72481e-05	-178.272
71.9262	108.44	723.4357719999999	-4.91145e-05	-2.3842e-06	4.72071e-05	-177.582
72.3582	108.45	723.502485	-2.90872e-05	-1.43052e-06	2.6703e-05	-177.852
72.775	108.46	723.5691979999999	-1.14442e-05	0.0	9.5368e-06	180.0
73.1899	108.47	723.635911	-9.53682e-07	0.0	0.0	135.0
73.6053	108.48	723.702624	6.19891e-06	0.0	6.67575e-06	0.0
74.0223	108.49	723.769337	6.67575e-06	0.0	6.19891e-06	0.0
74.4701	108.5	723.83605	2.86104e-06	-4.76841e-07	1.90736e-06	-9.462
74.9011	108.51	723.9027629999999	-5.72208e-06	-4.76841e-07	5.24524e-06	180.0
75.3329	108.52	723.9694759999999	-1.38283e-05	0.0	1.33515e-05	178.638
75.7491	108.53	724.0361889999999	-2.3842e-05	-4.76841e-07	2.33651e-05	-178.41
76.1797	108.54	724.102902	-3.14715e-05	-1.43052e-06	3.14715e-05	-178.212
76.6122	108.55	724.1696149999999	-3.95777e-05	-1.90736e-06	3.95777e-05	-178.074
77.0439	108.56	724.236328	-4.57766e-05	-1.90736e-06	4.52998e-05	-177.894
77.4928	108.57	724.3030409999999	-5.00681e-05	-1.43052e-06	4.95913e-05	-178.848
77.9239	108.58	724.369754	-5.29292e-05	-1.90736e-06	5.24523e-05	-178.188
78.3554	108.59	724.436467	-5.53133e-05	-2.3842e-06	5.53133e-05	-177.942
78.8041	108.6	724.5031799999999	-5.67439e-05	-1.43052e-06	5.6267e-05	-178.65
79.2522	108.61	724.569893	-5.57902e-05	-2.3842e-06	5.57902e-05	-177.612
79.6671	108.62	724.636606	-5.24523e-05	-9.53682e-07	5.10218e-05	-179.256
80.0828	108.63	724.703319	-4.72071e-05	-9.53682e-07	4.67303e-05	-179.184
80.4987	108.64	724.7700319999999	-4.43461e-05	-1.43052e-06	4.38693e-05	-178.71
80.9298	108.65	724.836745	-4.00546e-05	-1.43052e-06	3.95777e-05	-179.04
81.3458	108.66	724.9034579999999	-3.43325e-05	-1.43052e-06	3.38557e-05	-177.756
81.7619	108.67	724.9701709999999	-3.00409e-05	-9.53682e-07	2.86103e-05	-178.68
82.195	108.68	725.036884	-2.57493e-05	-9.53682e-07	2.52725e-05	-178.47
82.6254	108.69	725.1035969999999	-1.90736e-05	-9.53682e-07	1.81199e-05	-176.934
83.0407	108.7	725.17031	-1.14442e-05	-1.43052e-06	1.00136e-05	-174.288
83.4741	108.71	725.2370229999999	-1.43052e-06	-4.76841e-07	4.76841e-07	-90.0
83.9047	108.72	725.303736	1.1921e-05	4.76841e-07	1.28747e-05	2.934
84.3368	108.73	725.370449	2.76567e-05	9.53682e-07	2.86103e-05	1.302
84.7521	108.74	725.437162	4.38693e-05	1.90736e-06	4.52998e-05	2.076
85.1844	108.75	725.503875	6.2943e-05	1.90736e-06	6.38966e-05	1.77
85.6165	108.76	725.570588	7.96323e-05	1.90736e-06	8.10628e-05	1.17
86.032	108.77	725.637301	9.63216e-05	1.90736e-06	9.67984e-05	1.572
86.465	108.78	725.7040139999999	0.000109673	2.86104e-06	0.000110627	1.722
86.9111	108.79	725.770727	0.000119687	3.81473e-06	0.000119687	1.914
87.3601	108.8	725.8374399999999	0.000124932	4.29156e-06	0.000125409	1.818
87.7914	108.81	725.904153	0.000127793	2.86104e-06	0.000127316	1.494
88.2228	108.82	725.9708659999999	0.000124932	3.33787e-06	0.000124932	1.68
88.6553	108.83	726.0375789999999	0.00011921	3.81473e-06	0.000118256	1.938
89.0716	108.84	726.104292	0.00011158	2.86104e-06	0.000111104	1.716
89.4866	108.85	726.1710049999999	0.000102044	2.86104e-06	0.000101567	1.686
89.9025	108.86	726.237718	9.29837e-05	2.86104e-06	9.25069e-05	1.854
90.3351	108.87	726.304431	8.05859e-05	2.3842e-06	7.96323e-05	1.914
90.7654	108.88	726.371144	6.77113e-05	1.90736e-06	6.72345e-05	1.986
91.1825	108.89	726.437857	5.86512e-05	1.90736e-06	5.76975e-05	2.304
91.5974	108.9	726.50457	4.81608e-05	9.53682e-07	4.76839e-05	1.986
92.0303	108.91	726.5712829999999	3.8624e-05	9.53682e-07	3.81472e-05	1.008
92.4773	108.92	726.6379959999999	2.9564e-05	9.53682e-07	2.86103e-05	1.32
92.893	108.93	726.704709	2.14578e-05	4.76841e-07	2.14578e-05	1.788
93.3098	108.94	726.7714219999999	1.52589e-05	0.0	1.4782e-05	1.302
93.7408	108.95	726.838135	9.05996e-06	4.76841e-07	8.58313e-06	4.236
94.173	108.96	726.9048479999999	3.33787e-06	4.76841e-07	3.81473e-06	14.034
94.6051	108.97	726.971561	4.76841e-07	4.76841e-07	4.76841e-07	90.0
95.0211	108.98	727.038274	-3.33787e-06	0.0	2.86104e-06	180.0
95.4352	108.99	727.1049869999999	-5.24524e-06	4.76841e-07	4.7684e-06	176.184
100.8896	109.0	727.1717	-8.10629e-06	0.0	7.62945e-06	180.0
101.3221	109.01	727.238413	-9.05996e-06	0.0	8.58313e-06	180.0
101.7363	109.02	727.305126	-8.10629e-06	0.0	8.58313e-06	180.0
102.1539	109.03	727.3718389999999	-1.00136e-05	0.0	1.00136e-05	180.0
102.5696	109.04	727.438552	-1.14442e-05	0.0	1.09673e-05	180.0
102.9853	109.05	727.5052649999999	-1.00136e-05	0.0	9.5368e-06	-178.092
103.4165	109.06	727.571978	-8.10629e-06	-4.76841e-07	7.15259e-06	-177.396
103.865	109.07	727.6386909999999	-4.29156e-06	-9.53682e-07	3.33787e-06	-174.804
104.28	109.08	727.7054039999999	-1.43052e-06	0.0	0.0	135.0
104.7126	109.09	727.772117	1.90736e-06	0.0	2.86104e-06	0.0
105.1435	109.1	727.8388299999999	6.19891e-06	4.76841e-07	6.19891e-06	2.862
105.5595	109.11	727.905543	9.5368e-06	0.0	9.5368e-06	1.908
105.9752	109.12	727.972256	1.14442e-05	4.76841e-07	1.14442e-05	1.638
106.407	109.13	728.038969	1.09673e-05	9.53682e-07	1.09673e-05	6.708
106.8398	109.14	728.105682	9.05996e-06	4.76841e-07	9.05996e-06	4.086
107.2709	109.15	728.1723949999999	8.10629e-06	0.0	8.10629e-06	0.0
107.6857	109.16	728.2391079999999	6.67575e-06	0.0	6.67575e-06	0.0
108.1192	109.17	728.3058209999999	2.86104e-06	0.0	2.86104e-06	7.122
108.5512	109.18	728.372534	-1.43052e-06	0.0	9.53682e-07	-165.966
108.9653	109.19	728.4392469999999	-5.24524e-06	0.0	4.7684e-06	176.184
109.4145	109.2	728.50596	-8.10629e-06	4.76841e-07	8.10629e-06	177.798
109.8784	109.21	728.5726729999999	-1.33515e-05	-4.76841e-07	1.28747e-05	-178.53
110.3103	109.22	728.639386	-1.81199e-05	-4.76841e-07	1.76431e-05	-178.938
110.7413	109.23	728.706099	-2.33651e-05	-1.43052e-06	2.28883e-05	-176.73
111.189	109.24	728.7728119999999	-2.52725e-05	-9.53682e-07	2.47956e-05	-178.47
111.6054	109.25	728.839525	-2.6703e-05	-9.53682e-07	2.62262e-05	-177.852
112.0369	109.26	728.906238	-3.00409e-05	-1.90736e-06	2.9564e-05	-177.456
112.5008	109.27	728.972951	-3.05178e-05	-1.43052e-06	3.05178e-05	-178.134
112.9163	109.28	729.039664	-3.00409e-05	-1.43052e-06	2.9564e-05	-177.426
113.38	109.29	729.106377	-2.90872e-05	-1.43052e-06	2.81335e-05	-177.306
113.8121	109.3	729.1730899999999	-2.47956e-05	-1.43052e-06	2.43188e-05	-177.678
114.2446	109.31	729.2398029999999	-2.24115e-05	-4.76841e-07	2.19346e-05	-179.13
114.7074	109.32	729.3065159999999	-1.81199e-05	-4.76841e-07	1.76431e-05	-178.92
115.1388	109.33	729.3732289999999	-1.33515e-05	-4.76841e-07	1.28747e-05	-178.494
115.5554	109.34	729.439942	-9.5368e-06	0.0	9.5368e-06	180.0
115.9713	109.35	729.5066549999999	-7.15259e-06	0.0	6.67575e-06	177.138
116.3864	109.36	729.573368	-4.7684e-06	0.0	4.29156e-06	180.0
116.8015	109.37	729.640081	-3.33787e-06	0.0	2.86104e-06	180.0
117.2191	109.38	729.706794	-2.3842e-06	-4.76841e-07	1.90736e-06	-171.87
117.6667	109.39	729.773507	-3.33787e-06	0.0	3.33787e-06	175.236
118.0988	109.4	729.84022	-5.24524e-06	0.0	5.24524e-06	176.424
118.5306	109.41	729.906933	-5.72208e-06	-9.53682e-07	5.72208e-06	-173.292
118.9617	109.42	729.9736459999999	-5.72208e-06	-4.76841e-07	5.24524e-06	-172.404
119.41	109.43	730.040359	-4.7684e-06	-9.53682e-07	4.29156e-06	-171.252
119.8415	109.44	730.1070719999999	-3.81473e-06	-4.76841e-07	3.33787e-06	-168.69
120.2731	109.45	730.173785	-4.7684e-06	-4.76841e-07	4.29156e-06	180.0
120.705	109.46	730.2404979999999	-2.86104e-06	-9.53682e-07	2.3842e-06	-172.878
121.1366	109.47	730.3072109999999	-3.33787e-06	-4.76841e-07	2.3842e-06	-172.878
121.5524	109.48	730.373924	-2.3842e-06	0.0	1.43052e-06	180.0
121.9691	109.49	730.4406369999999	-3.33787e-06	0.0	3.33787e-06	180.0
122.4009	109.5	730.50735	-4.29156e-06	0.0	3.81473e-06	180.0
122.8477	109.51	730.574063	-4.29156e-06	-9.53682e-07	3.81473e-06	-170.538
123.2644	109.52	730.640776	-3.81473e-06	0.0	3.33787e-06	180.0
123.7123	109.53	730.707489	-3.33787e-06	0.0	2.86104e-06	180.0
124.1434	109.54	730.774202	-2.86104e-06	-4.76841e-07	2.3842e-06	180.0
124.5749	109.55	730.8409149999999	-2.3842e-06	0.0	2.3842e-06	173.658
125.0066	109.56	730.9076279999999	-4.76841e-07	0.0	4.76841e-07	180.0
125.4396	109.57	730.9743409999999	9.53682e-07	-4.76841e-07	9.53682e-07	0.0
125.8554	109.58	731.0410539999999	3.33787e-06	0.0	3.33787e-06	0.0
126.2862	109.59	731.107767	2.3842e-06	-9.53682e-07	2.86104e-06	-12.528
126.7189	109.6	731.1744799999999	4.29156e-06	0.0	4.29156e-06	4.398
127.135	109.61	731.241193	4.29156e-06	-9.53682e-07	3.81473e-06	-9.462
127.5506	109.62	731.307906	2.86104e-06	0.0	2.86104e-06	6.342
127.9824	109.63	731.3746189999999	0.0	-4.76841e-07	9.53682e-07	-45.0
128.3974	109.64	731.441332	-3.33787e-06	-9.53682e-07	3.33787e-06	-170.538
128.8452	109.65	731.508045	-5.72208e-06	-9.53682e-07	5.72208e-06	-176.82
129.2611	109.66	731.574758	-8.58313e-06	0.0	8.10629e-06	177.708
129.6937	109.67	731.6414709999999	-1.00136e-05	-9.53682e-07	1.00136e-05	-176.424
130.1086	109.68	731.708184	-1.23978e-05	-4.76841e-07	1.1921e-05	180.0
130.5414	109.69	731.7748969999999	-1.28747e-05	-4.76841e-07	1.1921e-05	-178.452
130.9566	109.7	731.84161	-1.14442e-05	0.0	1.09673e-05	180.0
131.389	109.71	731.9083229999999	-8.10629e-06	-4.76841e-07	7.62945e-06	-175.236
131.8199	109.72	731.9750359999999	-6.19891e-06	0.0	5.72208e-06	-173.658
132.2352	109.73	732.041749	-5.72208e-06	-9.53682e-07	5.24524e-06	-176.634
132.668	109.74	732.1084619999999	-5.72208e-06	-4.76841e-07	5.24524e-06	-172.878
133.0836	109.75	732.175175	-5.24524e-06	-4.76841e-07	4.7684e-06	-176.184
133.5321	109.76	732.241888	-6.67575e-06	-4.76841e-07	6.19891e-06	-173.988
133.9623	109.77	732.308601	-9.05996e-06	0.0	8.58313e-06	180.0
134.3797	109.78	732.375314	-1.23978e-05	-9.53682e-07	1.1921e-05	-178.452
134.8107	109.79	732.4420269999999	-1.66894e-05	0.0	1.66894e-05	177.756
135.2266	109.8	732.50874	-1.90736e-05	0.0	1.90736e-05	179.01
135.674	109.81	732.5754529999999	-2.28883e-05	-9.53682e-07	2.24115e-05	-178.314
136.1063	109.82	732.6421659999999	-2.47956e-05	-9.53682e-07	2.47956e-05	-179.238
136.5218	109.83	732.7088789999999	-2.71798e-05	-1.43052e-06	2.6703e-05	-177.882
136.9385	109.84	732.775592	-2.6703e-05	-1.43052e-06	2.62262e-05	-177.852
137.3853	109.85	732.8423049999999	-2.6703e-05	-1.90736e-06	2.62262e-05	-177.138
137.8173	109.86	732.909018	-2.81335e-05	-9.53682e-07	2.76567e-05	-177.978
138.2487	109.87	732.975731	-2.90872e-05	-1.43052e-06	2.86103e-05	-177.366
138.6653	109.88	733.0424439999999	-2.90872e-05	-9.53682e-07	2.86103e-05	-178.68
139.1129	109.89	733.109157	-2.81335e-05	-1.43052e-06	2.76567e-05	-178.62
139.5453	109.9	733.17587	-2.81335e-05	-1.43052e-06	2.81335e-05	-178.002
139.9761	109.91	733.242583	-2.90872e-05	-1.43052e-06	2.90872e-05	-178.05
140.3928	109.92	733.309296	-3.05178e-05	-1.43052e-06	3.00409e-05	-178.11
140.8251	109.93	733.376009	-3.14715e-05	-9.53682e-07	3.09946e-05	-178.782
141.2392	109.94	733.4427219999999	-3.24252e-05	-9.53682e-07	3.19483e-05	-178.818
141.6552	109.95	733.5094349999999	-3.52862e-05	-1.43052e-06	3.48093e-05	-177.816
142.0705	109.96	733.5761479999999	-3.91009e-05	-1.43052e-06	3.8624e-05	-178.026
142.5037	109.97	733.6428609999999	-4.10082e-05	-1.43052e-06	4.10082e-05	-178.614
142.9344	109.98	733.709574	-4.38693e-05	-1.43052e-06	4.38693e-05	-178.71
143.3517	109.99	733.7762869999999	-4.43461e-05	-9.53682e-07	4.38693e-05	-178.698
148.7892	110.0	733.843	-4.76839e-05	-1.43052e-06	4.72071e-05	-178.398
149.2211	110.01	733.909713	-4.86376e-05	-1.90736e-06	4.81608e-05	-178.014
149.652	110.02	733.976426	-5.10218e-05	-2.3842e-06	5.0545e-05	-178.128
150.0843	110.03	734.043139	-5.24523e-05	-1.43052e-06	5.19755e-05	-178.896
150.5161	110.04	734.109852	-5.29292e-05	-1.90736e-06	5.29292e-05	-178.2
150.9313	110.05	734.176565	-5.14986e-05	-1.90736e-06	5.0545e-05	-178.494
151.3632	110.06	734.2432779999999	-4.86376e-05	-2.3842e-06	4.76839e-05	-177.6
151.7794	110.07	734.3099909999999	-4.43461e-05	-1.90736e-06	4.38693e-05	-177.864
152.195	110.08	734.3767039999999	-4.00546e-05	-1.43052e-06	3.91009e-05	-178.056
152.6266	110.09	734.443417	-3.33788e-05	-9.53682e-07	3.19483e-05	-178.818
153.0595	110.1	734.5101299999999	-2.47956e-05	-1.43052e-06	2.3842e-05	-177.582
153.4913	110.11	734.5768429999999	-1.33515e-05	-1.43052e-06	1.28747e-05	-175.488
153.891	110.12	734.643556	-4.7684e-06	0.0	4.29156e-06	180.0
154.3058	110.13	734.7102689999999	3.81473e-06	0.0	4.29156e-06	4.398
154.7228	110.14	734.776982	1.09673e-05	0.0	1.1921e-05	0.0
155.1853	110.15	734.843695	2.0981e-05	9.53682e-07	2.0981e-05	2.682
155.6172	110.16	734.910408	2.62262e-05	9.53682e-07	2.6703e-05	1.398
156.0501	110.17	734.977121	3.19483e-05	4.76841e-07	3.19483e-05	1.194
156.4809	110.18	735.043834	3.2902e-05	9.53682e-07	3.24252e-05	1.752
156.8966	110.19	735.1105469999999	3.38557e-05	0.0	3.43325e-05	1.104
157.3294	110.2	735.1772599999999	3.33788e-05	4.76841e-07	3.33788e-05	1.146
157.7931	110.21	735.2439729999999	2.9564e-05	9.53682e-07	2.90872e-05	3.288
158.2086	110.22	735.3106859999999	2.24115e-05	9.53682e-07	2.19346e-05	2.604
158.6241	110.23	735.377399	1.62126e-05	0.0	1.57357e-05	1.194
159.0888	110.24	735.4441119999999	8.58313e-06	-4.76841e-07	8.58313e-06	-2.202
159.5206	110.25	735.510825	1.90736e-06	0.0	1.43052e-06	14.034
159.9516	110.26	735.577538	-5.72208e-06	-4.76841e-07	5.72208e-06	-176.82
160.4002	110.27	735.6442509999999	-1.33515e-05	-9.53682e-07	1.28747e-05	-175.71
160.8153	110.28	735.710964	-1.71663e-05	-4.76841e-07	1.71663e-05	-177.798
161.2318	110.29	735.777677	-1.95504e-05	0.0	1.90736e-05	179.01
161.6637	110.3	735.84439	-2.05041e-05	-1.43052e-06	2.00273e-05	-177.186
162.0794	110.31	735.9111029999999	-2.00273e-05	-4.76841e-07	1.95504e-05	180.0
162.4952	110.32	735.977816	-1.62126e-05	0.0	1.52589e-05	180.0
162.911	110.33	736.0445289999999	-9.5368e-06	-9.53682e-07	8.58313e-06	-177.798
163.3429	110.34	736.111242	-1.43052e-06	-9.53682e-07	9.53682e-07	-135.0
163.7586	110.35	736.1779549999999	8.58313e-06	0.0	8.58313e-06	0.0
164.2377	110.36	736.2446679999999	1.95504e-05	4.76841e-07	2.00273e-05	1.848
164.6702	110.37	736.311381	3.09946e-05	4.76841e-07	3.19483e-05	0.594
165.0845	110.38	736.3780939999999	4.24387e-05	9.53682e-07	4.29156e-05	2.202
165.5008	110.39	736.444807	5.19755e-05	1.90736e-06	5.24523e-05	2.16
165.916	110.4	736.51152	5.86512e-05	9.53682e-07	5.86512e-05	1.626
166.3485	110.41	736.578233	6.05586e-05	9.53682e-07	6.05586e-05	0.942
166.7963	110.42	736.644946	6.05586e-05	1.43052e-06	6.05586e-05	1.26
167.2123	110.43	736.7116589999999	6.05586e-05	1.43052e-06	6.05586e-05	1.566
167.645	110.44	736.778372	5.6267e-05	9.53682e-07	5.6267e-05	1.014
168.0928	110.45	736.8450849999999	5.0545e-05	1.90736e-06	5.0545e-05	2.274
168.5405	110.46	736.9117979999999	4.38693e-05	9.53682e-07	4.33924e-05	1.314
168.9714	110.47	736.9785109999999	3.67167e-05	1.43052e-06	3.67167e-05	2.064
169.3874	110.48	737.045224	2.9564e-05	4.76841e-07	3.00409e-05	0.63
169.8032	110.49	737.1119369999999	2.14578e-05	0.0	2.0981e-05	0.912
170.2183	110.5	737.17865	1.43052e-05	0.0	1.43052e-05	0.0
170.6517	110.51	737.245363	1.09673e-05	4.76841e-07	1.09673e-05	1.734
171.0989	110.52	737.3120759999999	6.19891e-06	-4.76841e-07	6.19891e-06	0.0
171.5143	110.53	737.378789	2.86104e-06	0.0	2.86104e-06	0.0
171.9301	110.54	737.445502	0.0	9.53682e-07	9.53682e-07	108.432
172.3629	110.55	737.512215	-1.43052e-06	0.0	9.53682e-07	161.568
172.7931	110.56	737.578928	-2.3842e-06	-9.53682e-07	2.3842e-06	-165.966
173.2419	110.57	737.645641	-3.33787e-06	-4.76841e-07	2.86104e-06	-169.692
173.6582	110.58	737.7123539999999	-4.7684e-06	-4.76841e-07	3.81473e-06	-175.236
174.0728	110.59	737.7790669999999	-5.72208e-06	0.0	5.24524e-06	176.634
174.4899	110.6	737.8457799999999	-6.19891e-06	0.0	6.19891e-06	180.0
174.9216	110.61	737.9124929999999	-5.72208e-06	0.0	4.7684e-06	176.184
175.385	110.62	737.979206	-4.29156e-06	-4.76841e-07	4.29156e-06	-175.236
175.8482	110.63	738.0459189999999	-2.3842e-06	4.76841e-07	1.90736e-06	164.052
176.265	110.64	738.112632	-4.76841e-07	0.0	0.0	180.0
176.6797	110.65	738.179345	4.29156e-06	-4.76841e-07	4.7684e-06	-3.816
177.0953	110.66	738.246058	1.04905e-05	4.76841e-07	1.09673e-05	3.366
177.5125	110.67	738.312771	1.76431e-05	0.0	1.76431e-05	2.118
177.9922	110.68	738.379484	2.43188e-05	9.53682e-07	2.43188e-05	2.292
178.4073	110.69	738.446197	3.2902e-05	9.53682e-07	3.33788e-05	2.244
178.8239	110.7	738.5129099999999	4.14851e-05	9.53682e-07	4.19619e-05	1.806
179.2396	110.71	738.5796229999999	5.0545e-05	9.53682e-07	5.10218e-05	1.11
179.6553	110.72	738.6463359999999	5.81744e-05	9.53682e-07	5.81744e-05	1.302
180.0863	110.73	738.713049	6.38966e-05	1.43052e-06	6.43735e-05	1.176
180.502	110.74	738.7797619999999	6.96187e-05	2.3842e-06	6.96187e-05	2.172
180.9501	110.75	738.8464749999999	7.29566e-05	1.90736e-06	7.34334e-05	1.296
181.3817	110.76	738.913188	7.34334e-05	2.3842e-06	7.29566e-05	2.334
181.7977	110.77	738.9799009999999	7.39102e-05	1.43052e-06	7.39102e-05	1.542
182.2292	110.78	739.046614	7.05724e-05	1.43052e-06	7.05724e-05	1.35
182.6622	110.79	739.113327	6.62808e-05	1.90736e-06	6.62808e-05	2.004
183.0771	110.8	739.18004	6.00817e-05	1.43052e-06	6.00817e-05	1.59
183.493	110.81	739.246753	5.0545e-05	4.76841e-07	5.00681e-05	1.146
183.9097	110.82	739.313466	3.67167e-05	9.53682e-07	3.62399e-05	2.1
184.3402	110.83	739.3801789999999	2.33651e-05	4.76841e-07	2.28883e-05	1.686
184.7733	110.84	739.4468919999999	6.67575e-06	0.0	6.19891e-06	3.18
185.2207	110.85	739.5136049999999	-1.00136e-05	0.0	1.00136e-05	-178.152
185.6689	110.86	739.5803179999999	-2.90872e-05	-4.76841e-07	2.9564e-05	-179.37
186.0687	110.87	739.647031	-4.86376e-05	0.0	4.91145e-05	-179.616
186.5154	110.88	739.7137439999999	-6.77113e-05	-1.43052e-06	6.8665e-05	-178.626
186.963	110.89	739.780457	-8.58312e-05	-2.3842e-06	8.6308e-05	-178.458
187.38	110.9	739.84717	-0.000102044	-3.33787e-06	0.00010252	-178.524
187.8118	110.91	739.9138829999999	-0.000118733	-4.7684e-06	0.00011921	-177.924
188.2596	110.92	739.980596	-0.000132085	-4.7684e-06	0.000132562	-177.996
188.69	110.93	740.047309	-0.000143052	-4.29156e-06	0.000143529	-178.404
189.1392	110.94	740.114022	-0.000149728	-4.29156e-06	0.000149251	-178.47
189.5707	110.95	740.180735	-0.000157357	-4.7684e-06	0.000157357	-178.302
190.0189	110.96	740.247448	-0.000160695	-3.81473e-06	0.000159741	-178.566
190.4499	110.97	740.3141609999999	-0.000161172	-5.72208e-06	0.000160218	-178.218
190.8649	110.98	740.380874	-0.000158311	-4.7684e-06	0.000157357	-178.302
191.281	110.99	740.4475869999999	-0.000151635	-4.7684e-06	0.000150681	-178.356
196.6866	111.0	740.5142999999999	-0.00014639	-4.7684e-06	0.000144959	-178.158