Time (s) 	 Position (mm) 	 Delay (ps) 	 X 	 Y 	 R 	 theta 

5.5182	110.0	733.843	-1.62126e-05	-1.1921e-06	1.54973e-05	-176.268
5.9966	110.01	733.909713	-1.31131e-05	-7.15259e-07	1.26362e-05	-177.768
6.4127	110.02	733.976426	-1.07289e-05	-4.76841e-07	1.02521e-05	-177.228
6.8124	110.03	734.043139	-8.58313e-06	0.0	8.10629e-06	-177.666
7.2448	110.04	734.109852	-6.19891e-06	-4.76841e-07	5.96049e-06	180.0
7.6765	110.05	734.176565	-2.86104e-06	4.76841e-07	2.62262e-06	172.878
8.1087	110.06	734.2432779999999	0.0	0.0	4.76841e-07	-14.034
8.5399	110.07	734.3099909999999	3.81473e-06	-4.76841e-07	4.05314e-06	-7.122
8.9715	110.08	734.3767039999999	4.7684e-06	-2.3842e-07	4.7684e-06	-3.942
9.3874	110.09	734.443417	6.43733e-06	-7.15259e-07	7.15259e-06	-3.9
9.8188	110.1	734.5101299999999	8.10629e-06	4.76841e-07	8.10629e-06	2.292
10.2356	110.11	734.5768429999999	9.29838e-06	4.76841e-07	9.29838e-06	4.014
10.6512	110.12	734.643556	9.05996e-06	4.76841e-07	9.05996e-06	5.292
11.0827	110.13	734.7102689999999	8.58313e-06	4.76841e-07	8.58313e-06	3.432
11.4983	110.14	734.776982	5.96049e-06	9.53682e-07	6.19891e-06	7.494
11.93	110.15	734.843695	6.19891e-06	0.0	6.19891e-06	-1.548
12.362	110.16	734.910408	4.7684e-06	7.15259e-07	5.48366e-06	8.364
12.7779	110.17	734.977121	2.14578e-06	0.0	2.14578e-06	0.0
13.1934	110.18	735.043834	0.0	2.3842e-07	2.3842e-07	108.432
13.61	110.19	735.1105469999999	-2.86104e-06	-2.3842e-07	2.3842e-06	180.0
14.0576	110.2	735.1772599999999	-4.7684e-06	-7.15259e-07	4.52998e-06	-172.146
14.4893	110.21	735.2439729999999	-6.19891e-06	-7.15259e-07	5.96049e-06	-175.236
14.9052	110.22	735.3106859999999	-7.86787e-06	-2.3842e-07	7.86787e-06	-177.612
15.3527	110.23	735.377399	-9.05996e-06	-9.53682e-07	8.82155e-06	-175.602
15.8014	110.24	735.4441119999999	-8.10629e-06	4.76841e-07	7.62945e-06	176.268
16.2324	110.25	735.510825	-7.15259e-06	2.3842e-07	6.91417e-06	178.638
16.6483	110.26	735.577538	-4.52998e-06	-4.76841e-07	4.7684e-06	-178.152
17.0635	110.27	735.6442509999999	-2.3842e-06	2.3842e-07	1.90736e-06	169.692
17.4791	110.28	735.710964	4.76841e-07	0.0	4.76841e-07	14.034
17.8951	110.29	735.777677	4.29156e-06	4.76841e-07	4.29156e-06	6.342
18.3265	110.3	735.84439	8.10629e-06	2.3842e-07	8.10629e-06	2.244
18.744	110.31	735.9111029999999	1.09673e-05	0.0	1.12057e-05	0.0
19.1591	110.32	735.977816	1.31131e-05	2.3842e-07	1.31131e-05	2.148
19.5749	110.33	736.0445289999999	1.66894e-05	2.3842e-07	1.66894e-05	1.686
19.9906	110.34	736.111242	1.83583e-05	4.76841e-07	1.85968e-05	2.028
20.422	110.35	736.1779549999999	2.07425e-05	4.76841e-07	2.05041e-05	1.86
20.8554	110.36	736.2446679999999	2.02657e-05	9.53682e-07	2.05041e-05	2.292
21.2711	110.37	736.311381	1.88352e-05	4.76841e-07	1.88352e-05	1.506
21.7025	110.38	736.3780939999999	1.81199e-05	4.76841e-07	1.81199e-05	1.56
22.1171	110.39	736.444807	1.78815e-05	4.76841e-07	1.76431e-05	1.608
22.5187	110.4	736.51152	1.6451e-05	0.0	1.6451e-05	-0.576
22.9334	110.41	736.578233	1.33515e-05	2.3842e-07	1.31131e-05	2.862
23.3502	110.42	736.644946	1.12057e-05	4.76841e-07	1.14442e-05	2.49
23.7816	110.43	736.7116589999999	1.00136e-05	0.0	1.04905e-05	-0.912
24.1979	110.44	736.778372	9.77522e-06	4.76841e-07	9.5368e-06	3.012
24.6126	110.45	736.8450849999999	7.62945e-06	4.76841e-07	7.62945e-06	2.49
25.0447	110.46	736.9117979999999	5.00682e-06	9.53682e-07	5.24524e-06	8.616
25.4611	110.47	736.9785109999999	4.29156e-06	-2.3842e-07	4.29156e-06	-2.118
25.8772	110.48	737.045224	3.81473e-06	0.0	4.05314e-06	0.0
26.2924	110.49	737.1119369999999	3.81473e-06	0.0	3.81473e-06	-2.49
26.7079	110.5	737.17865	2.86104e-06	0.0	2.62262e-06	3.366
27.1234	110.51	737.245363	2.14578e-06	-4.76841e-07	2.14578e-06	-4.398
27.5564	110.52	737.3120759999999	1.43052e-06	-7.15259e-07	1.43052e-06	-26.562
27.9714	110.53	737.378789	4.76841e-07	0.0	4.76841e-07	0.0
28.3882	110.54	737.445502	2.3842e-07	-2.3842e-07	0.0	-63.438
28.8027	110.55	737.512215	-4.76841e-07	-7.15259e-07	7.15259e-07	-135.0
29.2514	110.56	737.578928	-4.76841e-07	-4.76841e-07	4.76841e-07	-158.196
29.6666	110.57	737.645641	-4.76841e-07	0.0	0.0	180.0
30.0825	110.58	737.7123539999999	1.1921e-06	0.0	1.43052e-06	18.432
30.5311	110.59	737.7790669999999	3.57629e-06	2.3842e-07	3.57629e-06	2.604
30.9624	110.6	737.8457799999999	4.29156e-06	4.76841e-07	4.7684e-06	4.086
31.3769	110.61	737.9124929999999	6.19891e-06	0.0	6.43733e-06	-1.398
31.7935	110.62	737.979206	8.34471e-06	-2.3842e-07	8.58313e-06	-2.202
32.2095	110.63	738.0459189999999	1.12057e-05	2.3842e-07	1.12057e-05	0.846
32.6413	110.64	738.112632	1.31131e-05	4.76841e-07	1.35899e-05	2.76
33.0729	110.65	738.179345	1.45436e-05	4.76841e-07	1.43052e-05	2.634
33.4898	110.66	738.246058	1.62126e-05	0.0	1.62126e-05	1.17
33.9202	110.67	738.312771	1.85968e-05	4.76841e-07	1.88352e-05	1.506
34.3685	110.68	738.379484	2.00273e-05	7.15259e-07	1.97889e-05	2.388
34.7848	110.69	738.446197	2.00273e-05	4.76841e-07	2.00273e-05	2.364
35.2011	110.7	738.5129099999999	2.00273e-05	9.53682e-07	2.02657e-05	2.328
35.6159	110.71	738.5796229999999	2.02657e-05	-4.76841e-07	2.05041e-05	-0.924
36.0647	110.72	738.6463359999999	2.00273e-05	7.15259e-07	2.00273e-05	1.422
36.4965	110.73	738.713049	1.85968e-05	2.3842e-07	1.81199e-05	1.062
36.927	110.74	738.7797619999999	1.59742e-05	9.53682e-07	1.59742e-05	3.54
37.3434	110.75	738.8464749999999	1.38283e-05	2.3842e-07	1.35899e-05	0.0
37.775	110.76	738.913188	1.07289e-05	2.3842e-07	1.04905e-05	0.924
38.1757	110.77	738.9799009999999	6.91417e-06	0.0	6.91417e-06	1.398
38.6396	110.78	739.046614	3.09946e-06	-4.76841e-07	2.62262e-06	-3.576
39.0713	110.79	739.113327	-3.33787e-06	-7.15259e-07	3.81473e-06	-170.538
39.5027	110.8	739.18004	-9.5368e-06	-4.76841e-07	9.05996e-06	180.0
39.9511	110.81	739.246753	-1.35899e-05	-4.76841e-07	1.31131e-05	-178.548
40.3821	110.82	739.313466	-1.78815e-05	-7.15259e-07	1.81199e-05	-177.396
40.8144	110.83	739.3801789999999	-2.43188e-05	-1.43052e-06	2.43188e-05	-176.844
41.2294	110.84	739.4468919999999	-2.88488e-05	-2.3842e-07	2.93256e-05	-179.676
41.6786	110.85	739.5136049999999	-3.24252e-05	-1.1921e-06	3.21867e-05	-177.924
42.1414	110.86	739.5803179999999	-3.5763e-05	-1.43052e-06	3.5763e-05	-178.146
42.5897	110.87	739.647031	-3.88625e-05	-1.66894e-06	3.88625e-05	-178.044
43.0055	110.88	739.7137439999999	-4.17235e-05	-7.15259e-07	4.14851e-05	-179.088
43.4365	110.89	739.780457	-4.33924e-05	-7.15259e-07	4.3154e-05	-179.118
43.8694	110.9	739.84717	-4.3154e-05	-1.1921e-06	4.29156e-05	-178.668
44.285	110.91	739.9138829999999	-4.41077e-05	-1.66894e-06	4.38693e-05	-177.612
44.6995	110.92	739.980596	-4.45845e-05	-2.3842e-06	4.48229e-05	-177.462
45.1314	110.93	740.047309	-4.43461e-05	-2.14578e-06	4.41077e-05	-177.204
45.5477	110.94	740.114022	-4.36308e-05	-1.43052e-06	4.33924e-05	-178.02
45.9963	110.95	740.180735	-4.10082e-05	-9.53682e-07	4.05314e-05	-178.824
46.427	110.96	740.247448	-3.88625e-05	-1.1921e-06	3.83856e-05	-178.506
46.8429	110.97	740.3141609999999	-3.67167e-05	-9.53682e-07	3.62399e-05	-178.428
47.2745	110.98	740.380874	-3.55246e-05	-2.3842e-07	3.52862e-05	-179.46
47.6904	110.99	740.4475869999999	-3.24252e-05	-1.1921e-06	3.21867e-05	-177.636
53.1127	111.0	740.5142999999999	-3.14715e-05	-4.76841e-07	3.12331e-05	-179.082
53.5611	111.01	740.581013	-2.88488e-05	-7.15259e-07	2.86103e-05	-178.344
53.9754	111.02	740.6477259999999	-2.71798e-05	-2.3842e-07	2.69414e-05	-179.646
54.3914	111.03	740.714439	-2.40804e-05	-7.15259e-07	2.36036e-05	-178.398
54.8086	111.04	740.781152	-2.24115e-05	-4.76841e-07	2.19346e-05	-178.698
55.239	111.05	740.847865	-1.71663e-05	-4.76841e-07	1.69278e-05	-177.732
55.6561	111.06	740.914578	-8.34471e-06	-2.3842e-07	7.62945e-06	-178.698
56.0711	111.07	740.9812909999999	3.09946e-06	0.0	3.09946e-06	0.0
56.4871	111.08	741.048004	1.78815e-05	7.15259e-07	1.85968e-05	2.556
56.9504	111.09	741.1147169999999	3.55246e-05	7.15259e-07	3.64783e-05	1.554
57.3824	111.1	741.1814299999999	5.86512e-05	2.14578e-06	6.00817e-05	2.058
57.7979	111.11	741.2481429999999	8.58312e-05	1.90736e-06	8.65464e-05	1.428
58.2143	111.12	741.314856	0.000115633	2.62262e-06	0.000116826	1.464
58.6296	111.13	741.3815689999999	0.000150443	3.81473e-06	0.000152112	1.5
59.0615	111.14	741.448282	0.000186444	5.48366e-06	0.00018859	1.77
59.4777	111.15	741.514995	0.000226737	6.91417e-06	0.000228883	1.788
59.8933	111.16	741.5817079999999	0.000271084	8.10629e-06	0.00027323	1.776
60.326	111.17	741.648421	0.000318529	9.29838e-06	0.000320913	1.692
60.7412	111.18	741.715134	0.000366451	1.12057e-05	0.000369074	1.752
61.1726	111.19	741.781847	0.000421764	1.23978e-05	0.000424387	1.704
61.6055	111.2	741.84856	0.000478031	1.43052e-05	0.000481131	1.74
62.0197	111.21	741.915273	0.000543598	1.59742e-05	0.000546459	1.71
62.4526	111.22	741.9819859999999	0.00060964	1.69278e-05	0.000612978	1.596
62.8849	111.23	742.0486989999999	0.000688557	1.9312e-05	0.000693087	1.596
63.3006	111.24	742.1154119999999	0.000770573	2.16962e-05	0.000775341	1.632
63.7165	111.25	742.1821249999999	0.000868563	2.52725e-05	0.0008719	1.662
64.1312	111.26	742.248838	0.000958208	2.78951e-05	0.000962261	1.662
64.547	111.27	742.3155509999999	0.00105787	3.02793e-05	0.00106145	1.65
64.9632	111.28	742.382264	0.00115968	3.33788e-05	0.00116492	1.656
65.3787	111.29	742.448977	0.00127149	3.67167e-05	0.00127626	1.668
65.7957	111.3	742.51569	0.00137521	3.91009e-05	0.00137997	1.644
66.2114	111.31	742.582403	0.00146533	4.22003e-05	0.00146914	1.656
66.6274	111.32	742.6491159999999	0.00153352	4.36308e-05	0.00153733	1.638
67.0418	111.33	742.715829	0.00157238	4.55382e-05	0.001575	1.662
67.4749	111.34	742.7825419999999	0.00157238	4.48229e-05	0.00157285	1.632
67.8891	111.35	742.8492549999999	0.00151015	4.29156e-05	0.00150848	1.626
68.3214	111.36	742.9159679999999	0.00139309	4.0293e-05	0.00138856	1.668
68.7214	111.37	742.982681	0.00119925	3.48093e-05	0.00119305	1.662
69.1214	111.38	743.0493939999999	0.000938181	2.59877e-05	0.000925545	1.608
69.5381	111.39	743.1161069999999	0.000578169	1.6451e-05	0.00055838	1.692
70.0011	111.4	743.18282	0.000153066	4.29156e-06	0.000122786	1.878
70.4171	111.41	743.2495329999999	-0.000313284	-9.5368e-06	0.000331165	-178.302
70.8496	111.42	743.316246	-0.000812296	-2.3842e-05	0.000838522	-178.362
71.2645	111.43	743.382959	-0.00132895	-3.93393e-05	0.00135494	-178.32
71.6803	111.44	743.449672	-0.00182558	-5.36444e-05	0.00185443	-178.344
72.129	111.45	743.516385	-0.00229885	-6.69961e-05	0.00232984	-178.344
72.5437	111.46	743.583098	-0.00268938	-7.72481e-05	0.00270964	-178.362
72.9604	111.47	743.649811	-0.00297357	-8.6308e-05	0.00298573	-178.344
73.3914	111.48	743.7165239999999	-0.00312783	-9.01227e-05	0.00313856	-178.356
73.8082	111.49	743.7832369999999	-0.0031686	-9.13148e-05	0.00317194	-178.356
74.2392	111.5	743.8499499999999	-0.00309731	-8.98843e-05	0.00309612	-178.338
74.6552	111.51	743.916663	-0.00289322	-8.36854e-05	0.00288512	-178.338
75.0872	111.52	743.9833759999999	-0.00257851	-7.51023e-05	0.00255801	-178.332
75.5025	111.53	744.050089	-0.00222422	-6.38966e-05	0.00221397	-178.356
75.9182	111.54	744.116802	-0.0018468	-5.36444e-05	0.00182367	-178.326
76.3349	111.55	744.1835149999999	-0.00142766	-4.07698e-05	0.00141192	-178.362
76.7656	111.56	744.250228	-0.00106812	-3.05178e-05	0.00105406	-178.362
77.1807	111.57	744.3169409999999	-0.000725988	-2.0981e-05	0.000712637	-178.326
77.5974	111.58	744.383654	-0.00044656	-1.33515e-05	0.000433208	-178.266
78.0133	111.59	744.450367	-0.000249865	-6.43733e-06	0.000242949	-178.536
78.4461	111.6	744.51708	-0.000130416	-4.52998e-06	0.000124694	-178.038
78.8769	111.61	744.5837929999999	-6.77113e-05	-1.90736e-06	6.50887e-05	-178.656
79.2926	111.62	744.650506	-6.79498e-05	-2.3842e-06	6.65192e-05	-178.122
79.7087	111.63	744.7172189999999	-9.70368e-05	-2.3842e-06	9.70368e-05	-178.62
80.1406	111.64	744.7839319999999	-0.000155211	-3.81473e-06	0.000158072	-178.578
80.5725	111.65	744.850645	-0.000250818	-7.39101e-06	0.000254156	-178.386
81.005	111.66	744.9173579999999	-0.000308754	-9.05996e-06	0.000311138	-178.35
81.4514	111.67	744.984071	-0.000365021	-1.04905e-05	0.000367882	-178.422
81.8842	111.68	745.050784	-0.000389339	-1.12057e-05	0.000391724	-178.392
82.316	111.69	745.117497	-0.000402691	-1.1921e-05	0.000401976	-178.338
82.7632	111.7	745.18421	-0.0003922	-1.16826e-05	0.000391247	-178.29
83.1797	111.71	745.250923	-0.0003531	-1.02521e-05	0.000351192	-178.338
83.6271	111.72	745.317636	-0.000308039	-8.10629e-06	0.000304939	-178.488
84.059	111.73	745.3843489999999	-0.000247957	-7.62945e-06	0.000244142	-178.302
84.4755	111.74	745.4510619999999	-0.000188828	-5.72208e-06	0.000186444	-178.356
84.9227	111.75	745.5177749999999	-0.000135661	-4.52998e-06	0.000130654	-178.092
85.3711	111.76	745.584488	-8.79769e-05	-3.09946e-06	8.51159e-05	-177.966
85.8187	111.77	745.6512009999999	-4.62534e-05	-1.1921e-06	4.29156e-05	-178.848
86.2501	111.78	745.717914	2.14578e-06	2.3842e-07	3.81473e-06	6.84
86.6664	111.79	745.784627	3.33788e-05	1.1921e-06	3.52862e-05	2.112
87.0814	111.8	745.8513399999999	8.6308e-05	2.86104e-06	8.82153e-05	1.938
87.4972	111.81	745.918053	0.00014782	4.7684e-06	0.000153781	1.77
87.9128	111.82	745.9847659999999	0.000248434	6.91417e-06	0.000255587	1.56
88.3447	111.83	746.051479	0.000356438	1.02521e-05	0.00036216	1.626
88.7776	111.84	746.118192	0.000467541	1.31131e-05	0.000474455	1.578
89.1915	111.85	746.184905	0.000593904	1.69278e-05	0.000599865	1.632
89.6251	111.86	746.2516179999999	0.000737671	2.14578e-05	0.000746731	1.68
90.0566	111.87	746.318331	0.000876907	2.50341e-05	0.000882629	1.626
90.4725	111.88	746.3850439999999	0.00101472	2.9564e-05	0.00102354	1.674
90.9046	111.89	746.4517569999999	0.00116349	3.43325e-05	0.00117088	1.698
91.3199	111.9	746.51847	0.00129486	3.76704e-05	0.0013013	1.662
91.7353	111.91	746.5851829999999	0.00140072	4.0293e-05	0.0014031	1.662
92.1511	111.92	746.651896	0.00147844	4.26772e-05	0.00148226	1.65
92.567	111.93	746.718609	0.00154138	4.52998e-05	0.00154401	1.674
92.9826	111.94	746.785322	0.00157476	4.48229e-05	0.00157595	1.632
93.4143	111.95	746.852035	0.00157953	4.55382e-05	0.00158048	1.65
93.8311	111.96	746.9187479999999	0.00156236	4.48229e-05	0.00156236	1.65
94.2471	111.97	746.985461	0.00152541	4.45845e-05	0.00152469	1.674
94.6614	111.98	747.0521739999999	0.00146557	4.19619e-05	0.00146414	1.632
95.0778	111.99	747.118887	0.00139714	3.98161e-05	0.00139428	1.644
100.5164	112.0	747.1855999999999	0.00128675	3.69551e-05	0.00128103	1.65
100.9314	112.01	747.252313	0.0011747	3.38557e-05	0.00117255	1.656
101.3801	112.02	747.3190259999999	0.00106335	3.02793e-05	0.00105572	1.65
101.7948	112.03	747.385739	0.000934843	2.6703e-05	0.000928167	1.65
102.2427	112.04	747.452452	0.000796083	2.19346e-05	0.000787262	1.608
102.6584	112.05	747.5191649999999	0.000650171	1.85968e-05	0.000644449	1.692
103.1073	112.06	747.585878	0.000522617	1.54973e-05	0.000513557	1.704
103.5381	112.07	747.6525909999999	0.000394823	1.12057e-05	0.000389578	1.602
103.986	112.08	747.719304	0.000276806	7.15259e-06	0.000268223	1.506
104.45	112.09	747.786017	0.000168563	4.7684e-06	0.000162602	1.668
104.8665	112.1	747.85273	6.91419e-05	1.90736e-06	6.41351e-05	1.818
105.3302	112.11	747.919443	-1.57357e-05	-2.3842e-07	2.02657e-05	-179.148
105.7606	112.12	747.9861559999999	-8.79769e-05	-2.62262e-06	9.10764e-05	-178.56
106.1927	112.13	748.0528689999999	-0.000148059	-4.29156e-06	0.000151635	-178.374
106.6257	112.14	748.1195819999999	-0.000197173	-5.00682e-06	0.000200273	-178.578
107.0725	112.15	748.186295	-0.000237943	-6.67575e-06	0.000239135	-178.368
107.5047	112.16	748.2530079999999	-0.000258686	-6.91417e-06	0.000260117	-178.464
107.9371	112.17	748.319721	-0.000269653	-8.34471e-06	0.000269892	-178.266
108.3688	112.18	748.386434	-0.000267984	-8.10629e-06	0.000268223	-178.26
108.7846	112.19	748.453147	-0.000253441	-7.86787e-06	0.000252249	-178.254
109.2151	112.2	748.51986	-0.000228168	-6.67575e-06	0.00022626	-178.35
109.6312	112.21	748.5865729999999	-0.000193835	-6.19891e-06	0.000191928	-178.158
110.0631	112.22	748.653286	-0.000153781	-4.52998e-06	0.000152112	-178.428
110.4791	112.23	748.719999	-0.000113011	-3.33787e-06	0.000111104	-178.278
110.8946	112.24	748.786712	-7.03339e-05	-1.66894e-06	6.8665e-05	-178.884
111.2948	112.25	748.8534249999999	-3.48093e-05	-7.15259e-07	3.31404e-05	-178.836
111.6945	112.26	748.920138	-4.52998e-06	0.0	2.86104e-06	180.0
112.1102	112.27	748.9868509999999	1.59742e-05	4.76841e-07	1.66894e-05	1.686
112.5426	112.28	749.0535639999999	2.28883e-05	1.43052e-06	2.26499e-05	2.928
112.9414	112.29	749.120277	1.88352e-05	4.76841e-07	1.85968e-05	2.046
113.3743	112.3	749.1869899999999	7.15259e-07	-4.76841e-07	2.3842e-07	-116.562
113.7901	112.31	749.253703	-2.55109e-05	-9.53682e-07	2.69414e-05	-177.906
114.2371	112.32	749.3204159999999	-6.22277e-05	-1.66894e-06	6.46119e-05	-178.548
114.6383	112.33	749.387129	-0.00010705	-3.33787e-06	0.000108243	-178.422
115.0531	112.34	749.453842	-0.000149251	-4.52998e-06	0.000150205	-178.356
115.5011	112.35	749.520555	-0.000197412	-6.67575e-06	0.000199557	-178.092
115.9326	112.36	749.587268	-0.000236751	-6.19891e-06	0.000239373	-178.494
116.3487	112.37	749.6539809999999	-0.00027919	-8.34471e-06	0.000281097	-178.308
116.7644	112.38	749.7206939999999	-0.000315191	-8.10629e-06	0.000316622	-178.524
117.2125	112.39	749.7874069999999	-0.000335934	-1.02521e-05	0.000337126	-178.278
117.6769	112.4	749.85412	-0.000349047	-1.00136e-05	0.000349047	-178.362
118.0913	112.41	749.9208329999999	-0.000352861	-1.02521e-05	0.0003531	-178.35
118.5234	112.42	749.987546	-0.00035453	-1.02521e-05	0.000354769	-178.332
118.9395	112.43	750.054259	-0.000345709	-1.07289e-05	0.000344994	-178.254
119.4025	112.44	750.1209719999999	-0.000330212	-9.5368e-06	0.000329258	-178.404
119.8182	112.45	750.187685	-0.000310184	-9.5368e-06	0.000308516	-178.296
120.2507	112.46	750.2543979999999	-0.00028515	-8.34471e-06	0.000283958	-178.314
120.682	112.47	750.321111	-0.000257732	-7.86787e-06	0.000256302	-178.248
121.0991	112.48	750.387824	-0.000223161	-6.19891e-06	0.000221253	-178.356
121.5617	112.49	750.454537	-0.00018716	-5.48366e-06	0.000185491	-178.404
121.9935	112.5	750.5212499999999	-0.000150205	-4.29156e-06	0.000148297	-178.32
122.4258	112.51	750.587963	-0.000115395	-4.05314e-06	0.000113488	-177.888
122.8414	112.52	750.6546759999999	-7.79633e-05	-2.62262e-06	7.6056e-05	-178.11
123.2731	112.53	750.7213889999999	-4.50613e-05	-1.66894e-06	4.29156e-05	-177.978
123.705	112.54	750.788102	-1.43052e-05	-7.15259e-07	1.23978e-05	-178.428
124.1212	112.55	750.8548149999999	9.05996e-06	9.53682e-07	1.04905e-05	4.398
124.5368	112.56	750.921528	2.57493e-05	0.0	2.62262e-05	0.726
124.9681	112.57	750.9882409999999	3.43325e-05	1.1921e-06	3.48093e-05	2.172
125.4009	112.58	751.054954	3.88625e-05	9.53682e-07	3.93393e-05	1.674
125.816	112.59	751.121667	3.38557e-05	4.76841e-07	3.36173e-05	1.134
126.232	112.6	751.1883799999999	2.14578e-05	2.3842e-07	2.12194e-05	0.894
126.6642	112.61	751.255093	5.72208e-06	-4.76841e-07	4.52998e-06	-9.864
127.0956	112.62	751.321806	-1.50204e-05	-1.1921e-06	1.4782e-05	-177.456
127.4951	112.63	751.388519	-3.33788e-05	-1.43052e-06	3.40941e-05	-178.08
127.9111	112.64	751.4552319999999	-5.50749e-05	-2.3842e-06	5.57902e-05	-177.798
128.3268	112.65	751.521945	-7.6056e-05	-2.14578e-06	7.72481e-05	-178.404
128.7429	112.66	751.5886579999999	-9.53679e-05	-2.86104e-06	9.63216e-05	-178.416
129.1418	112.67	751.655371	-0.000108481	-3.09946e-06	0.000108481	-178.422
129.5417	112.68	751.722084	-0.000120879	-3.57629e-06	0.00012064	-178.266
129.959	112.69	751.7887969999999	-0.000129224	-4.05314e-06	0.000129462	-178.302
130.3901	112.7	751.85551	-0.000138999	-3.81473e-06	0.000138999	-178.56
130.8214	112.71	751.9222229999999	-0.000142575	-4.29156e-06	0.000142575	-178.128
131.2379	112.72	751.988936	-0.000144006	-4.52998e-06	0.000144006	-178.278
131.6697	112.73	752.055649	-0.000143052	-4.52998e-06	0.00014329	-178.206
132.085	112.74	752.122362	-0.000140429	-3.81473e-06	0.000139476	-178.56
132.5166	112.75	752.189075	-0.000130654	-3.33787e-06	0.000129939	-178.608
132.9651	112.76	752.2557879999999	-0.00012064	-3.33787e-06	0.000118494	-178.308
133.3805	112.77	752.3225009999999	-0.000103951	-3.33787e-06	0.000102759	-178.242
133.8122	112.78	752.3892139999999	-8.24933e-05	-2.86104e-06	8.13012e-05	-178.116
134.2282	112.79	752.455927	-5.65054e-05	-1.43052e-06	5.53133e-05	-178.44
134.6764	112.8	752.5226399999999	-2.78951e-05	-1.43052e-06	2.59877e-05	-177.024
135.0919	112.81	752.589353	4.52998e-06	-4.76841e-07	5.96049e-06	0.0
135.5087	112.82	752.6560659999999	3.71935e-05	9.53682e-07	3.91009e-05	1.44
135.9237	112.83	752.722779	6.5804e-05	1.43052e-06	6.69961e-05	1.41
136.3396	112.84	752.789492	8.72617e-05	2.62262e-06	8.84538e-05	1.608
136.7868	112.85	752.8562049999999	0.000100375	2.14578e-06	0.000101328	1.41
137.202	112.86	752.922918	0.000104666	2.62262e-06	0.000104428	1.458
137.6185	112.87	752.989631	9.79905e-05	3.81473e-06	9.79905e-05	2.436
138.0339	112.88	753.056344	8.13012e-05	2.62262e-06	8.01091e-05	1.788
138.4501	112.89	753.1230569999999	5.41213e-05	2.62262e-06	5.29292e-05	2.718
138.8826	112.9	753.18977	2.19346e-05	4.76841e-07	1.97889e-05	0.978
139.3143	112.91	753.2564829999999	-1.52589e-05	-1.66894e-06	1.59742e-05	-174.402
139.7295	112.92	753.3231959999999	-4.8876e-05	-1.66894e-06	5.03066e-05	-178.134
140.1458	112.93	753.389909	-8.3447e-05	-2.3842e-06	8.46391e-05	-178.428
140.5781	112.94	753.4566219999999	-0.000109673	-2.86104e-06	0.000110627	-178.368
140.9933	112.95	753.523335	-0.000128509	-3.33787e-06	0.000128747	-178.596
141.3922	112.96	753.5900479999999	-0.000138284	-4.29156e-06	0.000138522	-178.35
141.793	112.97	753.656761	-0.000144721	-4.29156e-06	0.000144959	-178.356
142.2248	112.98	753.723474	-0.000143052	-3.81473e-06	0.000142575	-178.524
142.6246	112.99	753.790187	-0.000134707	-3.57629e-06	0.000134231	-178.434
148.0616	113.0	753.8569	-0.000118494	-3.33787e-06	0.000117302	-178.452
148.4782	113.01	753.9236129999999	-0.00010252	-2.62262e-06	0.000101567	-178.494
148.8939	113.02	753.9903259999999	-8.27317e-05	-1.90736e-06	8.13012e-05	-178.59
149.3266	113.03	754.0570389999999	-6.1274e-05	-1.66894e-06	5.98433e-05	-178.398
149.7415	113.04	754.123752	-4.36308e-05	-1.1921e-06	4.24387e-05	-178.644
150.1896	113.05	754.1904649999999	-2.59877e-05	-7.15259e-07	2.47956e-05	-178.464
150.638	113.06	754.257178	-1.14442e-05	-4.76841e-07	1.02521e-05	-179.028
151.0531	113.07	754.3238909999999	2.3842e-06	-2.3842e-07	3.33787e-06	-2.49
151.4844	113.08	754.3906039999999	1.43052e-05	-2.3842e-07	1.52589e-05	-1.23
151.9163	113.09	754.457317	2.26499e-05	4.76841e-07	2.31267e-05	1.23
152.3485	113.1	754.5240299999999	2.52725e-05	4.76841e-07	2.57493e-05	1.104
152.764	113.11	754.590743	2.69414e-05	0.0	2.71798e-05	0.0
153.1811	113.12	754.657456	2.52725e-05	4.76841e-07	2.50341e-05	1.128
153.6114	113.13	754.724169	1.69278e-05	4.76841e-07	1.59742e-05	1.788
154.0446	113.14	754.790882	4.7684e-06	4.76841e-07	4.52998e-06	4.236
154.4599	113.15	754.857595	-1.12057e-05	0.0	1.16826e-05	179.202
154.8913	113.16	754.9243079999999	-2.45572e-05	-1.1921e-06	2.45572e-05	-177.312
155.3064	113.17	754.9910209999999	-3.98161e-05	-7.15259e-07	4.0293e-05	-178.824
155.7388	113.18	755.057734	-5.14986e-05	-1.66894e-06	5.14986e-05	-178.344
156.1708	113.19	755.1244469999999	-5.98433e-05	-1.66894e-06	6.00817e-05	-178.416
156.602	113.2	755.19116	-6.2943e-05	-1.66894e-06	6.27046e-05	-178.482
157.0026	113.21	755.2578729999999	-5.81744e-05	-1.43052e-06	5.79359e-05	-178.68
157.418	113.22	755.324586	-4.6015e-05	-1.1921e-06	4.48229e-05	-179.142
157.8656	113.23	755.391299	-2.52725e-05	-7.15259e-07	2.36036e-05	-177.972
158.298	113.24	755.4580119999999	-4.52998e-06	-2.3842e-07	2.62262e-06	180.0
158.6974	113.25	755.524725	2.05041e-05	2.3842e-07	2.16962e-05	1.29
159.1132	113.26	755.591438	4.52998e-05	1.43052e-06	4.74455e-05	1.584
159.5297	113.27	755.658151	6.91419e-05	1.90736e-06	7.05724e-05	1.482
159.9452	113.28	755.7248639999999	8.84538e-05	2.86104e-06	8.96459e-05	2.016
160.3779	113.29	755.791577	0.000101805	2.62262e-06	0.000102759	1.482
160.8089	113.3	755.8582899999999	0.00011015	2.86104e-06	0.000110627	1.464
161.2725	113.31	755.925003	0.000111819	3.57629e-06	0.000111104	1.806
161.6888	113.32	755.9917159999999	0.000106812	3.09946e-06	0.000106574	1.788
162.1051	113.33	756.0584289999999	0.000100136	2.62262e-06	9.96594e-05	1.626
162.5357	113.34	756.125142	9.22685e-05	2.14578e-06	9.203e-05	1.35
162.9514	113.35	756.1918549999999	8.48775e-05	2.3842e-06	8.44006e-05	1.926
163.3678	113.36	756.258568	7.93939e-05	2.62262e-06	7.91554e-05	2.046
163.7833	113.37	756.325281	7.51023e-05	2.14578e-06	7.46255e-05	1.662
164.1992	113.38	756.391994	7.03339e-05	1.90736e-06	7.00955e-05	1.77
164.6148	113.39	756.458707	6.53272e-05	1.90736e-06	6.53272e-05	1.752
165.0307	113.4	756.5254199999999	5.79359e-05	1.1921e-06	5.76975e-05	1.488
165.4792	113.41	756.5921329999999	4.98297e-05	1.90736e-06	4.8876e-05	2.532
165.8948	113.42	756.6588459999999	3.88625e-05	1.43052e-06	3.81472e-05	2.508
166.3101	113.43	756.725559	2.24115e-05	7.15259e-07	2.16962e-05	1.776
166.7261	113.44	756.7922719999999	3.81473e-06	-2.3842e-07	3.09946e-06	-3.012
167.1581	113.45	756.858985	-1.57357e-05	-4.76841e-07	1.6451e-05	-178.878
167.5895	113.46	756.9256979999999	-3.64783e-05	-1.1921e-06	3.69551e-05	-177.954
168.0057	113.47	756.992411	-5.41213e-05	-1.43052e-06	5.45981e-05	-178.614
168.4205	113.48	757.059124	-6.93803e-05	-2.3842e-06	6.98571e-05	-178.374
168.8534	113.49	757.1258369999999	-8.03475e-05	-2.3842e-06	8.03475e-05	-178.344
169.2688	113.5	757.19255	-8.70232e-05	-1.90736e-06	8.67848e-05	-178.794
169.7167	113.51	757.259263	-9.08379e-05	-2.3842e-06	9.01227e-05	-178.416
170.1487	113.52	757.325976	-8.98843e-05	-2.86104e-06	8.96459e-05	-178.302
170.5641	113.53	757.3926889999999	-8.36854e-05	-2.3842e-06	8.32085e-05	-178.506
170.996	113.54	757.459402	-7.36718e-05	-2.3842e-06	7.27181e-05	-178.164
171.4118	113.55	757.5261149999999	-6.10356e-05	-1.66894e-06	6.03201e-05	-178.566
171.8437	113.56	757.5928279999999	-4.57766e-05	-1.90736e-06	4.50613e-05	-177.87
172.2602	113.57	757.6595409999999	-2.88488e-05	-7.15259e-07	2.81335e-05	-178.638
172.7078	113.58	757.7262539999999	-1.09673e-05	-7.15259e-07	9.5368e-06	-175.914
173.1228	113.59	757.792967	1.04905e-05	-7.15259e-07	1.09673e-05	-2.49
173.5229	113.6	757.8596799999999	3.24252e-05	2.3842e-07	3.31404e-05	0.57
173.9221	113.61	757.926393	5.48365e-05	9.53682e-07	5.57902e-05	1.188
174.3377	113.62	757.993106	7.46255e-05	2.62262e-06	7.6056e-05	2.118
174.754	113.63	758.059819	9.63216e-05	2.62262e-06	9.72752e-05	1.566
175.1697	113.64	758.126532	0.000110627	3.09946e-06	0.000111104	1.794
175.6025	113.65	758.1932449999999	0.000117779	3.33787e-06	0.000117779	1.62
176.0506	113.66	758.259958	0.000113965	3.09946e-06	0.000113488	1.596
176.4652	113.67	758.3266709999999	0.000100852	3.09946e-06	0.000100136	1.818
176.8977	113.68	758.393384	7.93939e-05	1.43052e-06	7.82018e-05	0.978
177.3139	113.69	758.4600969999999	4.95913e-05	1.43052e-06	4.79224e-05	2.004
177.7285	113.7	758.52681	1.31131e-05	0.0	1.09673e-05	-0.894
178.1606	113.71	758.5935229999999	-2.57493e-05	-7.15259e-07	2.71798e-05	-178.62
178.5924	113.72	758.6602359999999	-6.27046e-05	-1.90736e-06	6.50887e-05	-178.254
179.0081	113.73	758.726949	-9.56063e-05	-3.33787e-06	9.67984e-05	-178.038
179.4246	113.74	758.7936619999999	-0.00012231	-4.05314e-06	0.000123263	-178.23
179.8726	113.75	758.860375	-0.000141383	-4.52998e-06	0.00014186	-178.326
180.3202	113.76	758.927088	-0.000151158	-4.29156e-06	0.000151158	-178.422
180.7524	113.77	758.993801	-0.000148774	-3.33787e-06	0.000148297	-178.65
181.2006	113.78	759.060514	-0.000134707	-3.57629e-06	0.000133277	-178.422
181.6314	113.79	759.127227	-0.000114203	-3.81473e-06	0.000113488	-178.152
182.0471	113.8	759.1939399999999	-9.3699e-05	-3.09946e-06	9.25069e-05	-178.146
182.4796	113.81	759.2606529999999	-6.74729e-05	-2.14578e-06	6.5804e-05	-178.254
182.8946	113.82	759.3273659999999	-4.0293e-05	-1.1921e-06	3.8624e-05	-178.506
183.3114	113.83	759.3940789999999	-1.35899e-05	-4.76841e-07	1.21594e-05	-178.386
183.7595	113.84	759.460792	1.00136e-05	4.76841e-07	1.16826e-05	2.352
184.1912	113.85	759.5275049999999	3.09946e-05	1.1921e-06	3.19483e-05	2.064
184.607	113.86	759.594218	4.95913e-05	1.43052e-06	5.07834e-05	1.488
185.0213	113.87	759.660931	6.74729e-05	2.14578e-06	6.84266e-05	1.944
185.4706	113.88	759.7276439999999	8.1778e-05	2.86104e-06	8.29701e-05	1.95
185.9018	113.89	759.794357	9.41758e-05	3.09946e-06	9.44142e-05	1.812
186.3168	113.9	759.86107	9.89442e-05	2.3842e-06	9.9421e-05	1.434
186.7494	113.91	759.927783	0.000100613	2.3842e-06	0.000100375	1.422
187.181	113.92	759.9944959999999	9.56063e-05	2.62262e-06	9.56063e-05	1.494
187.6127	113.93	760.061209	8.36854e-05	2.3842e-06	8.3447e-05	1.722
188.0126	113.94	760.1279219999999	6.53272e-05	9.53682e-07	6.43735e-05	0.894
188.4453	113.95	760.194635	4.24387e-05	9.53682e-07	4.19619e-05	1.152
188.8598	113.96	760.2613479999999	1.88352e-05	0.0	1.81199e-05	1.08
189.277	113.97	760.3280609999999	-5.00682e-06	-7.15259e-07	5.48366e-06	-174.954
189.7087	113.98	760.394774	-2.55109e-05	-9.53682e-07	2.64646e-05	-178.224
190.1404	113.99	760.4614869999999	-4.41077e-05	-1.66894e-06	4.45845e-05	-177.87
195.5613	114.0	760.5282	-5.45981e-05	-1.66894e-06	5.50749e-05	-178.446