# Menlo Systems GmbH ScanControl
# Program Version 1.7.0+git.a90605a3
# Start: -620.50000000 ps, Average over 5000 waveforms. Timestamp: 2023-05-25T15:13:42
# Window type: Tukey, parameters: alpha = 0.1
# User time axis shift: 0 ps
# Time axis offset: 0 ps
# Frequency [THz]	THz Signal [a.u.]
0.00000000	-19.62230426
0.00732607	-13.83909908
0.01465214	-16.87345563
0.02197821	-15.79435524
0.02930428	-17.71042630
0.03663035	-17.00313783
0.04395642	-18.11225446
0.05128249	-17.56134900
0.05860857	-17.01424387
0.06593464	-17.22805370
0.07326071	-16.74968964
0.08058678	-16.58261231
0.08791285	-16.35757861
0.09523892	-15.67110508
0.10256499	-15.80646873
0.10989106	-17.07474722
0.11721713	-16.15764839
0.12454320	-16.02441489
0.13186927	-16.50405913
0.13919534	-15.51417847
0.14652141	-14.64943796
0.15384748	-14.81295628
0.16117356	-13.21797051
0.16849963	-11.49247452
0.17582570	-11.50858956
0.18315177	-12.79488911
0.19047784	-12.89930978
0.19780391	-12.30403008
0.20512998	-13.13253812
0.21245605	-13.36289804
0.21978212	-12.06712358
0.22710819	-10.99022907
0.23443426	-10.44074636
0.24176033	-9.06274294
0.24908640	-7.58957016
0.25641247	-8.56914858
0.26373855	-9.23710897
0.27106462	-9.80473388
0.27839069	-10.68030694
0.28571676	-11.72749022
0.29304283	-11.22186827
0.30036890	-10.76614741
0.30769497	-10.38550363
0.31502104	-9.40193933
0.32234711	-7.74987278
0.32967318	-6.06488193
0.33699925	-6.25015618
0.34432532	-6.74767788
0.35165139	-7.33315936
0.35897746	-8.61581167
0.36630354	-9.26942328
0.37362961	-9.32537535
0.38095568	-9.50693767
0.38828175	-8.83379356
0.39560782	-7.97415852
0.40293389	-6.99660927
0.41025996	-5.63265297
0.41758603	-4.76077502
0.42491210	-4.97998716
0.43223817	-6.04083179
0.43956424	-7.04118093
0.44689031	-7.61489087
0.45421638	-7.69685977
0.46154245	-7.81443817
0.46886853	-7.44057665
0.47619460	-6.38125564
0.48352067	-5.35245238
0.49084674	-4.07376584
0.49817281	-2.83465075
0.50549888	-3.11767690
0.51282495	-3.84104493
0.52015102	-5.27675055
0.52747709	-6.45229761
0.53480316	-6.64431823
0.54212923	-7.04320253
0.54945530	-6.69444502
0.55678137	-6.61380198
0.56410744	-5.05926292
0.57143352	-3.15279451
0.57875959	-1.47198851
0.58608566	-1.10902266
0.59341173	-1.49744074
0.60073780	-2.89228999
0.60806387	-4.33252402
0.61538994	-4.92101911
0.62271601	-5.83873189
0.63004208	-5.75400256
0.63736815	-5.39036530
0.64469422	-4.97469106
0.65202029	-3.42373375
0.65934636	-2.15829210
0.66667243	-1.10772719
0.67399851	-1.09817714
0.68132458	-2.38029114
0.68865065	-3.42321256
0.69597672	-4.33995036
0.70330279	-4.87514260
0.71062886	-4.89396106
0.71795493	-4.81993978
0.72528100	-4.10399665
0.73260707	-3.29352347
0.73993314	-2.08839796
0.74725921	-1.20833124
0.75458528	-1.60273104
0.76191135	-1.83019777
0.76923742	-3.52085636
0.77656350	-4.34343916
0.78388957	-5.21173737
0.79121564	-5.46637779
0.79854171	-5.13503825
0.80586778	-4.75316814
0.81319385	-3.63320528
0.82051992	-2.29618707
0.82784599	-1.05278152
0.83517206	0.00000000
0.84249813	-0.62704231
0.84982420	-2.11946565
0.85715027	-3.33207732
0.86447634	-4.69590410
0.87180241	-5.20404790
0.87912849	-5.44863774
0.88645456	-5.41700608
0.89378063	-4.54054034
0.90110670	-3.59856491
0.90843277	-2.16967173
0.91575884	-0.72959142
0.92308491	-0.70917084
0.93041098	-1.55063894
0.93773705	-2.77156176
0.94506312	-4.12523050
0.95238919	-4.55169143
0.95971526	-5.13921493
0.96704133	-5.19175055
0.97436740	-4.67646856
0.98169348	-4.51804524
0.98901955	-3.36246739
0.99634562	-2.29767698
1.00367169	-1.60067190
1.01099776	-2.18886253
1.01832383	-4.05465413
1.02564990	-4.62091542
1.03297597	-5.91518951
1.04030204	-5.93802476
1.04762811	-5.80920194
1.05495418	-5.64228927
1.06228025	-4.36765645
1.06960632	-3.55982822
1.07693239	-2.11187160
1.08425847	-1.23693924
1.09158454	-2.49788441
1.09891061	-6.56216128
1.10623668	-5.29003557
1.11356275	-7.13353579
1.12088882	-6.88119913
1.12821489	-7.13975471
1.13554096	-6.86916351
1.14286703	-6.16296333
1.15019310	-5.58583420
1.15751917	-4.83460984
1.16484524	-5.91065684
1.17217131	-1.96926309
1.17949738	-2.35808394
1.18682346	-3.50414924
1.19414953	-5.02316547
1.20147560	-6.03722848
1.20880167	-7.77126879
1.21612774	-7.19662798
1.22345381	-7.04715831
1.23077988	-7.25197012
1.23810595	-5.31070709
1.24543202	-4.07202593
1.25275809	-2.98189960
1.26008416	-3.51009423
1.26741023	-4.56208310
1.27473630	-5.84939376
1.28206237	-6.83172433
1.28938845	-7.13767403
1.29671452	-7.51656952
1.30404059	-7.10127152
1.31136666	-6.51821582
1.31869273	-5.87818382
1.32601880	-4.33314768
1.33334487	-3.73658461
1.34067094	-3.46653315
1.34799701	-5.08200418
1.35532308	-6.80812375
1.36264915	-7.93877260
1.36997522	-9.32568028
1.37730129	-8.99373069
1.38462736	-9.38052075
1.39195344	-8.28384365
1.39927951	-7.43715761
1.40660558	-7.05302195
1.41393165	-6.93265226
1.42125772	-3.81686278
1.42858379	-4.23528446
1.43590986	-5.52020418
1.44323593	-7.41021247
1.45056200	-8.47074165
1.45788807	-9.56569339
1.46521414	-10.08968216
1.47254021	-9.93134016
1.47986628	-9.73770703
1.48719235	-8.30190647
1.49451843	-7.06708205
1.50184450	-5.69493287
1.50917057	-5.53061149
1.51649664	-6.65013809
1.52382271	-7.85635752
1.53114878	-9.13095035
1.53847485	-9.78099913
1.54580092	-10.36099572
1.55312699	-10.37197962
1.56045306	-10.33853438
1.56777913	-9.55306309
1.57510520	-8.93279997
1.58243127	-7.78229945
1.58975734	-7.84556810
1.59708342	-9.25674845
1.60440949	-11.87361359
1.61173556	-11.82710994
1.61906163	-12.54419185
1.62638770	-12.66183276
1.63371377	-12.82685910
1.64103984	-12.25056841
1.64836591	-11.74831619
1.65569198	-11.77901081
1.66301805	-14.06010333
1.67034412	-17.14671592
1.67767019	-12.14590488
1.68499626	-10.79274641
1.69232233	-12.53785403
1.69964840	-14.04464339
1.70697448	-15.39248439
1.71430055	-19.87494076
1.72162662	-19.81207410
1.72895269	-14.68719251
1.73627876	-13.15941888
1.74360483	-11.35955321
1.75093090	-9.95810694
1.75825697	-9.84151842
1.76558304	-11.26132228
1.77290911	-12.27683969
1.78023518	-13.83410620
1.78756125	-14.90317643
1.79488732	-16.81721016
1.80221339	-16.90560027
1.80953947	-15.84867905
1.81686554	-15.45057300
1.82419161	-14.43776776
1.83151768	-13.28791932
1.83884375	-12.69407882
1.84616982	-13.10949275
1.85349589	-14.70943060
1.86082196	-15.96156377
1.86814803	-19.71900149
1.87547410	-17.83877647
1.88280017	-17.26696960
1.89012624	-16.96689484
1.89745231	-16.40213228
1.90477838	-15.77528422
1.91210446	-14.78286101
1.91943053	-16.07233804
1.92675660	-15.13936838
1.93408267	-15.65191978
1.94140874	-17.30163655
1.94873481	-18.64719531
1.95606088	-19.22751098
1.96338695	-19.72771632
1.97071302	-19.34345031
1.97803909	-18.69062722
1.98536516	-17.67570941
1.99269123	-16.18323260
2.00001730	-15.01098866
2.00734337	-14.38144812
2.01466945	-15.48029285
2.02199552	-16.97644010
2.02932159	-18.41348114
2.03664766	-20.06038819
2.04397373	-21.54790123
2.05129980	-20.70825302
2.05862587	-20.62914122
2.06595194	-19.93817556
2.07327801	-19.60176313
2.08060408	-18.12037521
2.08793015	-16.49656947
2.09525622	-16.67101372
2.10258229	-17.77785969
2.10990836	-19.20142689
2.11723444	-20.23365630
2.12456051	-21.04112474
2.13188658	-21.39272994
2.13921265	-21.55703758
2.14653872	-21.39171914
2.15386479	-20.99679625
2.16119086	-22.04764732
2.16851693	-23.29929203
2.17584300	-19.27378630
2.18316907	-20.55180362
2.19049514	-22.09891044
2.19782121	-27.09893104
2.20514728	-24.25099062
2.21247335	-24.27513994
2.21979943	-25.81041781
2.22712550	-25.90759666
2.23445157	-22.71263099
2.24177764	-21.53978376
2.24910371	-20.67108649
2.25642978	-20.30084857
2.26375585	-24.96681421
2.27108192	-24.30017972
2.27840799	-23.49767976
2.28573406	-24.51975664
2.29306013	-25.50607294
2.30038620	-25.68717686
2.30771227	-25.88651117
2.31503834	-25.45513040
2.32236442	-24.64768292
2.32969049	-23.58595082
2.33701656	-22.58694819
2.34434263	-23.79056341
2.35166870	-24.26489902
2.35899477	-24.98169479
2.36632084	-27.32386364
2.37364691	-27.31185838
2.38097298	-27.47350320
2.38829905	-29.20847435
2.39562512	-31.35110939
2.40295119	-26.97568826
2.41027726	-25.96777068
2.41760333	-24.69814542
2.42492941	-24.51298032
2.43225548	-25.27613417
2.43958155	-26.56945872
2.44690762	-27.95550831
2.45423369	-28.84704412
2.46155976	-31.67734103
2.46888583	-31.70975347
2.47621190	-28.92860555
2.48353797	-28.25264012
2.49086404	-27.26364119
2.49819011	-26.23524685
2.50551618	-25.56648165
2.51284225	-25.96729751
2.52016832	-27.37436807
2.52749440	-28.77263544
2.53482047	-29.94877913
2.54214654	-30.72255162
2.54947261	-31.15721987
2.55679868	-31.18057037
2.56412475	-30.74098529
2.57145082	-29.99437547
2.57877689	-28.68174963
2.58610296	-27.63274750
2.59342903	-27.43703615
2.60075510	-28.51088152
2.60808117	-30.10558675
2.61540724	-31.60479358
2.62273331	-33.18972998
2.63005939	-35.86725823
2.63738546	-39.80328836
2.64471153	-39.98976179
2.65203760	-35.79665634
2.65936367	-32.12230258
2.66668974	-31.26052811
2.67401581	-29.85418378
2.68134188	-30.08472945
2.68866795	-32.10097861
2.69599402	-31.93272609
2.70332009	-32.77314486
2.71064616	-33.19405533
2.71797223	-33.55933561
2.72529830	-33.41620611
2.73262438	-33.03225051
2.73995045	-32.53189727
2.74727652	-31.80357098
2.75460259	-31.62795037
2.76192866	-32.72735603
2.76925473	-37.53588254
2.77658080	-40.19263544
2.78390687	-37.72920309
2.79123294	-35.99661896
2.79855901	-36.27411952
2.80588508	-36.09703959
2.81321115	-35.70271833
2.82053722	-34.88161317
2.82786329	-33.83961070
2.83518937	-32.87903731
2.84251544	-32.42818729
2.84984151	-32.99285842
2.85716758	-34.02477328
2.86449365	-35.23155027
2.87181972	-36.27401910
2.87914579	-38.07955298
2.88647186	-39.26237674
2.89379793	-37.68168954
2.90112400	-37.27843972
2.90845007	-36.60325264
2.91577614	-35.87287409
2.92310221	-35.03662730
2.93042828	-35.13758439
2.93775436	-35.87953371
2.94508043	-36.91515638
2.95240650	-37.68864802
2.95973257	-38.66726536
2.96705864	-40.64536982
2.97438471	-41.58494348
2.98171078	-39.31091004
2.98903685	-37.96949239
2.99636292	-37.61276642
3.00368899	-37.98767295
3.01101506	-41.38588254
3.01834113	-42.31630539
3.02566720	-41.27234400
3.03299327	-39.93624214
3.04031935	-40.40414992
3.04764542	-41.72559179
3.05497149	-41.03338464
3.06229756	-40.52584545
3.06962363	-39.70442416
3.07694970	-38.96003262
3.08427577	-37.76410602
3.09160184	-37.24324379
3.09892791	-37.20739742
3.10625398	-38.02401931
3.11358005	-38.94403697
3.12090612	-40.10582880
3.12823219	-41.52552657
3.13555826	-43.24560063
3.14288434	-44.39193768
3.15021041	-42.32510131
3.15753648	-41.29092273
3.16486255	-40.45027506
3.17218862	-42.79245354
3.17951469	-39.94887119
3.18684076	-39.58438586
3.19416683	-39.05773218
3.20149290	-39.55115625
3.20881897	-40.12795346
3.21614504	-41.18415425
3.22347111	-41.00670778
3.23079718	-41.75059032
3.23812325	-42.15541005
3.24544933	-40.87709806
3.25277540	-40.14619465
3.26010147	-39.33882164
3.26742754	-39.16286003
3.27475361	-39.49037912
3.28207968	-40.24769477
3.28940575	-40.65787615
3.29673182	-40.85747949
3.30405789	-40.74670817
3.31138396	-40.44795739
3.31871003	-40.13604196
3.32603610	-39.43572381
3.33336217	-41.65240660
3.34068824	-41.45396902
3.34801431	-38.62134063
3.35534039	-39.12908483
3.36266646	-40.20990041
3.36999253	-41.39051291
3.37731860	-42.20075374
3.38464467	-42.35167959
3.39197074	-42.40345570
3.39929681	-41.94733505
3.40662288	-41.21681120
3.41394895	-39.95121109
3.42127502	-38.36087197
3.42860109	-37.27750070
3.43592716	-37.33611049
3.44325323	-38.17840684
3.45057930	-39.17734373
3.45790538	-40.38344514
3.46523145	-41.19086788
3.47255752	-41.90578525
3.47988359	-42.01376695
3.48720966	-41.70015243
3.49453573	-41.06161071
3.50186180	-40.42949973
3.50918787	-38.99477841
3.51651394	-38.39299678
3.52384001	-38.71571562
3.53116608	-39.29474008
3.53849215	-41.44106022
3.54581822	-41.14554791
3.55314429	-40.77278815
3.56047037	-40.90550356
3.56779644	-40.65200291
3.57512251	-40.31624691
3.58244858	-39.84400167
3.58977465	-39.38385637
3.59710072	-41.07794118
3.60442679	-45.32758445
3.61175286	-41.92228984
3.61907893	-43.00651106
3.62640500	-42.55250882
3.63373107	-43.11087102
3.64105714	-43.20455594
3.64838321	-45.15523260
3.65570928	-47.88681173
3.66303536	-48.59888217
3.67036143	-43.56992932
3.67768750	-39.90734591
3.68501357	-39.78917577
3.69233964	-41.01837109
3.69966571	-42.01713550
3.70699178	-42.72400355
3.71431785	-43.46405347
3.72164392	-43.98385335
3.72896999	-43.82954313
3.73629606	-43.37976795
3.74362213	-42.48950210
3.75094820	-41.30374951
3.75827427	-40.21970370
3.76560035	-40.00727325
3.77292642	-41.02790505
3.78025249	-42.39191526
3.78757856	-44.04616208
3.79490463	-46.34363644
3.80223070	-49.32014282
3.80955677	-49.21784110
3.81688284	-48.92571596
3.82420891	-44.82597381
3.83153498	-43.00886380
3.83886105	-41.86602023
3.84618712	-41.32311910
3.85351319	-42.12156621
3.86083926	-43.57078342
3.86816534	-43.78641547
3.87549141	-44.55308020
3.88281748	-44.73626896
3.89014355	-44.76457719
3.89746962	-44.57571467
3.90479569	-43.98965541
3.91212176	-43.45906521
3.91944783	-42.85332556
3.92677390	-43.07448047
3.93409997	-43.73308032
3.94142604	-46.04525870
3.94875211	-49.30929756
3.95607818	-50.89332031
3.96340425	-49.66362523
3.97073033	-52.52219350
3.97805640	-53.40351307
3.98538247	-50.36635070
3.99270854	-46.94752319
4.00003461	-46.38613211
4.00736068	-45.61190310
4.01468675	-44.90613667
4.02201282	-46.73791512
4.02933889	-48.05772390
4.03666496	-48.74148354
4.04399103	-49.24959308
4.05131710	-49.45649953
4.05864317	-49.70468954
4.06596924	-49.43438593
4.07329532	-49.33620158
4.08062139	-48.78755061
4.08794746	-48.04627491
4.09527353	-47.82317292
4.10259960	-48.46267516
4.10992567	-49.94668409
4.11725174	-50.91587813
4.12457781	-51.62308591
4.13190388	-51.88333213
4.13922995	-52.09298746
4.14655602	-52.69863026
4.15388209	-53.17054435
4.16120816	-58.51318442
4.16853423	-54.71637197
4.17586031	-50.47233426
4.18318638	-47.94525031
4.19051245	-54.27889849
4.19783852	-51.81120225
4.20516459	-52.01735703
4.21249066	-53.74600644
4.21981673	-56.31745788
4.22714280	-52.76514635
4.23446887	-51.66425377
4.24179494	-52.17752746
4.24912101	-50.40601834
4.25644708	-49.64442844
4.26377315	-50.21067616
4.27109922	-52.06855441
4.27842530	-54.33658613
4.28575137	-55.92727941
4.29307744	-56.62641059
4.30040351	-57.30365573
4.30772958	-57.37094647
4.31505565	-57.41609801
4.32238172	-57.23854233
4.32970779	-56.85516320
4.33703386	-56.62490715
4.34435993	-57.27899825
4.35168600	-60.02728314
4.35901207	-63.98292029
4.36633814	-66.43510279
4.37366421	-66.04158011
4.38099029	-65.04967903
4.38831636	-64.77616233
4.39564243	-64.39592004
4.40296850	-64.82864987
4.41029457	-65.54689733
4.41762064	-68.04959044
4.42494671	-75.26584738
4.43227278	-73.46464181
4.43959885	-64.97654607
4.44692492	-62.41662614
4.45425099	-61.05651033
4.46157706	-59.75913807
4.46890313	-58.61455644
4.47622920	-59.77908339
4.48355528	-64.21460964
4.49088135	-64.44702773
4.49820742	-60.58720625
4.50553349	-56.25267563
4.51285956	-57.08626527
4.52018563	-57.98942699
4.52751170	-57.75359747
4.53483777	-63.19942321
4.54216384	-60.16541548
4.54948991	-61.95916468
4.55681598	-64.84543502
4.56414205	-67.35528886
4.57146812	-68.35220586
4.57879419	-69.83767156
4.58612027	-71.19383776
4.59344634	-65.23969067
4.60077241	-60.30896626
4.60809848	-60.50194170
4.61542455	-64.88378362
4.62275062	-67.04758171
4.63007669	-67.28784447
4.63740276	-67.81861102
4.64472883	-68.40991920
4.65205490	-68.97074751
4.65938097	-70.18086147
4.66670704	-71.23062329
4.67403311	-70.37221920
4.68135918	-67.14211547
4.68868526	-64.31519305
4.69601133	-64.81840591
4.70333740	-64.28465109
4.71066347	-63.80614549
4.71798954	-63.18031597
4.72531561	-62.45921353
4.73264168	-63.72738491
4.73996775	-62.86877721
4.74729382	-66.13015368
4.75461989	-72.40947707
4.76194596	-70.71270507
4.76927203	-67.69119466
4.77659810	-66.89046417
4.78392417	-66.50042975
4.79125025	-67.36914331
4.79857632	-67.98420318
4.80590239	-68.48449900
4.81322846	-69.19162769
4.82055453	-68.31435237
4.82788060	-67.38171631
4.83520667	-66.84638268
4.84253274	-65.34087030
4.84985881	-64.08147497
4.85718488	-63.75628235
4.86451095	-64.03564118
4.87183702	-65.26650539
4.87916309	-66.17066503
4.88648916	-67.68719506
4.89381524	-68.52777499
4.90114131	-69.76381369
4.90846738	-69.11462932
4.91579345	-69.17264730
4.92311952	-67.77322066
4.93044559	-66.08816247
4.93777166	-65.56279278
4.94509773	-65.59561045
4.95242380	-66.00090666
4.95974987	-66.50359664
4.96707594	-66.86658942
4.97440201	-67.35633133
4.98172808	-67.57494886
4.98905415	-68.25379999
4.99638022	-68.00344644
5.00370630	-70.13760892
5.01103237	-68.89282888
5.01835844	-67.40998901
5.02568451	-67.51404022
5.03301058	-68.51979661
5.04033665	-69.39438036
5.04766272	-70.10758931
5.05498879	-69.93843481
5.06231486	-69.68177320
5.06964093	-68.10926189
5.07696700	-67.26595863
5.08429307	-66.29060489
5.09161914	-66.01575967
5.09894521	-67.48833462
5.10627129	-75.70869153
5.11359736	-73.91101844
5.12092343	-80.23127555
5.12824950	-73.44543270
5.13557557	-73.18775306
5.14290164	-73.68748807
5.15022771	-73.01928702
5.15755378	-72.10492652
5.16487985	-70.54664796
5.17220592	-69.08107937
5.17953199	-67.43092729
5.18685806	-67.05390410
5.19418413	-68.97553216
5.20151020	-74.08814410
5.20883628	-73.33492832
5.21616235	-71.69698485
5.22348842	-71.81793585
5.23081449	-72.04048047
5.23814056	-72.85587285
5.24546663	-72.33158316
5.25279270	-72.04727847
5.26011877	-71.18828878
5.26744484	-70.29058241
5.27477091	-71.71796820
5.28209698	-82.42967840
5.28942305	-77.33151595
5.29674912	-74.99455728
5.30407519	-75.58660577
5.31140127	-75.72256946
5.31872734	-76.74444122
5.32605341	-84.66300602
5.33337948	-75.01324539
5.34070555	-69.83449272
5.34803162	-68.75146870
5.35535769	-68.96483077
5.36268376	-69.64232893
5.37000983	-70.96156333
5.37733590	-72.87215528
5.38466197	-72.67746507
5.39198804	-72.80481830
5.39931411	-72.69065926
5.40664018	-72.63167679
5.41396626	-72.43747230
5.42129233	-71.07142886
5.42861840	-69.73686135
5.43594447	-69.53314153
5.44327054	-80.34631857
5.45059661	-73.37096255
5.45792268	-72.62430146
5.46524875	-73.29382262
5.47257482	-73.75574798
5.47990089	-73.73965081
5.48722696	-73.78075928
5.49455303	-72.68508032
5.50187910	-72.47837301
5.50920517	-71.70201625
5.51653125	-70.32801998
5.52385732	-71.49222603
5.53118339	-72.50186757
5.53850946	-74.33707092
5.54583553	-75.51251308
5.55316160	-77.04140946
5.56048767	-75.35105366
5.56781374	-77.35876451
5.57513981	-76.58455053
5.58246588	-76.54830936
5.58979195	-76.97757876
5.59711802	-77.43003871
5.60444409	-79.60628231
5.61177016	-84.13673600
5.61909624	-97.04356673
5.62642231	-94.19132797
5.63374838	-86.69527050
5.64107445	-86.79877078
5.64840052	-79.23668682
5.65572659	-81.96534983
5.66305266	-81.02926237
5.67037873	-84.13414414
5.67770480	-86.47100995
5.68503087	-94.73097491
5.69235694	-96.60859238
5.69968301	-88.09117520
5.70700908	-84.42217685
5.71433515	-82.43347027
5.72166123	-81.41385043
5.72898730	-81.58504674
5.73631337	-80.55706582
5.74363944	-83.43449512
5.75096551	-81.13385321
5.75829158	-83.97110064
5.76561765	-82.81644302
5.77294372	-80.95970443
5.78026979	-79.56950026
5.78759586	-78.36999554
5.79492193	-77.37356359
5.80224800	-77.41771820
5.80957407	-79.61667414
5.81690014	-78.83445504
5.82422622	-77.27918957
5.83155229	-78.15102724
5.83887836	-79.54637890
5.84620443	-75.38209118
5.85353050	-74.45195484
5.86085657	-74.42321382
5.86818264	-74.38470437
5.87550871	-75.46799641
5.88283478	-75.39827297
5.89016085	-75.25748611
5.89748692	-75.44419110
5.90481299	-74.98820447
5.91213906	-75.33750299
5.91946513	-75.27393896
5.92679121	-75.43713556
5.93411728	-74.72953491
5.94144335	-75.95077363
5.94876942	-78.69905097
5.95609549	-80.01582173
5.96342156	-80.14144836
5.97074763	-81.76578438
5.97807370	-80.60520784
5.98539977	-80.64956990
5.99272584	-80.52006073
6.00005191	-81.35043333
6.00737798	-82.85218546
6.01470405	-87.55203736
6.02203012	-92.50267766
6.02935620	-83.35561007
6.03668227	-80.89364297
6.04400834	-79.34729499
6.05133441	-80.08121239
6.05866048	-77.75403613
6.06598655	-78.93350548
6.07331262	-80.04642280
6.08063869	-80.29558114
6.08796476	-80.47935336
6.09529083	-78.57615802
6.10261690	-78.49502444
6.10994297	-85.23902887
6.11726904	-83.29826051
6.12459511	-82.04195432
6.13192119	-80.68793583
6.13924726	-80.51874035
6.14657333	-81.54347880
6.15389940	-79.40780000
6.16122547	-79.75989383
6.16855154	-78.14693198
6.17587761	-78.12376482
6.18320368	-76.20769207
6.19052975	-76.11652782
6.19785582	-76.95727931
6.20518189	-78.13007485
6.21250796	-78.83971367
6.21983403	-79.37179786
6.22716010	-80.30425604
6.23448618	-80.39522705
6.24181225	-81.53437547
6.24913832	-82.95823225
6.25646439	-80.55559673
6.26379046	-79.95610407
6.27111653	-78.64627075
6.27844260	-83.74295903
6.28576867	-83.19399478
6.29309474	-85.05355236
6.30042081	-85.85801903
6.30774688	-81.78780794
6.31507295	-85.51867044
6.32239902	-82.73525126
6.32972509	-82.84782567
6.33705117	-81.36438510
6.34437724	-82.93474689
6.35170331	-81.35032301
6.35902938	-81.19137142
6.36635545	-79.82281871
6.37368152	-79.97628099
6.38100759	-81.05046370
6.38833366	-80.37977662
6.39565973	-80.22828231
6.40298580	-79.56188393
6.41031187	-82.07873675
6.41763794	-81.32503039
6.42496401	-80.93552307
6.43229008	-80.89432561
6.43961616	-81.42002181
6.44694223	-82.26817233
6.45426830	-83.63880965
6.46159437	-81.73103601
6.46892044	-80.65950918
6.47624651	-82.92908134
6.48357258	-80.54351186
6.49089865	-83.30637899
6.49822472	-83.86647270
6.50555079	-83.56977438
6.51287686	-85.01374447
6.52020293	-83.58203408
6.52752900	-83.25390284
6.53485507	-83.35198429
6.54218115	-84.20054153
6.54950722	-82.52608089
6.55683329	-83.34139974
6.56415936	-85.07481324
6.57148543	-82.81246796
6.57881150	-83.76395107
6.58613757	-80.62154472
6.59346364	-83.62880876
6.60078971	-83.07896132
6.60811578	-84.05366075
6.61544185	-83.73349921
6.62276792	-84.48403824
6.63009399	-84.82374812
6.63742006	-86.47504297
6.64474613	-85.09727122
6.65207221	-86.40271925
6.65939828	-83.56927795
6.66672435	-83.02591362
6.67405042	-84.58914526
6.68137649	-83.80547722
6.68870256	-82.72698128
6.69602863	-84.54611996
6.70335470	-82.51448805
6.71068077	-82.97513089
6.71800684	-83.86903478
6.72533291	-82.84358713
6.73265898	-85.73855787
6.73998505	-83.46841810
6.74731112	-85.71840813
6.75463720	-85.37153526
6.76196327	-83.62855132
6.76928934	-84.81967894
6.77661541	-84.65638347
6.78394148	-83.04627284
6.79126755	-82.94183852
6.79859362	-84.00267502
6.80591969	-84.23400730
6.81324576	-85.65942015
6.82057183	-83.93305662
6.82789790	-84.87381130
6.83522397	-85.67555042
6.84255004	-86.73476859
6.84987611	-85.23913148
6.85720219	-85.94526872
6.86452826	-86.59695004
6.87185433	-84.55358813
6.87918040	-84.72986138
6.88650647	-86.07716907
6.89383254	-83.39699032
6.90115861	-83.40333705
6.90848468	-85.63918967
6.91581075	-87.12282476
6.92313682	-84.70493264
6.93046289	-84.98629180
6.93778896	-86.34223907
6.94511503	-86.87922674
6.95244110	-86.41880339
6.95976718	-87.94902384
6.96709325	-88.22987112
6.97441932	-88.19900961
6.98174539	-88.77107116
6.98907146	-85.81709012
6.99639753	-88.28519881
7.00372360	-86.09024677
7.01104967	-86.65497787
7.01837574	-86.66616896
7.02570181	-89.10518670
7.03302788	-87.82144106
7.04035395	-86.34479474
7.04768002	-87.87412675
7.05500609	-88.19679824
7.06233217	-87.45201474
7.06965824	-84.47606251
7.07698431	-87.31411453
7.08431038	-87.66075426
7.09163645	-90.79020628
7.09896252	-87.20223986
7.10628859	-91.36901253
7.11361466	-88.94143564
7.12094073	-87.55199754
7.12826680	-86.38455734
7.13559287	-87.26176393
7.14291894	-87.83654572
7.15024501	-89.05551583
7.15757108	-89.85194107
7.16489716	-90.05640546
7.17222323	-90.53892305
7.17954930	-89.12415079
7.18687537	-97.10075852
7.19420144	-88.69471179
7.20152751	-89.56996598
7.20885358	-85.68659275
7.21617965	-88.61622685
7.22350572	-87.98938869
7.23083179	-89.77227463
7.23815786	-89.89349722
7.24548393	-91.81914258
7.25281000	-90.93799661
7.26013607	-90.50915361
7.26746215	-93.79644320
7.27478822	-89.22917714
7.28211429	-93.75425874
7.28944036	-88.00366931
7.29676643	-98.56375932
7.30409250	-94.17503726
7.31141857	-93.70890806
7.31874464	-94.57231101
7.32607071	-91.40956472
7.33339678	-90.42433074
7.34072285	-93.67879686
7.34804892	-92.83617132
7.35537499	-90.76317189
7.36270106	-92.83169251
7.37002714	-99.46162878
7.37735321	-92.70153627
7.38467928	-93.98244129
7.39200535	-88.92606525
7.39933142	-89.87172228
7.40665749	-90.76010608
7.41398356	-91.40618613
7.42130963	-96.54300047
7.42863570	-91.48015415
7.43596177	-95.40420671
7.44328784	-90.72209116
7.45061391	-90.98055369
7.45793998	-93.47176048
7.46526605	-96.64273016
7.47259213	-92.68078636
7.47991820	-91.07648266
7.48724427	-94.56014990
7.49457034	-90.49562632
7.50189641	-91.55504826
7.50922248	-98.84665995
7.51654855	-102.50740820
7.52387462	-89.93938019
7.53120069	-93.70930021
7.53852676	-95.02409306
7.54585283	-92.79419382
7.55317890	-101.83493070
7.56050497	-98.63304805
7.56783104	-101.09264568
7.57515712	-101.77759379
7.58248319	-101.57285919
7.58980926	-94.19873837
7.59713533	-95.16967092
7.60446140	-105.30866009
7.61178747	-99.27440163
7.61911354	-91.59400460
7.62643961	-90.16197797
7.63376568	-94.26653150
7.64109175	-98.85022912
7.64841782	-97.08600433
7.65574389	-97.19981794
7.66306996	-96.46328251
7.67039603	-94.80711588
7.67772211	-97.20576881
7.68504818	-94.36913573
7.69237425	-98.32255727
7.69970032	-103.01638320
7.70702639	-98.96122328
7.71435246	-101.50521453
7.72167853	-94.51809723
7.72900460	-111.39808907
7.73633067	-94.57639027
7.74365674	-101.33557466
7.75098281	-94.05023107
7.75830888	-93.83045112
7.76563495	-101.26017418
7.77296102	-102.07427466
7.78028710	-98.54202473
7.78761317	-96.41653967
7.79493924	-114.93897011
7.80226531	-103.11422537
7.80959138	-100.85007197
7.81691745	-95.26315337
7.82424352	-96.43688594
7.83156959	-104.52036329
7.83889566	-107.71479877
7.84622173	-98.56089849
7.85354780	-94.40366791
7.86087387	-98.46271330
7.86819994	-108.48136733
7.87552601	-101.24660972
7.88285209	-102.26532361
7.89017816	-96.23424470
7.89750423	-99.29876466
7.90483030	-99.35215049
7.91215637	-99.74538147
7.91948244	-100.86614969
7.92680851	-92.02355135
7.93413458	-98.61475080
7.94146065	-101.09708743
7.94878672	-100.52943927
7.95611279	-98.87046992
7.96343886	-99.69891349
7.97076493	-97.37911770
7.97809100	-101.18492595
7.98541708	-98.09179004
7.99274315	-101.16609177
8.00006922	-103.07520503
8.00739529	-97.07549022
8.01472136	-98.71670698
8.02204743	-99.32204992
8.02937350	-98.10823986
8.03669957	-94.09396708
8.04402564	-94.77146805
8.05135171	-99.10572203
8.05867778	-113.51327170
8.06600385	-93.79889721
8.07332992	-95.12795898
8.08065599	-110.46466518
8.08798207	-106.56831272
8.09530814	-97.32679520
8.10263421	-96.25157041
8.10996028	-108.80989825
8.11728635	-110.47578322
8.12461242	-99.32355203
8.13193849	-95.33261247
8.13926456	-97.79950124
8.14659063	-110.34262343
8.15391670	-99.49567726
8.16124277	-107.76169043
8.16856884	-100.42085463
8.17589491	-98.19574869
8.18322098	-98.73228101
8.19054706	-120.54825972
8.19787313	-95.49685156
8.20519920	-108.39332500
8.21252527	-101.01491041
8.21985134	-108.28129620
8.22717741	-108.74707923
8.23450348	-107.38662337
8.24182955	-109.22982446
8.24915562	-101.70473876
8.25648169	-103.10183132
8.26380776	-101.61460790
8.27113383	-97.73229643
8.27845990	-95.40229249
8.28578597	-97.66139058
8.29311204	-100.82503426
8.30043812	-106.13490625
8.30776419	-103.04378873
8.31509026	-98.02184975
8.32241633	-95.40799209
8.32974240	-94.34412036
8.33706847	-95.28099231
8.34439454	-100.66526771
8.35172061	-98.56082334
8.35904668	-115.38722548
8.36637275	-102.19529692
8.37369882	-98.27851697
8.38102489	-97.81648375
8.38835096	-106.36068531
8.39567703	-117.18543614
8.40300311	-93.63158472
8.41032918	-91.98842764
8.41765525	-102.08363179
8.42498132	-109.05922241
8.43230739	-96.00668902
8.43963346	-97.42679771
8.44695953	-103.30153227
8.45428560	-98.64873125
8.46161167	-103.31154975
8.46893774	-114.81139534
8.47626381	-105.60124651
8.48358988	-105.85586922
8.49091595	-101.09184405
8.49824202	-104.67648391
8.50556810	-99.30776199
8.51289417	-106.00418950
8.52022024	-100.84604135
8.52754631	-95.57299214
8.53487238	-101.31885570
8.54219845	-94.63160833
8.54952452	-102.18483241
8.55685059	-100.17470623
8.56417666	-95.44369209
8.57150273	-95.71126299
8.57882880	-106.85371806
8.58615487	-102.13346510
8.59348094	-103.76822587
8.60080701	-110.99901660
8.60813309	-111.44716048
8.61545916	-104.14915989
8.62278523	-102.57846188
8.63011130	-116.70360931
8.63743737	-102.98706119
8.64476344	-106.90855341
8.65208951	-100.86487194
8.65941558	-100.45378985
8.66674165	-96.61807695
8.67406772	-91.52622640
8.68139379	-96.00012662
8.68871986	-96.75799621
8.69604593	-103.24649431
8.70337200	-92.61375336
8.71069808	-92.66516919
8.71802415	-101.81486165
8.72535022	-99.54477483
8.73267629	-97.42338427
8.74000236	-105.69211962
8.74732843	-98.55194241
8.75465450	-94.58621261
8.76198057	-101.54917236
8.76930664	-107.78597486
8.77663271	-111.71044350
8.78395878	-108.02823089
8.79128485	-105.84915452
8.79861092	-99.48153364
8.80593699	-114.10837760
8.81326307	-108.71193768
8.82058914	-106.57087683
8.82791521	-118.69099397
8.83524128	-99.67820449
8.84256735	-96.61134303
8.84989342	-102.09657846
8.85721949	-104.80663353
8.86454556	-99.96774726
8.87187163	-98.56498574
8.87919770	-109.02965447
8.88652377	-100.42441743
8.89384984	-103.60348479
8.90117591	-98.97392834
8.90850198	-98.35614453
8.91582806	-100.28190903
8.92315413	-96.18492283
8.93048020	-101.61601698
8.93780627	-100.48720464
8.94513234	-123.21395426
8.95245841	-102.84724264
8.95978448	-96.32767249
8.96711055	-96.35330480
8.97443662	-102.16331701
8.98176269	-96.85168793
8.98908876	-99.79982296
8.99641483	-91.70319541
9.00374090	-98.80514565
9.01106697	-98.99543082
9.01839305	-101.93850489
9.02571912	-97.43228036
9.03304519	-102.51972486
9.04037126	-97.69546677
9.04769733	-99.61874595
9.05502340	-95.87652926
9.06234947	-104.31951914
9.06967554	-102.76887371
9.07700161	-111.64603728
9.08432768	-116.32675406
9.09165375	-99.60738397
9.09897982	-93.06145092
9.10630589	-101.94510698
9.11363196	-94.29775015
9.12095804	-97.40284561
9.12828411	-96.07271753
9.13561018	-105.13740085
9.14293625	-117.39204498
9.15026232	-120.71998862
9.15758839	-101.91180509
9.16491446	-106.22412506
9.17224053	-100.74988607
9.17956660	-97.17038424
9.18689267	-107.23367163
9.19421874	-108.58003122
9.20154481	-94.09265383
9.20887088	-110.99469656
9.21619695	-95.76991465
9.22352303	-107.10188124
9.23084910	-98.65322211
9.23817517	-93.66865809
9.24550124	-99.00021886
9.25282731	-106.02445871
9.26015338	-98.46076046
9.26747945	-98.43762696
9.27480552	-94.02336359
9.28213159	-97.11608937
9.28945766	-110.10999005
9.29678373	-104.36742634
9.30410980	-104.95521531
9.31143587	-107.39401720
9.31876194	-97.26094099
9.32608802	-98.85786490
9.33341409	-104.83914838
9.34074016	-103.28460620
9.34806623	-103.91824067
9.35539230	-100.56323115
9.36271837	-103.52140139
9.37004444	-96.18717072
9.37737051	-109.98322752
9.38469658	-116.56153167
9.39202265	-92.95963057
9.39934872	-97.79320968
9.40667479	-99.96280327
9.41400086	-122.42259483
9.42132693	-110.95243214
9.42865301	-96.49576710
9.43597908	-119.90783435
9.44330515	-97.14829477
9.45063122	-101.36627510
9.45795729	-94.98497029
9.46528336	-96.60335657
9.47260943	-100.87151305
9.47993550	-97.49868447
9.48726157	-99.94646108
9.49458764	-112.20261632
9.50191371	-100.29628435
9.50923978	-110.80215304
9.51656585	-96.54107082
9.52389192	-96.86484071
9.53121800	-100.44834903
9.53854407	-99.61687149
9.54587014	-93.95825637
9.55319621	-94.45902788
9.56052228	-96.99431200
9.56784835	-106.48924699
9.57517442	-113.07826398
9.58250049	-104.55592747
9.58982656	-98.81786656
9.59715263	-97.89017000
9.60447870	-95.11244821
9.61180477	-103.03288623
9.61913084	-95.90169823
9.62645691	-100.71284798
9.63378299	-111.48684006
9.64110906	-101.69816631
9.64843513	-105.36650374
9.65576120	-97.10489965
9.66308727	-105.37932608
9.67041334	-95.34379895
9.67773941	-102.79755154
9.68506548	-97.91550202
9.69239155	-96.76937529
9.69971762	-98.61197622
9.70704369	-102.32448166
9.71436976	-100.99310941
9.72169583	-101.91700343
9.72902190	-100.75401881
9.73634798	-99.65731735
9.74367405	-101.20302391
9.75100012	-109.18239994
9.75832619	-103.84933887
9.76565226	-97.51398578
9.77297833	-95.08224182
9.78030440	-95.15981485
9.78763047	-100.30670067
9.79495654	-106.26855358
9.80228261	-102.54850725
9.80960868	-99.54582680
9.81693475	-103.44015846
9.82426082	-103.97310381
9.83158689	-100.43190675
9.83891297	-101.32174974
9.84623904	-115.92271084
9.85356511	-114.42935360
9.86089118	-106.90512147
9.86821725	-96.51348516
9.87554332	-110.21799913
9.88286939	-106.15569097
9.89019546	-99.88636143
9.89752153	-101.24063869
9.90484760	-114.21015206
9.91217367	-103.45318831
9.91949974	-102.98747470
9.92682581	-96.76627409
9.93415188	-99.71565178
9.94147795	-97.75087482
9.94880403	-100.93545791
9.95613010	-100.90876986
9.96345617	-103.08554796
9.97078224	-100.16900414
9.97810831	-98.39058147
9.98543438	-110.08810546
9.99276045	-123.66067642
10.00008652	-102.28135855
10.00741259	-105.80626758
10.01473866	-103.66477677
10.02206473	-99.06797604
10.02939080	-98.93040481
10.03671687	-99.13582887
10.04404294	-104.86261156
10.05136902	-108.18428199
10.05869509	-115.07578747
10.06602116	-101.96772288
10.07334723	-110.14227944
10.08067330	-107.74901967
10.08799937	-107.86068891
10.09532544	-108.26524368
10.10265151	-115.71697700
10.10997758	-115.13819408
10.11730365	-100.80507251
10.12462972	-98.93992536
10.13195579	-109.40199354
10.13928186	-112.89001774
10.14660793	-100.04250834
10.15393401	-99.15109893
10.16126008	-112.05508016
10.16858615	-119.59385660
10.17591222	-101.36967623
10.18323829	-105.03510754
10.19056436	-101.96151640
10.19789043	-102.20295589
10.20521650	-103.59687249
10.21254257	-102.29899681
10.21986864	-98.57778468
10.22719471	-124.52298727
10.23452078	-99.71789411
10.24184685	-97.50149334
10.24917292	-102.45961789
10.25649900	-96.81686640
10.26382507	-95.98325074
10.27115114	-100.18414368
10.27847721	-94.12779802
10.28580328	-105.88519263
10.29312935	-94.72780081
10.30045542	-107.20884529
10.30778149	-95.60966720
10.31510756	-110.00367356
10.32243363	-96.34073617
10.32975970	-103.29378915
10.33708577	-100.44372439
10.34441184	-103.98282903
10.35173791	-101.05970480
10.35906399	-107.44036981
10.36639006	-100.34222500
10.37371613	-103.59273629
10.38104220	-109.36104118
10.38836827	-103.55333201
10.39569434	-103.07693406
10.40302041	-94.70361316
10.41034648	-94.89396340
10.41767255	-97.51798168
10.42499862	-101.76962892
10.43232469	-110.10011787
10.43965076	-106.93198527
10.44697683	-107.33966732
10.45430290	-100.10855722
10.46162898	-93.29338029
10.46895505	-103.35498268
10.47628112	-107.14764859
10.48360719	-119.66174789
10.49093326	-102.36606691
10.49825933	-98.98902943
10.50558540	-111.72595252
10.51291147	-97.98615868
10.52023754	-112.89322269
10.52756361	-96.66571105
10.53488968	-98.42885174
10.54221575	-112.30651203
10.54954182	-98.54664660
10.55686789	-103.04588151
10.56419397	-111.37252370
10.57152004	-117.10987223
10.57884611	-109.31731024
10.58617218	-119.60154851
10.59349825	-114.99926960
10.60082432	-109.08782154
10.60815039	-109.55291512
10.61547646	-100.38688364
10.62280253	-101.93169593
10.63012860	-111.75677104
10.63745467	-103.29209094
10.64478074	-107.67529024
10.65210681	-110.04580459
10.65943288	-102.40849635
10.66675896	-98.63743623
10.67408503	-95.59265829
10.68141110	-96.50840258
10.68873717	-103.22821078
10.69606324	-112.84623591
10.70338931	-102.16382563
10.71071538	-95.99174561
10.71804145	-99.92628393
10.72536752	-103.82028599
10.73269359	-98.82370002
10.74001966	-94.89643765
10.74734573	-97.75633131
10.75467180	-109.80191175
10.76199787	-108.03810773
10.76932395	-105.91243857
10.77665002	-104.57151276
10.78397609	-103.74336406
10.79130216	-100.80600711
10.79862823	-104.96820922
10.80595430	-103.81101496
10.81328037	-99.34818055
10.82060644	-104.32628181
10.82793251	-110.41269846
10.83525858	-99.99969259
10.84258465	-97.57675603
10.84991072	-109.12198374
10.85723679	-107.41671235
10.86456286	-97.53756462
10.87188894	-97.10766920
10.87921501	-112.66235095
10.88654108	-102.29120935
10.89386715	-98.29312931
10.90119322	-117.44888672
10.90851929	-101.15023682
10.91584536	-102.41980515
10.92317143	-101.64011160
10.93049750	-94.49099262
10.93782357	-101.49321368
10.94514964	-98.84146253
10.95247571	-102.04484380
10.95980178	-112.04321065
10.96712785	-97.36215396
10.97445393	-97.48259836
10.98178000	-100.93753214
10.98910607	-103.09868484
10.99643214	-115.59877108
11.00375821	-105.27656260
11.01108428	-107.18769711
11.01841035	-108.41432366
11.02573642	-100.45750496
11.03306249	-103.32452329
11.04038856	-105.20607981
11.04771463	-100.73589095
11.05504070	-97.02832892
11.06236677	-100.67606592
11.06969284	-99.09504107
11.07701892	-99.00490862
11.08434499	-98.70698440
11.09167106	-97.99376915
11.09899713	-117.66184388
11.10632320	-98.24838501
11.11364927	-118.29469975
11.12097534	-97.01716234
11.12830141	-104.96647228
11.13562748	-101.34546543
11.14295355	-107.74817525
11.15027962	-104.58360656
11.15760569	-101.54463130
11.16493176	-104.65060534
11.17225783	-106.36292397
11.17958391	-103.18639914
11.18690998	-102.54003331
11.19423605	-102.66158583
11.20156212	-104.39412439
11.20888819	-100.50784120
11.21621426	-108.34205888
11.22354033	-105.34925287
11.23086640	-104.79416445
11.23819247	-97.64218304
11.24551854	-97.65702817
11.25284461	-102.07345961
11.26017068	-104.27773739
11.26749675	-106.49662480
11.27482282	-113.86061535
11.28214890	-113.39081334
11.28947497	-110.83857535
11.29680104	-104.04099187
11.30412711	-105.14939419
11.31145318	-105.01679207
11.31877925	-102.07343537
11.32610532	-113.75874746
11.33343139	-111.68037601
11.34075746	-94.38680552
11.34808353	-94.28527071
11.35540960	-100.85722933
11.36273567	-102.68806758
11.37006174	-99.68111862
11.37738781	-110.09573272
11.38471389	-108.02046612
11.39203996	-98.22049531
11.39936603	-105.52239945
11.40669210	-99.31672774
11.41401817	-104.13768474
11.42134424	-100.93551965
11.42867031	-102.38621198
11.43599638	-105.56437790
11.44332245	-100.20297692
11.45064852	-117.09505309
11.45797459	-101.19367361
11.46530066	-103.77042819
11.47262673	-108.75927117
11.47995280	-99.51927748
11.48727888	-110.96383408
11.49460495	-102.35044728
11.50193102	-105.95140797
11.50925709	-111.33428114
11.51658316	-112.32759272
11.52390923	-102.00855661
11.53123530	-98.08682801
11.53856137	-98.00578369
11.54588744	-99.89064986
11.55321351	-96.34678800
11.56053958	-97.68694846
11.56786565	-103.85767276
11.57519172	-104.36077000
11.58251779	-102.28647599
11.58984386	-102.74391935
11.59716994	-106.60650848
11.60449601	-104.61516860
11.61182208	-106.26579394
11.61914815	-95.10175420
11.62647422	-109.40476139
11.63380029	-95.83654178
11.64112636	-110.56636687
11.64845243	-105.86412984
11.65577850	-106.44655773
11.66310457	-96.18955683
11.67043064	-98.53188461
11.67775671	-103.97708527
11.68508278	-102.61072542
11.69240885	-108.66054602
11.69973493	-104.68138340
11.70706100	-109.83167848
11.71438707	-101.99670295
11.72171314	-95.88203907
11.72903921	-100.52367535
11.73636528	-102.09626331
11.74369135	-117.81686668
11.75101742	-98.20210198
11.75834349	-92.57761745
11.76566956	-96.76928004
11.77299563	-97.91503571
11.78032170	-101.11110775
11.78764777	-97.48171429
11.79497384	-104.45241238
11.80229992	-96.20499469
11.80962599	-95.35113337
11.81695206	-105.91650459
11.82427813	-98.65742566
11.83160420	-103.48602371
11.83893027	-100.71241304
11.84625634	-96.19019162
11.85358241	-107.19304688
11.86090848	-102.41219497
11.86823455	-99.84413281
11.87556062	-99.77007863
11.88288669	-101.90901385
11.89021276	-113.19588438
11.89753883	-101.00862364
11.90486491	-113.02659573
11.91219098	-101.35692360
11.91951705	-99.48996102
11.92684312	-97.36305997
11.93416919	-100.95833963
11.94149526	-103.23734981
11.94882133	-103.13743671
11.95614740	-105.61905563
11.96347347	-120.48297878
11.97079954	-106.38773721
11.97812561	-101.96664643
11.98545168	-106.05306205
11.99277775	-101.30903419
12.00010382	-107.62180563
12.00742990	-102.74189425
12.01475597	-108.27617555
12.02208204	-127.79930378
12.02940811	-102.78897866
12.03673418	-102.10158419
12.04406025	-98.23096982
12.05138632	-102.66161005
12.05871239	-102.64156088
12.06603846	-97.37604230
12.07336453	-98.04174552
12.08069060	-101.95280569
12.08801667	-106.82053105
12.09534274	-97.64603174
12.10266881	-103.95377226
12.10999489	-98.55410590
12.11732096	-113.29448734
12.12464703	-107.61020246
12.13197310	-107.44400623
12.13929917	-109.85848879
12.14662524	-109.21053926
12.15395131	-103.24266616
12.16127738	-101.38035927
12.16860345	-100.20660202
12.17592952	-98.61564038
12.18325559	-101.70672575
12.19058166	-109.51349012
12.19790773	-101.57870087
12.20523380	-99.43130931
12.21255988	-95.24904487
12.21988595	-102.58464018
12.22721202	-107.83585109
12.23453809	-101.83605620
12.24186416	-107.16055346
12.24919023	-96.55098897
12.25651630	-116.18692377
12.26384237	-101.95140450
12.27116844	-102.43373454
12.27849451	-101.80391781
12.28582058	-118.83746449
12.29314665	-103.78995203
12.30047272	-101.92653373
12.30779879	-115.39888365
12.31512487	-99.08558633
12.32245094	-99.13028164
12.32977701	-98.68818214
12.33710308	-128.24449192
12.34442915	-102.74666770
12.35175522	-104.35884714
12.35908129	-119.31499179
12.36640736	-104.05536542
12.37373343	-97.96420903
12.38105950	-95.80833607
12.38838557	-99.18780280
12.39571164	-98.55282049
12.40303771	-106.72387968
12.41036378	-102.26884386
12.41768986	-108.15528409
12.42501593	-99.91826776
12.43234200	-99.69593841
12.43966807	-102.30831383
12.44699414	-109.57212024
12.45432021	-99.40582404
12.46164628	-110.08514608
12.46897235	-96.98621835
12.47629842	-97.19637485
12.48362449	-97.13430607
12.49095056	-105.06782981
12.49827663	-99.39663100
12.50560270	-99.66919728
12.51292877	-111.77929730
12.52025485	-100.75642682
12.52758092	-103.96661532
12.53490699	-97.19329135
12.54223306	-104.64448917
12.54955913	-105.12971366
12.55688520	-110.82376671
12.56421127	-99.14439074
12.57153734	-97.05859099
12.57886341	-95.12154977
12.58618948	-107.20599750
12.59351555	-97.56334559
12.60084162	-100.56974526
12.60816769	-102.39556419
12.61549376	-101.76207032
12.62281984	-102.83307284
12.63014591	-99.59285241
12.63747198	-102.10604623
12.64479805	-109.01789690
12.65212412	-106.27340901
12.65945019	-102.61429412
12.66677626	-104.34384206
12.67410233	-97.51756521
12.68142840	-105.81507754
12.68875447	-106.98272807
12.69608054	-101.54018127
12.70340661	-112.72226384
12.71073268	-98.50799683
12.71805875	-108.05323147
12.72538483	-100.20921226
12.73271090	-101.87826795
12.74003697	-104.39783329
12.74736304	-104.10149083
12.75468911	-108.46846119
12.76201518	-108.09736712
12.76934125	-105.06075111
12.77666732	-102.49220049
12.78399339	-103.91297855
12.79131946	-134.80656103
12.79864553	-102.02016219
12.80597160	-98.38601640
12.81329767	-103.69663304
12.82062374	-109.02218677
12.82794982	-101.03644281
12.83527589	-102.67246639
12.84260196	-110.11337803
12.84992803	-115.40961201
12.85725410	-103.94994617
12.86458017	-114.07001561
12.87190624	-101.61237348
12.87923231	-100.06431021
12.88655838	-105.49115623
12.89388445	-102.73048584
12.90121052	-116.49107010
12.90853659	-104.31365605
12.91586266	-98.74467523
12.92318873	-103.24829576
12.93051481	-97.85900281
12.93784088	-94.97909412
12.94516695	-102.76887628
12.95249302	-96.75238794
12.95981909	-99.26253189
12.96714516	-108.37566102
12.97447123	-110.18213096
12.98179730	-102.98591358
12.98912337	-100.97156766
12.99644944	-111.93662618
13.00377551	-100.81581451
13.01110158	-115.70544421
13.01842765	-99.25152445
13.02575372	-115.54033188
13.03307980	-103.49673290
13.04040587	-95.64704774
13.04773194	-98.40774964
13.05505801	-102.38704537
13.06238408	-107.47669356
13.06971015	-102.29736138
13.07703622	-107.01259331
13.08436229	-101.95436939
13.09168836	-98.73804709
13.09901443	-102.28968021
13.10634050	-98.91640812
13.11366657	-106.28267739
13.12099264	-100.62499961
13.12831871	-99.81240089
13.13564478	-105.01042594
13.14297086	-102.41974569
13.15029693	-122.93166137
13.15762300	-99.63807471
13.16494907	-103.00563559
13.17227514	-105.46385304
13.17960121	-112.56646003
13.18692728	-102.45080911
13.19425335	-99.98266769
13.20157942	-100.31467914
13.20890549	-102.38113045
13.21623156	-109.66441139
13.22355763	-100.81470267
13.23088370	-104.61952966
13.23820977	-106.25125192
13.24553585	-114.72609414
13.25286192	-99.53854239
13.26018799	-103.82124464
13.26751406	-97.70786054
13.27484013	-102.56152663
13.28216620	-103.99896470
13.28949227	-108.80795645
13.29681834	-105.36054966
13.30414441	-103.05869318
13.31147048	-104.08145781
13.31879655	-104.63467430
13.32612262	-110.10053657
13.33344869	-114.07073962
13.34077476	-112.03898276
13.34810084	-102.22305622
13.35542691	-103.58834617
13.36275298	-103.54377551
13.37007905	-99.81505373
13.37740512	-107.73053884
13.38473119	-100.80271776
13.39205726	-104.74246911
13.39938333	-97.14933928
13.40670940	-113.20831635
13.41403547	-109.02793540
13.42136154	-108.79526947
13.42868761	-101.29176325
13.43601368	-95.10318058
13.44333975	-99.43487148
13.45066583	-104.25562544
13.45799190	-104.99053284
13.46531797	-121.70185381
13.47264404	-104.38814759
13.47997011	-116.94865462
13.48729618	-103.53656534
13.49462225	-107.71486397
13.50194832	-106.11826532
13.50927439	-101.25379094
13.51660046	-98.23444372
13.52392653	-108.90598354
13.53125260	-101.13771232
13.53857867	-104.31071143
13.54590474	-108.54188575
13.55323082	-111.69569733
13.56055689	-100.16013585
13.56788296	-97.69562670
13.57520903	-111.58452702
13.58253510	-112.82997988
13.58986117	-103.58685542
13.59718724	-102.44095386
13.60451331	-98.47595881
13.61183938	-101.46459031
13.61916545	-103.47148120
13.62649152	-103.18118039
13.63381759	-104.85442968
13.64114366	-120.21839934
13.64846973	-109.97070459
13.65579581	-123.12935605
13.66312188	-108.03340822
13.67044795	-108.33917169
13.67777402	-101.04281452
13.68510009	-100.36412834
13.69242616	-99.81985263
13.69975223	-100.36652121
13.70707830	-96.06408169
13.71440437	-105.83053166
13.72173044	-108.02992979
13.72905651	-102.01016184
13.73638258	-97.44985677
13.74370865	-97.36569871
13.75103472	-116.88193571
13.75836080	-109.65817910
13.76568687	-102.84192411
13.77301294	-104.92500971
13.78033901	-111.13084273
13.78766508	-103.06139295
13.79499115	-100.54287641
13.80231722	-102.52858211
13.80964329	-108.76017638
13.81696936	-99.38022306
13.82429543	-107.02827860
13.83162150	-101.46792593
13.83894757	-102.78067513
13.84627364	-100.88328927
13.85359971	-102.18401984
13.86092579	-109.22757225
13.86825186	-106.54936146
13.87557793	-101.18978307
13.88290400	-108.45097568
13.89023007	-100.71724798
13.89755614	-101.90948228
13.90488221	-100.56820559
13.91220828	-106.25882783
13.91953435	-104.63580219
13.92686042	-104.90352919
13.93418649	-110.99648507
13.94151256	-102.81039869
13.94883863	-100.49727651
13.95616470	-108.32965897
13.96349078	-103.40846715
13.97081685	-104.51682978
13.97814292	-105.60426874
13.98546899	-104.54473137
13.99279506	-102.88582603
14.00012113	-102.93418626
14.00744720	-101.20188083
14.01477327	-101.97357617
14.02209934	-117.91586259
14.02942541	-102.93491469
14.03675148	-107.55779432
14.04407755	-103.46576775
14.05140362	-104.01404746
14.05872969	-99.53288697
14.06605577	-119.51371708
14.07338184	-104.80366657
14.08070791	-103.90959615
14.08803398	-116.28981222
14.09536005	-101.19581903
14.10268612	-110.00810504
14.11001219	-102.92942768
14.11733826	-110.36234954
14.12466433	-102.98185954
14.13199040	-113.41950483
14.13931647	-102.95144537
14.14664254	-103.45785120
14.15396861	-101.09168052
14.16129468	-100.07855593
14.16862076	-101.36083778
14.17594683	-110.38658106
14.18327290	-101.26321029
14.19059897	-105.35749858
14.19792504	-113.41748722
14.20525111	-105.50138598
14.21257718	-102.11322754
14.21990325	-100.86254635
14.22722932	-101.84241940
14.23455539	-101.09669662
14.24188146	-100.94927484
14.24920753	-99.77175710
14.25653360	-106.15529042
14.26385967	-101.46446277
14.27118575	-103.79873443
14.27851182	-108.60872348
14.28583789	-110.81242028
14.29316396	-104.11615612
14.30049003	-102.51181189
14.30781610	-108.39360932
14.31514217	-107.58382075
14.32246824	-105.12594793
14.32979431	-106.36834930
14.33712038	-113.96888372
14.34444645	-103.19965993
14.35177252	-108.23716916
14.35909859	-103.72362363
14.36642466	-104.22659143
14.37375074	-102.22337384
14.38107681	-101.41720644
14.38840288	-113.08609397
14.39572895	-106.53888352
14.40305502	-113.35877645
14.41038109	-103.45364886
14.41770716	-101.79354235
14.42503323	-98.44286560
14.43235930	-109.70219773
14.43968537	-108.08859479
14.44701144	-108.40488029
14.45433751	-103.19784903
14.46166358	-105.91165933
14.46898965	-108.19684718
14.47631573	-110.05541018
14.48364180	-100.87721869
14.49096787	-112.05794114
14.49829394	-113.79607694
14.50562001	-102.16277738
14.51294608	-109.49965776
14.52027215	-102.46608325
14.52759822	-101.37271556
14.53492429	-99.91914857
14.54225036	-107.80431272
14.54957643	-100.32876249
14.55690250	-96.17709550
14.56422857	-103.24337533
14.57155464	-105.77841145
14.57888072	-107.24721195
14.58620679	-101.79092592
14.59353286	-108.00584112
14.60085893	-109.16168676
14.60818500	-103.26498882
14.61551107	-104.13805543
14.62283714	-100.96933293
14.63016321	-119.47280122
14.63748928	-109.54041287
14.64481535	-101.56062415
14.65214142	-118.85193899
14.65946749	-108.49263862
14.66679356	-108.91984391
14.67411963	-103.77857098
14.68144571	-101.60709928
14.68877178	-97.41595508
14.69609785	-98.44663084
14.70342392	-101.35171414
14.71074999	-106.52894630
14.71807606	-105.30669678
14.72540213	-110.97783873
14.73272820	-95.84392933
14.74005427	-101.94886230
14.74738034	-97.24150343
14.75470641	-118.31102531
14.76203248	-95.98963675
14.76935855	-106.27583705
14.77668462	-103.24571506
14.78401069	-104.17539378
14.79133677	-100.62481177
14.79866284	-104.37027527
14.80598891	-107.12370436
14.81331498	-106.48986058
14.82064105	-97.64165749
14.82796712	-103.75138433
14.83529319	-101.02991825
14.84261926	-100.07505778
14.84994533	-98.97960709
14.85727140	-98.09012399
14.86459747	-104.40613119
14.87192354	-109.30402524
14.87924961	-106.66082708
14.88657568	-99.69188548
14.89390176	-112.02913877
14.90122783	-97.24838091
14.90855390	-107.18616797
14.91587997	-102.42745333
14.92320604	-105.27539564
14.93053211	-107.33284273
14.93785818	-104.30257672
14.94518425	-98.87651368
14.95251032	-108.44962515
14.95983639	-101.97456064
14.96716246	-109.43386278
14.97448853	-102.56170806
14.98181460	-110.01275183
14.98914067	-100.20744695
14.99646675	-101.52774816
