# Menlo Systems GmbH ScanControl
# Program Version 1.7.0+git.a90605a3
# Start: -620.50000000 ps, Average over 5000 waveforms. Timestamp: 2023-05-25T15:13:42
# Window type: Tukey, parameters: alpha = 0.1
# User time axis shift: 0 ps
# Time axis offset: 0 ps
# Time [ps]	THz Signal [a.u.]
-620.48260975	0.00000000
-620.44927671	0.00000003
-620.41594366	0.00000011
-620.38261062	0.00000027
-620.34927757	0.00000042
-620.31594453	0.00000067
-620.28261148	0.00000085
-620.24927844	0.00000103
-620.21594539	0.00000106
-620.18261235	0.00000130
-620.14927930	0.00000138
-620.11594626	0.00000044
-620.08261321	0.00000065
-620.04928017	0.00000030
-620.01594712	-0.00000019
-619.98261408	-0.00000241
-619.94928103	-0.00000273
-619.91594799	-0.00000422
-619.88261494	-0.00000523
-619.84928190	-0.00000720
-619.81594885	-0.00000833
-619.78261581	-0.00001014
-619.74928276	-0.00001181
-619.71594972	-0.00001257
-619.68261668	-0.00001355
-619.64928363	-0.00001265
-619.61595059	-0.00001062
-619.58261754	-0.00001283
-619.54928450	-0.00000942
-619.51595145	-0.00000816
-619.48261841	-0.00000239
-619.44928536	-0.00000230
-619.41595232	0.00000266
-619.38261927	0.00000657
-619.34928623	0.00000992
-619.31595318	0.00001744
-619.28262014	0.00002459
-619.24928709	0.00003461
-619.21595405	0.00004061
-619.18262100	0.00005479
-619.14928796	0.00006205
-619.11595491	0.00006971
-619.08262187	0.00008057
-619.04928882	0.00008717
-619.01595578	0.00010070
-618.98262273	0.00011063
-618.94928969	0.00011991
-618.91595664	0.00013078
-618.88262360	0.00015175
-618.84929055	0.00015869
-618.81595751	0.00016893
-618.78262446	0.00017067
-618.74929142	0.00017695
-618.71595837	0.00018581
-618.68262533	0.00019085
-618.64929228	0.00020438
-618.61595924	0.00019878
-618.58262619	0.00021046
-618.54929315	0.00021705
-618.51596010	0.00019092
-618.48262706	0.00020620
-618.44929401	0.00019394
-618.41596097	0.00018654
-618.38262792	0.00017591
-618.34929488	0.00014853
-618.31596183	0.00013840
-618.28262879	0.00012268
-618.24929574	0.00009970
-618.21596270	0.00007124
-618.18262965	0.00002925
-618.14929661	0.00001164
-618.11596356	-0.00001006
-618.08263052	-0.00003244
-618.04929747	-0.00006738
-618.01596443	-0.00011390
-617.98263138	-0.00010555
-617.94929834	-0.00014271
-617.91596529	-0.00019637
-617.88263225	-0.00020363
-617.84929920	-0.00024665
-617.81596616	-0.00024590
-617.78263311	-0.00026324
-617.74930007	-0.00029408
-617.71596702	-0.00031254
-617.68263398	-0.00032084
-617.64930093	-0.00031419
-617.61596789	-0.00036012
-617.58263484	-0.00034697
-617.54930180	-0.00035683
-617.51596875	-0.00037435
-617.48263571	-0.00037432
-617.44930266	-0.00035332
-617.41596962	-0.00035942
-617.38263657	-0.00034013
-617.34930353	-0.00031568
-617.31597048	-0.00028619
-617.28263744	-0.00027204
-617.24930439	-0.00027411
-617.21597135	-0.00022582
-617.18263831	-0.00020718
-617.14930526	-0.00018190
-617.11597222	-0.00014331
-617.08263917	-0.00009879
-617.04930613	-0.00007152
-617.01597308	-0.00003058
-616.98264004	-0.00002257
-616.94930699	0.00004735
-616.91597395	0.00003707
-616.88264090	0.00004779
-616.84930786	0.00007302
-616.81597481	0.00004534
-616.78264177	0.00008087
-616.74930872	0.00011016
-616.71597568	0.00010132
-616.68264263	0.00007688
-616.64930959	0.00008797
-616.61597654	0.00012898
-616.58264350	0.00008344
-616.54931045	0.00007215
-616.51597741	0.00012387
-616.48264436	0.00012943
-616.44931132	0.00015156
-616.41597827	0.00011274
-616.38264523	0.00010830
-616.34931218	0.00009927
-616.31597914	0.00008434
-616.28264609	0.00005169
-616.24931305	0.00008104
-616.21598000	0.00004878
-616.18264696	0.00004847
-616.14931391	0.00001363
-616.11598087	0.00001670
-616.08264782	-0.00001004
-616.04931478	-0.00005541
-616.01598173	-0.00008785
-615.98264869	-0.00008703
-615.94931564	-0.00008942
-615.91598260	-0.00012448
-615.88264955	-0.00017490
-615.84931651	-0.00011411
-615.81598346	-0.00015857
-615.78265042	-0.00017531
-615.74931737	-0.00019562
-615.71598433	-0.00018430
-615.68265128	-0.00017866
-615.64931824	-0.00018091
-615.61598519	-0.00020805
-615.58265215	-0.00023008
-615.54931910	-0.00020906
-615.51598606	-0.00025139
-615.48265301	-0.00028937
-615.44931997	-0.00030056
-615.41598692	-0.00029406
-615.38265388	-0.00028397
-615.34932083	-0.00032111
-615.31598779	-0.00030725
-615.28265474	-0.00028569
-615.24932170	-0.00030749
-615.21598865	-0.00028138
-615.18265561	-0.00033146
-615.14932256	-0.00031970
-615.11598952	-0.00027926
-615.08265647	-0.00029194
-615.04932343	-0.00028089
-615.01599038	-0.00020468
-614.98265734	-0.00019526
-614.94932429	-0.00014443
-614.91599125	-0.00011468
-614.88265820	-0.00006480
-614.84932516	-0.00000381
-614.81599211	0.00004265
-614.78265907	0.00007265
-614.74932602	0.00012345
-614.71599298	0.00018495
-614.68265994	0.00026107
-614.64932689	0.00040358
-614.61599385	0.00050121
-614.58266080	0.00063473
-614.54932776	0.00076300
-614.51599471	0.00089729
-614.48266167	0.00101836
-614.44932862	0.00116458
-614.41599558	0.00135915
-614.38266253	0.00155484
-614.34932949	0.00180071
-614.31599644	0.00200330
-614.28266340	0.00227900
-614.24933035	0.00256035
-614.21599731	0.00286810
-614.18266426	0.00317039
-614.14933122	0.00345312
-614.11599817	0.00379078
-614.08266513	0.00414006
-614.04933208	0.00442247
-614.01599904	0.00466412
-613.98266599	0.00484828
-613.94933295	0.00488874
-613.91599990	0.00477724
-613.88266686	0.00445055
-613.84933381	0.00384280
-613.81600077	0.00285487
-613.78266772	0.00143297
-613.74933468	-0.00055800
-613.71600163	-0.00311688
-613.68266859	-0.00628281
-613.64933554	-0.01002664
-613.61600250	-0.01429976
-613.58266945	-0.01875974
-613.54933641	-0.02330956
-613.51600336	-0.02761113
-613.48267032	-0.03113583
-613.44933727	-0.03359022
-613.41600423	-0.03467942
-613.38267118	-0.03421158
-613.34933814	-0.03199038
-613.31600509	-0.02824812
-613.28267205	-0.02314752
-613.24933900	-0.01706296
-613.21600596	-0.01031328
-613.18267291	-0.00321815
-613.14933987	0.00386942
-613.11600682	0.01077474
-613.08267378	0.01710380
-613.04934073	0.02247733
-613.01600769	0.02661121
-612.98267464	0.02905069
-612.94934160	0.02952835
-612.91600855	0.02823472
-612.88267551	0.02524170
-612.84934246	0.02112741
-612.81600942	0.01631233
-612.78267637	0.01113794
-612.74934333	0.00604241
-612.71601028	0.00127177
-612.68267724	-0.00291770
-612.64934419	-0.00617211
-612.61601115	-0.00817677
-612.58267810	-0.00884329
-612.54934506	-0.00824387
-612.51601201	-0.00658303
-612.48267897	-0.00443252
-612.44934592	-0.00219897
-612.41601288	-0.00023915
-612.38267983	0.00133189
-612.34934679	0.00241290
-612.31601374	0.00311083
-612.28268070	0.00343127
-612.24934765	0.00322549
-612.21601461	0.00273065
-612.18268157	0.00178510
-612.14934852	0.00065269
-612.11601548	-0.00055370
-612.08268243	-0.00171381
-612.04934939	-0.00262037
-612.01601634	-0.00335197
-611.98268330	-0.00376313
-611.94935025	-0.00391607
-611.91601721	-0.00389230
-611.88268416	-0.00368736
-611.84935112	-0.00336653
-611.81601807	-0.00291622
-611.78268503	-0.00242294
-611.74935198	-0.00185385
-611.71601894	-0.00131597
-611.68268589	-0.00077882
-611.64935285	-0.00042103
-611.61601980	-0.00004815
-611.58268676	0.00008838
-611.54935371	0.00010789
-611.51602067	0.00000466
-611.48268762	-0.00022900
-611.44935458	-0.00056214
-611.41602153	-0.00095932
-611.38268849	-0.00138610
-611.34935544	-0.00172264
-611.31602240	-0.00200578
-611.28268935	-0.00221045
-611.24935631	-0.00233435
-611.21602326	-0.00235070
-611.18269022	-0.00226355
-611.14935717	-0.00204164
-611.11602413	-0.00176630
-611.08269108	-0.00145722
-611.04935804	-0.00110158
-611.01602499	-0.00075468
-610.98269195	-0.00041072
-610.94935890	-0.00015829
-610.91602586	-0.00002610
-610.88269281	0.00001590
-610.84935977	-0.00011468
-610.81602672	-0.00033500
-610.78269368	-0.00065936
-610.74936063	-0.00102194
-610.71602759	-0.00146722
-610.68269454	-0.00193834
-610.64936150	-0.00243382
-610.61602845	-0.00299217
-610.58269541	-0.00355872
-610.54936236	-0.00402309
-610.51602932	-0.00447395
-610.48269627	-0.00478777
-610.44936323	-0.00494583
-610.41603018	-0.00498984
-610.38269714	-0.00489514
-610.34936409	-0.00465018
-610.31603105	-0.00421355
-610.28269800	-0.00360180
-610.24936496	-0.00286197
-610.21603191	-0.00206769
-610.18269887	-0.00130624
-610.14936582	-0.00066093
-610.11603278	-0.00018945
-610.08269973	0.00004883
-610.04936669	0.00015108
-610.01603364	0.00012319
-609.98270060	0.00004349
-609.94936755	-0.00005030
-609.91603451	-0.00018934
-609.88270146	-0.00036690
-609.84936842	-0.00050275
-609.81603537	-0.00062161
-609.78270233	-0.00068466
-609.74936928	-0.00073387
-609.71603624	-0.00079986
-609.68270320	-0.00085477
-609.64937015	-0.00092750
-609.61603711	-0.00097321
-609.58270406	-0.00094618
-609.54937102	-0.00100847
-609.51603797	-0.00095326
-609.48270493	-0.00085139
-609.44937188	-0.00072944
-609.41603884	-0.00060908
-609.38270579	-0.00047652
-609.34937275	-0.00051371
-609.31603970	-0.00064110
-609.28270666	-0.00105983
-609.24937361	-0.00180664
-609.21604057	-0.00281382
-609.18270752	-0.00408682
-609.14937448	-0.00556348
-609.11604143	-0.00709060
-609.08270839	-0.00862881
-609.04937534	-0.00997962
-609.01604230	-0.01101847
-608.98270925	-0.01166078
-608.94937621	-0.01180276
-608.91604316	-0.01140305
-608.88271012	-0.01046064
-608.84937707	-0.00919526
-608.81604403	-0.00769317
-608.78271098	-0.00610403
-608.74937794	-0.00455831
-608.71604489	-0.00315427
-608.68271185	-0.00188795
-608.64937880	-0.00073930
-608.61604576	0.00015219
-608.58271271	0.00073998
-608.54937967	0.00107925
-608.51604662	0.00118460
-608.48271358	0.00091524
-608.44938053	0.00055627
-608.41604749	0.00009393
-608.38271444	-0.00039380
-608.34938140	-0.00093268
-608.31604835	-0.00139618
-608.28271531	-0.00178483
-608.24938226	-0.00213500
-608.21604922	-0.00237726
-608.18271617	-0.00247813
-608.14938313	-0.00255945
-608.11605008	-0.00261021
-608.08271704	-0.00269124
-608.04938399	-0.00278755
-608.01605095	-0.00294938
-607.98271790	-0.00317357
-607.94938486	-0.00340291
-607.91605181	-0.00357387
-607.88271877	-0.00379356
-607.84938572	-0.00402585
-607.81605268	-0.00430213
-607.78271963	-0.00455557
-607.74938659	-0.00480517
-607.71605354	-0.00494192
-607.68272050	-0.00501871
-607.64938745	-0.00498154
-607.61605441	-0.00490243
-607.58272136	-0.00475631
-607.54938832	-0.00460006
-607.51605527	-0.00441698
-607.48272223	-0.00412145
-607.44938918	-0.00381106
-607.41605614	-0.00347817
-607.38272309	-0.00315566
-607.34939005	-0.00292735
-607.31605700	-0.00284312
-607.28272396	-0.00280864
-607.24939091	-0.00288177
-607.21605787	-0.00294486
-607.18272482	-0.00293869
-607.14939178	-0.00287691
-607.11605874	-0.00285564
-607.08272569	-0.00282384
-607.04939265	-0.00284932
-607.01605960	-0.00293277
-606.98272656	-0.00290463
-606.94939351	-0.00284273
-606.91606047	-0.00268004
-606.88272742	-0.00252379
-606.84939438	-0.00236458
-606.81606133	-0.00224605
-606.78272829	-0.00219278
-606.74939524	-0.00218185
-606.71606220	-0.00226981
-606.68272915	-0.00233776
-606.64939611	-0.00233242
-606.61606306	-0.00236357
-606.58273002	-0.00245976
-606.54939697	-0.00257864
-606.51606393	-0.00270769
-606.48273088	-0.00277694
-606.44939784	-0.00282706
-606.41606479	-0.00280343
-606.38273175	-0.00267318
-606.34939870	-0.00248487
-606.31606566	-0.00234730
-606.28273261	-0.00223897
-606.24939957	-0.00219398
-606.21606652	-0.00225627
-606.18273348	-0.00238080
-606.14940043	-0.00254923
-606.11606739	-0.00270380
-606.08273434	-0.00288438
-606.04940130	-0.00310273
-606.01606825	-0.00327229
-605.98273521	-0.00349928
-605.94940216	-0.00370323
-605.91606912	-0.00385528
-605.88273607	-0.00391941
-605.84940303	-0.00396113
-605.81606998	-0.00396449
-605.78273694	-0.00383695
-605.74940389	-0.00381788
-605.71607085	-0.00378113
-605.68273780	-0.00366451
-605.64940476	-0.00356120
-605.61607171	-0.00336676
-605.58273867	-0.00319727
-605.54940562	-0.00302386
-605.51607258	-0.00285742
-605.48273953	-0.00280066
-605.44940649	-0.00287321
-605.41607344	-0.00301944
-605.38274040	-0.00322778
-605.34940735	-0.00350041
-605.31607431	-0.00378039
-605.28274126	-0.00404488
-605.24940822	-0.00425118
-605.21607517	-0.00458241
-605.18274213	-0.00490975
-605.14940908	-0.00518412
-605.11607604	-0.00543565
-605.08274299	-0.00563741
-605.04940995	-0.00564443
-605.01607690	-0.00558182
-604.98274386	-0.00544301
-604.94941081	-0.00518271
-604.91607777	-0.00479363
-604.88274472	-0.00431451
-604.84941168	-0.00378822
-604.81607863	-0.00317273
-604.78274559	-0.00260899
-604.74941254	-0.00212585
-604.71607950	-0.00188971
-604.68274645	-0.00202993
-604.64941341	-0.00257985
-604.61608037	-0.00374155
-604.58274732	-0.00554665
-604.54941428	-0.00811528
-604.51608123	-0.01148913
-604.48274819	-0.01555616
-604.44941514	-0.02010425
-604.41608210	-0.02469680
-604.38274905	-0.02892801
-604.34941601	-0.03203069
-604.31608296	-0.03346641
-604.28274992	-0.03280890
-604.24941687	-0.02965674
-604.21608383	-0.02421125
-604.18275078	-0.01677186
-604.14941774	-0.00809784
-604.11608469	0.00097341
-604.08275165	0.00952900
-604.04941860	0.01672144
-604.01608556	0.02203188
-603.98275251	0.02515021
-603.94941947	0.02607347
-603.91608642	0.02505222
-603.88275338	0.02242895
-603.84942033	0.01875126
-603.81608729	0.01443408
-603.78275424	0.01002212
-603.74942120	0.00585401
-603.71608815	0.00230000
-603.68275511	-0.00027920
-603.64942206	-0.00198339
-603.61608902	-0.00273859
-603.58275597	-0.00292596
-603.54942293	-0.00259228
-603.51608988	-0.00193065
-603.48275684	-0.00103544
-603.44942379	0.00005572
-603.41609075	0.00139346
-603.38275770	0.00293962
-603.34942466	0.00447508
-603.31609161	0.00587624
-603.28275857	0.00706404
-603.24942552	0.00802421
-603.21609248	0.00874048
-603.18275943	0.00935723
-603.14942639	0.00984810
-603.11609334	0.01028175
-603.08276030	0.01066892
-603.04942725	0.01108295
-603.01609421	0.01147076
-602.98276116	0.01190070
-602.94942812	0.01250355
-602.91609507	0.01330320
-602.88276203	0.01436568
-602.84942898	0.01569420
-602.81609594	0.01731632
-602.78276289	0.01934004
-602.74942985	0.02162747
-602.71609680	0.02416081
-602.68276376	0.02695842
-602.64943071	0.02981053
-602.61609767	0.03274874
-602.58276462	0.03577547
-602.54943158	0.03881298
-602.51609853	0.04178940
-602.48276549	0.04484605
-602.44943244	0.04793756
-602.41609940	0.05111186
-602.38276635	0.05443593
-602.34943331	0.05805502
-602.31610026	0.06195703
-602.28276722	0.06632594
-602.24943417	0.07126774
-602.21610113	0.07682648
-602.18276808	0.08304493
-602.14943504	0.08995772
-602.11610200	0.09758250
-602.08276895	0.10594362
-602.04943591	0.11505470
-602.01610286	0.12488340
-601.98276982	0.13548725
-601.94943677	0.14691041
-601.91610373	0.15933023
-601.88277068	0.17284148
-601.84943764	0.18768857
-601.81610459	0.20378738
-601.78277155	0.22118024
-601.74943850	0.23989881
-601.71610546	0.25989359
-601.68277241	0.28113042
-601.64943937	0.30344601
-601.61610632	0.32661288
-601.58277328	0.35022431
-601.54944023	0.37364555
-601.51610719	0.39584503
-601.48277414	0.41503981
-601.44944110	0.42847192
-601.41610805	0.43202949
-601.38277501	0.41980672
-601.34944196	0.38358438
-601.31610892	0.31238102
-601.28277587	0.19256100
-601.24944283	0.00857405
-601.21610978	-0.25560484
-601.18277674	-0.61414658
-601.14944369	-1.07594975
-601.11611065	-1.64067410
-601.08277760	-2.29579423
-601.04944456	-3.01549436
-601.01611151	-3.75893174
-600.98277847	-4.46717490
-600.94944542	-5.06180306
-600.91611238	-5.45114818
-600.88277933	-5.54877665
-600.84944629	-5.29842531
-600.81611324	-4.69460398
-600.78278020	-3.78634926
-600.74944715	-2.66773391
-600.71611411	-1.45663269
-600.68278106	-0.26884622
-600.64944802	0.80399125
-600.61611497	1.70439008
-600.58278193	2.40453240
-600.54944888	2.89461535
-600.51611584	3.17478103
-600.48278279	3.25449890
-600.44944975	3.15512605
-600.41611670	2.91075823
-600.38278366	2.56577274
-600.34945061	2.16923868
-600.31611757	1.76677891
-600.28278452	1.39204990
-600.24945148	1.06232757
-600.21611843	0.78049411
-600.18278539	0.54122727
-600.14945234	0.33831083
-600.11611930	0.17000198
-600.08278625	0.03997504
-600.04945321	-0.04658367
-600.01612016	-0.08922102
-599.98278712	-0.09512075
-599.94945407	-0.07766102
-599.91612103	-0.05125857
-599.88278798	-0.02651537
-599.84945494	-0.00846074
-599.81612189	0.00229689
-599.78278885	0.00612721
-599.74945580	0.00248485
-599.71612276	-0.01016545
-599.68278971	-0.03304153
-599.64945667	-0.06542857
-599.61612363	-0.10473023
-599.58279058	-0.14716169
-599.54945754	-0.18783781
-599.51612449	-0.22161775
-599.48279145	-0.24283167
-599.44945840	-0.24643416
-599.41612536	-0.22939796
-599.38279231	-0.19183605
-599.34945927	-0.13696707
-599.31612622	-0.06999988
-599.28279318	0.00282530
-599.24946013	0.07480578
-599.21612709	0.13951517
-599.18279404	0.19110343
-599.14946100	0.22561419
-599.11612795	0.24130200
-599.08279491	0.23846671
-599.04946186	0.21834624
-599.01612882	0.18248582
-598.98279577	0.13340548
-598.94946273	0.07552175
-598.91612968	0.01558102
-598.88279664	-0.03848334
-598.84946359	-0.08014270
-598.81613055	-0.10548554
-598.78279750	-0.11365612
-598.74946446	-0.10580025
-598.71613141	-0.08423756
-598.68279837	-0.05279536
-598.64946532	-0.01671158
-598.61613228	0.01825462
-598.58279923	0.04748142
-598.54946619	0.06886606
-598.51613314	0.08244300
-598.48280010	0.08916035
-598.44946705	0.08998848
-598.41613401	0.08537247
-598.38280096	0.07628014
-598.34946792	0.06387890
-598.31613487	0.04952176
-598.28280183	0.03438360
-598.24946878	0.01951619
-598.21613574	0.00605099
-598.18280269	-0.00489907
-598.14946965	-0.01315680
-598.11613660	-0.01949698
-598.08280356	-0.02486982
-598.04947051	-0.02927064
-598.01613747	-0.03144391
-597.98280442	-0.03038945
-597.94947138	-0.02704097
-597.91613833	-0.02468694
-597.88280529	-0.02765038
-597.84947224	-0.03857734
-597.81613920	-0.05734498
-597.78280615	-0.08115349
-597.74947311	-0.10576994
-597.71614006	-0.12714231
-597.68280702	-0.14227370
-597.64947397	-0.14912878
-597.61614093	-0.14707949
-597.58280788	-0.13616381
-597.54947484	-0.11670741
-597.51614179	-0.08924251
-597.48280875	-0.05490585
-597.44947570	-0.01562489
-597.41614266	0.02528045
-597.38280961	0.06417695
-597.34947657	0.09717494
-597.31614352	0.12095092
-597.28281048	0.13277642
-597.24947743	0.13069928
-597.21614439	0.11420855
-597.18281134	0.08414799
-597.14947830	0.04324347
-597.11614525	-0.00418772
-597.08281221	-0.05293294
-597.04947917	-0.09741951
-597.01614612	-0.13291342
-596.98281308	-0.15579613
-596.94948003	-0.16404147
-596.91614699	-0.15659091
-596.88281394	-0.13378427
-596.84948090	-0.09778455
-596.81614785	-0.05333474
-596.78281481	-0.00724256
-596.74948176	0.03313135
-596.71614872	0.06218724
-596.68281567	0.07716834
-596.64948263	0.07826553
-596.61614958	0.06745587
-596.58281654	0.04763701
-596.54948349	0.02192799
-596.51615045	-0.00656991
-596.48281740	-0.03472967
-596.44948436	-0.05939228
-596.41615131	-0.07775973
-596.38281827	-0.08775896
-596.34948522	-0.08903048
-596.31615218	-0.08295456
-596.28281913	-0.07211445
-596.24948609	-0.05944431
-596.21615304	-0.04690792
-596.18282000	-0.03525601
-596.14948695	-0.02476213
-596.11615391	-0.01552493
-596.08282086	-0.00768305
-596.04948782	-0.00147219
-596.01615477	0.00342698
-595.98282173	0.00722898
-595.94948868	0.00981695
-595.91615564	0.01031418
-595.88282259	0.00744989
-595.84948955	0.00052573
-595.81615650	-0.00971874
-595.78282346	-0.02064923
-595.74949041	-0.02833899
-595.71615737	-0.02916588
-595.68282432	-0.02131704
-595.64949128	-0.00552950
-595.61615823	0.01470480
-595.58282519	0.03449242
-595.54949214	0.04916885
-595.51615910	0.05565082
-595.48282605	0.05331207
-595.44949301	0.04351630
-595.41615996	0.02839433
-595.38282692	0.01012278
-595.34949387	-0.00922952
-595.31616083	-0.02752349
-595.28282778	-0.04256391
-595.24949474	-0.05219088
-595.21616169	-0.05488865
-595.18282865	-0.05067940
-595.14949560	-0.04061645
-595.11616256	-0.02689372
-595.08282951	-0.01230693
-595.04949647	0.00084958
-595.01616342	0.01139976
-594.98283038	0.01941329
-594.94949733	0.02572863
-594.91616429	0.03069317
-594.88283124	0.03354325
-594.84949820	0.03251404
-594.81616515	0.02613488
-594.78283211	0.01418609
-594.74949906	-0.00123034
-594.71616602	-0.01605352
-594.68283297	-0.02580526
-594.64949993	-0.02737782
-594.61616688	-0.02053650
-594.58283384	-0.00794272
-594.54950080	0.00629570
-594.51616775	0.01878773
-594.48283471	0.02786149
-594.44950166	0.03341044
-594.41616862	0.03584023
-594.38283557	0.03500044
-594.34950253	0.03014151
-594.31616948	0.02054717
-594.28283644	0.00650331
-594.24950339	-0.01020045
-594.21617035	-0.02637629
-594.18283730	-0.03812032
-594.14950426	-0.04269265
-594.11617121	-0.03952764
-594.08283817	-0.03043814
-594.04950512	-0.01897090
-594.01617208	-0.00857679
-593.98283903	-0.00102067
-593.94950599	0.00415469
-593.91617294	0.00897027
-593.88283990	0.01582872
-593.84950685	0.02588842
-593.81617381	0.03870477
-593.78284076	0.05214601
-593.74950772	0.06335268
-593.71617467	0.06982215
-593.68284163	0.07009980
-593.64950858	0.06388447
-593.61617554	0.05161692
-593.58284249	0.03455839
-593.54950945	0.01448445
-593.51617640	-0.00612639
-593.48284336	-0.02455972
-593.44951031	-0.03831181
-593.41617727	-0.04556300
-593.38284422	-0.04539169
-593.34951118	-0.03773633
-593.31617813	-0.02393558
-593.28284509	-0.00650582
-593.24951204	0.01116458
-593.21617900	0.02617970
-593.18284595	0.03720956
-593.14951291	0.04477421
-593.11617986	0.05065490
-593.08284682	0.05659273
-593.04951377	0.06315738
-593.01618073	0.06954665
-592.98284768	0.07391515
-592.94951464	0.07405467
-592.91618159	0.06837573
-592.88284855	0.05677524
-592.84951550	0.04058462
-592.81618246	0.02205899
-592.78284941	0.00305931
-592.74951637	-0.01581730
-592.71618332	-0.03567588
-592.68285028	-0.05822369
-592.64951723	-0.08520828
-592.61618419	-0.11725315
-592.58285114	-0.15375923
-592.54951810	-0.19300087
-592.51618505	-0.23198855
-592.48285201	-0.26638024
-592.44951896	-0.29043749
-592.41618592	-0.29799235
-592.38285287	-0.28426196
-592.34951983	-0.24765139
-592.31618678	-0.19096949
-592.28285374	-0.12060882
-592.24952069	-0.04455434
-592.21618765	0.02971700
-592.18285460	0.09636649
-592.14952156	0.15118472
-592.11618851	0.19141239
-592.08285547	0.21558876
-592.04952243	0.22357232
-592.01618938	0.21632427
-591.98285634	0.19604696
-591.94952329	0.16590902
-591.91619025	0.12970694
-591.88285720	0.09171124
-591.84952416	0.05615050
-591.81619111	0.02642565
-591.78285807	0.00447839
-591.74952502	-0.00924815
-591.71619198	-0.01579451
-591.68285893	-0.01708894
-591.64952589	-0.01479693
-591.61619284	-0.01032942
-591.58285980	-0.00466942
-591.54952675	0.00117691
-591.51619371	0.00628450
-591.48286066	0.00930028
-591.44952762	0.00891726
-591.41619457	0.00471691
-591.38286153	-0.00278676
-591.34952848	-0.01174877
-591.31619544	-0.02007857
-591.28286239	-0.02618723
-591.24952935	-0.02948427
-591.21619630	-0.03001513
-591.18286326	-0.02860585
-591.14953021	-0.02607224
-591.11619717	-0.02350713
-591.08286412	-0.02140104
-591.04953108	-0.01968566
-591.01619803	-0.01777921
-590.98286499	-0.01456457
-590.94953194	-0.00893912
-590.91619890	0.00000685
-590.88286585	0.01242569
-590.84953281	0.02724105
-590.81619976	0.04219920
-590.78286672	0.05444351
-590.74953367	0.06143773
-590.71620063	0.06170141
-590.68286758	0.05499068
-590.64953454	0.04252117
-590.61620149	0.02629893
-590.58286845	0.00881528
-590.54953540	-0.00736803
-590.51620236	-0.02004437
-590.48286931	-0.02751624
-590.44953627	-0.02866261
-590.41620322	-0.02328952
-590.38287018	-0.01192303
-590.34953713	0.00381658
-590.31620409	0.02157551
-590.28287104	0.03911733
-590.24953800	0.05465043
-590.21620495	0.06744625
-590.18287191	0.07743397
-590.14953886	0.08489699
-590.11620582	0.09012607
-590.08287277	0.09331125
-590.04953973	0.09463289
-590.01620668	0.09438531
-589.98287364	0.09280552
-589.94954059	0.09046783
-589.91620755	0.08778559
-589.88287450	0.08531461
-589.84954146	0.08340568
-589.81620841	0.08243250
-589.78287537	0.08264926
-589.74954232	0.08423883
-589.71620928	0.08745851
-589.68287623	0.09273586
-589.64954319	0.10060151
-589.61621014	0.11145348
-589.58287710	0.12503885
-589.54954406	0.13995247
-589.51621101	0.15367526
-589.48287797	0.16336349
-589.44954492	0.16665234
-589.41621188	0.16201619
-589.38287883	0.14821410
-589.34954579	0.12358698
-589.31621274	0.08555928
-589.28287970	0.03052753
-589.24954665	-0.04505250
-589.21621361	-0.14416522
-589.18288056	-0.26867872
-589.14954752	-0.41827821
-589.11621447	-0.58979151
-589.08288143	-0.77576682
-589.04954838	-0.96408182
-589.01621534	-1.13721547
-588.98288229	-1.27386837
-588.94954925	-1.35199102
-588.91621620	-1.35326382
-588.88288316	-1.26769885
-588.84955011	-1.09704221
-588.81621707	-0.85554851
-588.78288402	-0.56703940
-588.74955098	-0.25989761
-588.71621793	0.03829264
-588.68288489	0.30533854
-588.64955184	0.52599090
-588.61621880	0.69200151
-588.58288575	0.80061290
-588.54955271	0.85360994
-588.51621966	0.85637345
-588.48288662	0.81744422
-588.44955357	0.74803873
-588.41622053	0.66092750
-588.38288748	0.56829074
-588.34955444	0.47963278
-588.31622139	0.40021615
-588.28288835	0.33097262
-588.24955530	0.26987191
-588.21622226	0.21443960
-588.18288921	0.16377410
-588.14955617	0.11920400
-588.11622312	0.08300058
-588.08289008	0.05679552
-588.04955703	0.03968005
-588.01622399	0.02822122
-587.98289094	0.01790709
-587.94955790	0.00525092
-587.91622485	-0.01071596
-587.88289181	-0.02838608
-587.84955876	-0.04457533
-587.81622572	-0.05686650
-587.78289267	-0.06432235
-587.74955963	-0.06778083
-587.71622658	-0.06883158
-587.68289354	-0.06864420
-587.64956049	-0.06798336
-587.61622745	-0.06693366
-587.58289440	-0.06560090
-587.54956136	-0.06433230
-587.51622831	-0.06312590
-587.48289527	-0.06168289
-587.44956222	-0.05912742
-587.41622918	-0.05409869
-587.38289613	-0.04511101
-587.34956309	-0.03099474
-587.31623004	-0.01126953
-587.28289700	0.01321447
-587.24956395	0.04003984
-587.21623091	0.06602298
-587.18289786	0.08784400
-587.14956482	0.10301147
-587.11623177	0.11024456
-587.08289873	0.10912566
-587.04956569	0.09976344
-587.01623264	0.08269909
-586.98289960	0.05903545
-586.94956655	0.03063583
-586.91623351	0.00007973
-586.88290046	-0.02984196
-586.84956742	-0.05612629
-586.81623437	-0.07634875
-586.78290133	-0.08864113
-586.74956828	-0.09183059
-586.71623524	-0.08585898
-586.68290219	-0.07187550
-586.64956915	-0.05169991
-586.61623610	-0.02733243
-586.58290306	-0.00011508
-586.54957001	0.02914064
-586.51623697	0.05894892
-586.48290392	0.08696334
-586.44957088	0.10960091
-586.41623783	0.12329238
-586.38290479	0.12531361
-586.34957174	0.11526953
-586.31623870	0.09525734
-586.28290565	0.06890685
-586.24957261	0.04034374
-586.21623956	0.01280480
-586.18290652	-0.01216860
-586.14957347	-0.03387126
-586.11624043	-0.05180197
-586.08290738	-0.06463042
-586.04957434	-0.07065956
-586.01624129	-0.06911872
-585.98290825	-0.06112557
-585.94957520	-0.04974069
-585.91624216	-0.03904469
-585.88290911	-0.03251096
-585.84957607	-0.03213196
-585.81624302	-0.03808580
-585.78290998	-0.04902483
-585.74957693	-0.06253964
-585.71624389	-0.07604165
-585.68291084	-0.08703281
-585.64957780	-0.09341513
-585.61624475	-0.09327086
-585.58291171	-0.08511637
-585.54957866	-0.06790943
-585.51624562	-0.04162246
-585.48291257	-0.00748565
-585.44957953	0.03183048
-585.41624648	0.07216186
-585.38291344	0.10872518
-585.34958039	0.13637165
-585.31624735	0.15079960
-585.28291430	0.14920503
-585.24958126	0.13134762
-585.21624821	0.09953233
-585.18291517	0.05788671
-585.14958212	0.01147047
-585.11624908	-0.03502178
-585.08291603	-0.07787036
-585.04958299	-0.11449089
-585.01624994	-0.14280313
-584.98291690	-0.16077634
-584.94958385	-0.16615943
-584.91625081	-0.15705609
-584.88291776	-0.13268265
-584.84958472	-0.09424983
-584.81625167	-0.04529631
-584.78291863	0.00889340
-584.74958558	0.06219186
-584.71625254	0.10879720
-584.68291949	0.14376137
-584.64958645	0.16367215
-584.61625340	0.16696838
-584.58292036	0.15366161
-584.54958731	0.12542192
-584.51625427	0.08534275
-584.48292123	0.03797922
-584.44958818	-0.01126286
-584.41625514	-0.05650699
-584.38292209	-0.09254052
-584.34958905	-0.11596239
-584.31625600	-0.12590107
-584.28292296	-0.12399131
-584.24958991	-0.11351524
-584.21625687	-0.09807760
-584.18292382	-0.08081299
-584.14959078	-0.06373624
-584.11625773	-0.04781322
-584.08292469	-0.03338483
-584.04959164	-0.02048511
-584.01625860	-0.00919948
-583.98292555	0.00006575
-583.94959251	0.00704367
-583.91625946	0.01173614
-583.88292642	0.01458401
-583.84959337	0.01644639
-583.81626033	0.01847425
-583.78292728	0.02166006
-583.74959424	0.02647608
-583.71626119	0.03292433
-583.68292815	0.04041337
-583.64959510	0.04763152
-583.61626206	0.05325477
-583.58292901	0.05596573
-583.54959597	0.05494951
-583.51626292	0.04994245
-583.48292988	0.04132693
-583.44959683	0.02957422
-583.41626379	0.01521103
-583.38293074	-0.00102838
-583.34959770	-0.01846564
-583.31626465	-0.03621925
-583.28293161	-0.05309075
-583.24959856	-0.06766450
-583.21626552	-0.07829825
-583.18293247	-0.08349147
-583.14959943	-0.08214881
-583.11626638	-0.07394574
-583.08293334	-0.05929493
-583.04960029	-0.03923404
-583.01626725	-0.01524867
-582.98293420	0.01099392
-582.94960116	0.03743056
-582.91626811	0.06171394
-582.88293507	0.08150201
-582.84960202	0.09445191
-582.81626898	0.09866346
-582.78293593	0.09351942
-582.74960289	0.08000638
-582.71626984	0.06045516
-582.68293680	0.03783924
-582.64960375	0.01493036
-582.61627071	-0.00644681
-582.58293766	-0.02514358
-582.54960462	-0.04024683
-582.51627157	-0.05056975
-582.48293853	-0.05506698
-582.44960548	-0.05320335
-582.41627244	-0.04546747
-582.38293939	-0.03371171
-582.34960635	-0.02050123
-582.31627330	-0.00850658
-582.28294026	0.00010236
-582.24960721	0.00438664
-582.21627417	0.00462813
-582.18294112	0.00221476
-582.14960808	-0.00132350
-582.11627503	-0.00453144
-582.08294199	-0.00675170
-582.04960894	-0.00766936
-582.01627590	-0.00728141
-581.98294286	-0.00522167
-581.94960981	-0.00073673
-581.91627677	0.00689347
-581.88294372	0.01801939
-581.84961068	0.03206613
-581.81627763	0.04742341
-581.78294459	0.06178383
-581.74961154	0.07248729
-581.71627850	0.07688409
-581.68294545	0.07286079
-581.64961241	0.05991269
-581.61627936	0.03923336
-581.58294632	0.01344843
-581.54961327	-0.01395708
-581.51628023	-0.03983665
-581.48294718	-0.06213100
-581.44961414	-0.07937397
-581.41628109	-0.09045561
-581.38294805	-0.09390364
-581.34961500	-0.08850030
-581.31628196	-0.07341365
-581.28294891	-0.04895287
-581.24961587	-0.01684047
-581.21628282	0.02015993
-581.18294978	0.05850476
-581.14961673	0.09413393
-581.11628369	0.12316246
-581.08295064	0.14222376
-581.04961760	0.14890542
-581.01628455	0.14247558
-580.98295151	0.12351185
-580.94961846	0.09372822
-580.91628542	0.05618471
-580.88295237	0.01463486
-580.84961933	-0.02655638
-580.81628628	-0.06282816
-580.78295324	-0.09059208
-580.74962019	-0.10793783
-580.71628715	-0.11487947
-580.68295410	-0.11286985
-580.64962106	-0.10452774
-580.61628801	-0.09264922
-580.58295497	-0.07961847
-580.54962192	-0.06736105
-580.51628888	-0.05696375
-580.48295583	-0.04860960
-580.44962279	-0.04205489
-580.41628974	-0.03650938
-580.38295670	-0.03143583
-580.34962365	-0.02639480
-580.31629061	-0.02115705
-580.28295756	-0.01511021
-580.24962452	-0.00739024
-580.21629147	0.00253545
-580.18295843	0.01466899
-580.14962538	0.02799672
-580.11629234	0.04074972
-580.08295929	0.05114399
-580.04962625	0.05775172
-580.01629320	0.05980324
-579.98296016	0.05728027
-579.94962711	0.05065833
-579.91629407	0.04110439
-579.88296102	0.03014480
-579.84962798	0.01933570
-579.81629493	0.00986890
-579.78296189	0.00248811
-579.74962884	-0.00251508
-579.71629580	-0.00529094
-579.68296275	-0.00627288
-579.64962971	-0.00593786
-579.61629666	-0.00466397
-579.58296362	-0.00282411
-579.54963057	-0.00059586
-579.51629753	0.00204547
-579.48296449	0.00510225
-579.44963144	0.00867573
-579.41629840	0.01289469
-579.38296535	0.01776084
-579.34963231	0.02268370
-579.31629926	0.02645031
-579.28296622	0.02735984
-579.24963317	0.02379783
-579.21630013	0.01512277
-579.18296708	0.00218647
-579.14963404	-0.01287600
-579.11630099	-0.02728363
-579.08296795	-0.03839122
-579.04963490	-0.04469400
-579.01630186	-0.04588543
-578.98296881	-0.04227354
-578.94963577	-0.03441526
-578.91630272	-0.02323040
-578.88296968	-0.00968729
-578.84963663	0.00480316
-578.81630359	0.01841536
-578.78297054	0.02914546
-578.74963750	0.03541434
-578.71630445	0.03627975
-578.68297141	0.03176433
-578.64963836	0.02281271
-578.61630532	0.01089206
-578.58297227	-0.00217156
-578.54963923	-0.01435881
-578.51630618	-0.02397419
-578.48297314	-0.02979119
-578.44964009	-0.03070085
-578.41630705	-0.02620430
-578.38297400	-0.01674273
-578.34964096	-0.00366578
-578.31630791	0.01116973
-578.28297487	0.02575911
-578.24964182	0.03837005
-578.21630878	0.04786072
-578.18297573	0.05353433
-578.14964269	0.05513755
-578.11630964	0.05282438
-578.08297660	0.04733499
-578.04964355	0.03962397
-578.01631051	0.03097409
-577.98297746	0.02232467
-577.94964442	0.01443312
-577.91631137	0.00789996
-577.88297833	0.00328148
-577.84964528	0.00129417
-577.81631224	0.00242068
-577.78297919	0.00699964
-577.74964615	0.01483154
-577.71631310	0.02542970
-577.68298006	0.03820081
-577.64964701	0.05270406
-577.61631397	0.06819301
-577.58298092	0.08344542
-577.54964788	0.09643100
-577.51631483	0.10478636
-577.48298179	0.10654727
-577.44964874	0.10043340
-577.41631570	0.08614513
-577.38298265	0.06398112
-577.34964961	0.03468874
-577.31631656	-0.00109933
-577.28298352	-0.04220221
-577.24965047	-0.08734408
-577.21631743	-0.13466182
-577.18298438	-0.18215774
-577.14965134	-0.22762793
-577.11631829	-0.26867821
-577.08298525	-0.30314987
-577.04965220	-0.32886544
-577.01631916	-0.34313748
-576.98298612	-0.34337701
-576.94965307	-0.32746025
-576.91632003	-0.29411679
-576.88298698	-0.24417445
-576.84965394	-0.18073619
-576.81632089	-0.10895486
-576.78298785	-0.03504008
-576.74965480	0.03486987
-576.71632176	0.09577181
-576.68298871	0.14454537
-576.64965567	0.17962045
-576.61632262	0.20080042
-576.58298958	0.20901156
-576.54965653	0.20618876
-576.51632349	0.19531732
-576.48299044	0.18000417
-576.44965740	0.16374097
-576.41632435	0.14905549
-576.38299131	0.13697817
-576.34965826	0.12672440
-576.31632522	0.11664304
-576.28299217	0.10474962
-576.24965913	0.08979256
-576.21632608	0.07184208
-576.18299304	0.05265819
-576.14965999	0.03478951
-576.11632695	0.02057735
-576.08299390	0.01137340
-576.04966086	0.00684390
-576.01632781	0.00571663
-575.98299477	0.00644020
-575.94966172	0.00769465
-575.91632868	0.00895343
-575.88299563	0.01007709
-575.84966259	0.01070391
-575.81632954	0.01017024
-575.78299650	0.00750018
-575.74966345	0.00193760
-575.71633041	-0.00688821
-575.68299736	-0.01846380
-575.64966432	-0.03143148
-575.61633127	-0.04398597
-575.58299823	-0.05375713
-575.54966518	-0.05840514
-575.51633214	-0.05630513
-575.48299909	-0.04705130
-575.44966605	-0.03144599
-575.41633300	-0.01142805
-575.38299996	0.01046340
-575.34966691	0.03180482
-575.31633387	0.05020053
-575.28300082	0.06356570
-575.24966778	0.07036618
-575.21633473	0.06988937
-575.18300169	0.06243489
-575.14966864	0.04922536
-575.11633560	0.03198969
-575.08300255	0.01271957
-575.04966951	-0.00662501
-575.01633646	-0.02438850
-574.98300342	-0.03925345
-574.94967037	-0.05013681
-574.91633733	-0.05682338
-574.88300428	-0.05932344
-574.84967124	-0.05801152
-574.81633819	-0.05296931
-574.78300515	-0.04428455
-574.74967210	-0.03224843
-574.71633906	-0.01741528
-574.68300601	-0.00080728
-574.64967297	0.01649538
-574.61633992	0.03345129
-574.58300688	0.04906171
-574.54967383	0.06217988
-574.51634079	0.07149237
-574.48300775	0.07599201
-574.44967470	0.07492352
-574.41634166	0.06836117
-574.38300861	0.05731283
-574.34967557	0.04351746
-574.31634252	0.02896547
-574.28300948	0.01572248
-574.24967643	0.00534960
-574.21634339	-0.00130298
-574.18301034	-0.00434638
-574.14967730	-0.00457015
-574.11634425	-0.00309920
-574.08301121	-0.00098655
-574.04967816	0.00080234
-574.01634512	0.00133306
-573.98301207	-0.00030589
-573.94967903	-0.00493839
-573.91634598	-0.01296856
-573.88301294	-0.02376616
-573.84967989	-0.03578482
-573.81634685	-0.04697649
-573.78301380	-0.05510436
-573.74968076	-0.05874165
-573.71634771	-0.05702630
-573.68301467	-0.04981283
-573.64968162	-0.03768317
-573.61634858	-0.02154901
-573.58301553	-0.00262982
-573.54968249	0.01764647
-573.51634944	0.03744255
-573.48301640	0.05508954
-573.44968335	0.06897049
-573.41635031	0.07768821
-573.38301726	0.08019061
-573.34968422	0.07619228
-573.31635117	0.06601789
-573.28301813	0.05059348
-573.24968508	0.03120267
-573.21635204	0.00937070
-573.18301899	-0.01333945
-573.14968595	-0.03531637
-573.11635290	-0.05488292
-573.08301986	-0.07065538
-573.04968681	-0.08164741
-573.01635377	-0.08728083
-572.98302072	-0.08718234
-572.94968768	-0.08093763
-572.91635463	-0.06832069
-572.88302159	-0.04951179
-572.84968854	-0.02551081
-572.81635550	0.00187636
-572.78302245	0.03017476
-572.74968941	0.05660721
-572.71635636	0.07870002
-572.68302332	0.09455021
-572.64969027	0.10269433
-572.61635723	0.10266109
-572.58302418	0.09456674
-572.54969114	0.07912300
-572.51635809	0.05783966
-572.48302505	0.03260796
-572.44969200	0.00576939
-572.41635896	-0.02006546
-572.38302591	-0.04261307
-572.34969287	-0.06004488
-572.31635982	-0.07123588
-572.28302678	-0.07607943
-572.24969373	-0.07540788
-572.21636069	-0.07026861
-572.18302764	-0.06186629
-572.14969460	-0.05155542
-572.11636155	-0.04031301
-572.08302851	-0.02913545
-572.04969546	-0.01864652
-572.01636242	-0.00917814
-571.98302937	-0.00067067
-571.94969633	0.00721148
-571.91636329	0.01488350
-571.88303024	0.02289132
-571.84969720	0.03148583
-571.81636415	0.04036228
-571.78303111	0.04879074
-571.74969806	0.05556207
-571.71636502	0.05918237
-571.68303197	0.05838453
-571.64969893	0.05239626
-571.61636588	0.04152829
-571.58303284	0.02709450
-571.54969979	0.01082854
-571.51636675	-0.00536267
-571.48303370	-0.02014993
-571.44970066	-0.03265190
-571.41636761	-0.04237820
-571.38303457	-0.04920235
-571.34970152	-0.05348648
-571.31636848	-0.05557109
-571.28303543	-0.05617851
-571.24970239	-0.05597276
-571.21636934	-0.05495297
-571.18303630	-0.05275383
-571.14970325	-0.04845920
-571.11637021	-0.04116954
-571.08303716	-0.02997727
-571.04970412	-0.01467970
-571.01637107	0.00379866
-570.98303803	0.02357538
-570.94970498	0.04236394
-570.91637194	0.05752547
-570.88303889	0.06711692
-570.84970585	0.06991139
-570.81637280	0.06558181
-570.78303976	0.05479399
-570.74970671	0.03927139
-570.71637367	0.02118871
-570.68304062	0.00292183
-570.64970758	-0.01351825
-570.61637453	-0.02677568
-570.58304149	-0.03588331
-570.54970844	-0.04019805
-570.51637540	-0.03963348
-570.48304235	-0.03459314
-570.44970931	-0.02600823
-570.41637626	-0.01554991
-570.38304322	-0.00550984
-570.34971017	0.00203683
-570.31637713	0.00542352
-570.28304408	0.00428339
-570.24971104	-0.00039741
-570.21637799	-0.00661677
-570.18304495	-0.01214241
-570.14971190	-0.01507011
-570.11637886	-0.01456355
-570.08304581	-0.01068844
-570.04971277	-0.00445083
-570.01637972	0.00303543
-569.98304668	0.01074230
-569.94971363	0.01773908
-569.91638059	0.02333208
-569.88304754	0.02721999
-569.84971450	0.02913021
-569.81638145	0.02895904
-569.78304841	0.02676080
-569.74971536	0.02257924
-569.71638232	0.01641166
-569.68304927	0.00814023
-569.64971623	-0.00168134
-569.61638318	-0.01226269
-569.58305014	-0.02271164
-569.54971709	-0.03227957
-569.51638405	-0.04041848
-569.48305100	-0.04688184
-569.44971796	-0.05117729
-569.41638492	-0.05254613
-569.38305187	-0.04985703
-569.34971883	-0.04198933
-569.31638578	-0.02841329
-569.28305274	-0.00927979
-569.24971969	0.01426482
-569.21638665	0.04019151
-569.18305360	0.06583966
-569.14972056	0.08824919
-569.11638751	0.10489550
-569.08305447	0.11374967
-569.04972142	0.11384979
-569.01638838	0.10521112
-568.98305533	0.08858613
-568.94972229	0.06567741
-568.91638924	0.03865648
-568.88305620	0.01034014
-568.84972315	-0.01633163
-568.81639011	-0.03873606
-568.78305706	-0.05483264
-568.74972402	-0.06365926
-568.71639097	-0.06540721
-568.68305793	-0.06121032
-568.64972488	-0.05275544
-568.61639184	-0.04201306
-568.58305879	-0.03062765
-568.54972575	-0.01957057
-568.51639270	-0.00944490
-568.48305966	-0.00051198
-568.44972661	0.00705176
-568.41639357	0.01298177
-568.38306052	0.01697433
-568.34972748	0.01920387
-568.31639443	0.02022465
-568.28306139	0.02088684
-568.24972834	0.02183026
-568.21639530	0.02316015
-568.18306225	0.02418787
-568.14972921	0.02374844
-568.11639616	0.02083925
-568.08306312	0.01500903
-568.04973007	0.00673647
-568.01639703	-0.00313392
-567.98306398	-0.01323769
-567.94973094	-0.02220349
-567.91639789	-0.02908844
-567.88306485	-0.03312949
-567.84973180	-0.03410278
-567.81639876	-0.03177533
-567.78306571	-0.02627083
-567.74973267	-0.01836423
-567.71639962	-0.00902607
-567.68306658	0.00021906
-567.64973353	0.00780954
-567.61640049	0.01286927
-567.58306744	0.01488415
-567.54973440	0.01397476
-567.51640135	0.01087290
-567.48306831	0.00660439
-567.44973526	0.00238174
-567.41640222	-0.00064050
-567.38306917	-0.00159670
-567.34973613	-0.00031458
-567.31640308	0.00287472
-567.28307004	0.00694611
-567.24973699	0.01072998
-567.21640395	0.01305460
-567.18307090	0.01308040
-567.14973786	0.01073651
-567.11640481	0.00632856
-567.08307177	0.00067231
-567.04973872	-0.00540532
-567.01640568	-0.01105035
-566.98307263	-0.01545348
-566.94973959	-0.01802385
-566.91640655	-0.01817521
-566.88307350	-0.01555969
-566.84974046	-0.01026032
-566.81640741	-0.00278832
-566.78307437	0.00573732
-566.74974132	0.01385539
-566.71640828	0.01999868
-566.68307523	0.02312624
-566.64974219	0.02284912
-566.61640914	0.01961790
-566.58307610	0.01446887
-566.54974305	0.00859753
-566.51641001	0.00325536
-566.48307696	-0.00078457
-566.44974392	-0.00308303
-566.41641087	-0.00341108
-566.38307783	-0.00189081
-566.34974478	0.00133557
-566.31641174	0.00580510
-566.28307869	0.01100206
-566.24974565	0.01602220
-566.21641260	0.01979297
-566.18307956	0.02145362
-566.14974651	0.02049530
-566.11641347	0.01697644
-566.08308042	0.01149698
-566.04974738	0.00495465
-566.01641433	-0.00190952
-565.98308129	-0.00848384
-565.94974824	-0.01446864
-565.91641520	-0.01959321
-565.88308215	-0.02365220
-565.84974911	-0.02658185
-565.81641606	-0.02787238
-565.78308302	-0.02712760
-565.74974997	-0.02384382
-565.71641693	-0.01760579
-565.68308388	-0.00820587
-565.64975084	0.00404391
-565.61641779	0.01812128
-565.58308475	0.03241764
-565.54975170	0.04510914
-565.51641866	0.05455037
-565.48308561	0.05948559
-565.44975257	0.05927799
-565.41641952	0.05379142
-565.38308648	0.04323762
-565.34975343	0.02802166
-565.31642039	0.00866092
-565.28308734	-0.01389102
-565.24975430	-0.03833278
-565.21642125	-0.06293422
-565.18308821	-0.08577803
-565.14975516	-0.10514971
-565.11642212	-0.11958639
-565.08308907	-0.12797399
-565.04975603	-0.12955123
-565.01642298	-0.12374637
-564.98308994	-0.11049767
-564.94975689	-0.09062091
-564.91642385	-0.06570586
-564.88309080	-0.03804519
-564.84975776	-0.01056034
-564.81642471	0.01424760
-564.78309167	0.03453266
-564.74975862	0.04912413
-564.71642558	0.05798120
-564.68309253	0.06166839
-564.64975949	0.06125432
-564.61642644	0.05778754
-564.58309340	0.05216716
-564.54976035	0.04540766
-564.51642731	0.03855971
-564.48309426	0.03239793
-564.44976122	0.02756280
-564.41642818	0.02418353
-564.38309513	0.02180073
-564.34976209	0.01987076
-564.31642904	0.01769608
-564.28309600	0.01502589
-564.24976295	0.01208820
-564.21642991	0.00945207
-564.18309686	0.00769784
-564.14976382	0.00700717
-564.11643077	0.00715823
-564.08309773	0.00743593
-564.04976468	0.00724114
-564.01643164	0.00627094
-563.98309859	0.00474212
-563.94976555	0.00321625
-563.91643250	0.00212423
-563.88309946	0.00158016
-563.84976641	0.00144106
-563.81643337	0.00154736
-563.78310032	0.00182609
-563.74976728	0.00257869
-563.71643423	0.00395710
-563.68310119	0.00606401
-563.64976814	0.00881518
-563.61643510	0.01193084
-563.58310205	0.01534460
-563.54976901	0.01913025
-563.51643596	0.02343756
-563.48310292	0.02827129
-563.44976987	0.03295774
-563.41643683	0.03660832
-563.38310378	0.03843943
-563.34977074	0.03802375
-563.31643769	0.03553894
-563.28310465	0.03161009
-563.24977160	0.02712192
-563.21643856	0.02284344
-563.18310551	0.01907062
-563.14977247	0.01571413
-563.11643942	0.01242592
-563.08310638	0.00911280
-563.04977333	0.00594791
-563.01644029	0.00323298
-562.98310724	0.00133150
-562.94977420	0.00029206
-562.91644115	-0.00016068
-562.88310811	-0.00023631
-562.84977506	0.00018216
-562.81644202	0.00149215
-562.78310897	0.00423406
-562.74977593	0.00874118
-562.71644288	0.01501867
-562.68310984	0.02259253
-562.64977679	0.03098543
-562.61644375	0.03941371
-562.58311070	0.04710464
-562.54977766	0.05302741
-562.51644461	0.05628243
-562.48311157	0.05614919
-562.44977852	0.05232409
-562.41644548	0.04500132
-562.38311243	0.03494659
-562.34977939	0.02323665
-562.31644634	0.01144097
-562.28311330	0.00099537
-562.24978025	-0.00696290
-562.21644721	-0.01183400
-562.18311416	-0.01373199
-562.14978112	-0.01292094
-562.11644807	-0.01001350
-562.08311503	-0.00557265
-562.04978198	-0.00046106
-562.01644894	0.00441343
-561.98311589	0.00802458
-561.94978285	0.00934216
-561.91644981	0.00793821
-561.88311676	0.00402373
-561.84978372	-0.00181123
-561.81645067	-0.00840689
-561.78311763	-0.01486805
-561.74978458	-0.02020031
-561.71645154	-0.02385830
-561.68311849	-0.02580369
-561.64978545	-0.02600496
-561.61645240	-0.02458306
-561.58311936	-0.02169770
-561.54978631	-0.01732661
-561.51645327	-0.01151006
-561.48312022	-0.00439099
-561.44978718	0.00339612
-561.41645413	0.01114414
-561.38312109	0.01781131
-561.34978804	0.02242633
-561.31645500	0.02415513
-561.28312195	0.02223252
-561.24978891	0.01624135
-561.21645586	0.00591908
-561.18312282	-0.00830783
-561.14978977	-0.02528394
-561.11645673	-0.04335386
-561.08312368	-0.06040280
-561.04979064	-0.07432499
-561.01645759	-0.08333028
-560.98312455	-0.08574679
-560.94979150	-0.08065404
-560.91645846	-0.06818461
-560.88312541	-0.04956077
-560.84979237	-0.02708844
-560.81645932	-0.00388001
-560.78312628	0.01676167
-560.74979323	0.03232959
-560.71646019	0.04110483
-560.68312714	0.04252181
-560.64979410	0.03720904
-560.61646105	0.02676486
-560.58312801	0.01322683
-560.54979496	-0.00124070
-560.51646192	-0.01461438
-560.48312887	-0.02546161
-560.44979583	-0.03267921
-560.41646278	-0.03597087
-560.38312974	-0.03556092
-560.34979669	-0.03251013
-560.31646365	-0.02823348
-560.28313060	-0.02439432
-560.24979756	-0.02201009
-560.21646451	-0.02138157
-560.18313147	-0.02215715
-560.14979842	-0.02348031
-560.11646538	-0.02444212
-560.08313233	-0.02439732
-560.04979929	-0.02278106
-560.01646624	-0.01893451
-559.98313320	-0.01259582
-559.94980015	-0.00366961
-559.91646711	0.00739692
-559.88313406	0.01958105
-559.84980102	0.03171945
-559.81646797	0.04228860
-559.78313493	0.05030718
-559.74980188	0.05516524
-559.71646884	0.05672540
-559.68313579	0.05518022
-559.64980275	0.05097077
-559.61646970	0.04439110
-559.58313666	0.03576076
-559.54980361	0.02525270
-559.51647057	0.01321408
-559.48313752	0.00026582
-559.44980448	-0.01285902
-559.41647143	-0.02513756
-559.38313839	-0.03559161
-559.34980535	-0.04329555
-559.31647230	-0.04766013
-559.28313926	-0.04816170
-559.24980621	-0.04457081
-559.21647317	-0.03709227
-559.18314012	-0.02628175
-559.14980708	-0.01312142
-559.11647403	0.00114340
-559.08314099	0.01526817
-559.04980794	0.02795802
-559.01647490	0.03822841
-558.98314185	0.04525229
-558.94980881	0.04845457
-558.91647576	0.04752915
-558.88314272	0.04265870
-558.84980967	0.03476588
-558.81647663	0.02501552
-558.78314358	0.01512693
-558.74981054	0.00639698
-558.71647749	0.00001582
-558.68314445	-0.00379287
-558.64981140	-0.00537084
-558.61647836	-0.00539442
-558.58314531	-0.00463694
-558.54981227	-0.00357743
-558.51647922	-0.00242449
-558.48314618	-0.00120310
-558.44981313	0.00010246
-558.41648009	0.00126071
-558.38314704	0.00181516
-558.34981400	0.00138813
-558.31648095	0.00001016
-558.28314791	-0.00184524
-558.24981486	-0.00337155
-558.21648182	-0.00380880
-558.18314877	-0.00281891
-558.14981573	-0.00033758
-558.11648268	0.00325441
-558.08314964	0.00764512
-558.04981659	0.01260182
-558.01648355	0.01806423
-557.98315050	0.02380532
-557.94981746	0.02955884
-557.91648441	0.03459424
-557.88315137	0.03819916
-557.84981832	0.03964259
-557.81648528	0.03831167
-557.78315223	0.03415167
-557.74981919	0.02717982
-557.71648614	0.01772839
-557.68315310	0.00638343
-557.64982005	-0.00613000
-557.61648701	-0.01884718
-557.58315396	-0.03086843
-557.54982092	-0.04108240
-557.51648787	-0.04844342
-557.48315483	-0.05210206
-557.44982178	-0.05143804
-557.41648874	-0.04619305
-557.38315569	-0.03640315
-557.34982265	-0.02256470
-557.31648960	-0.00549351
-557.28315656	0.01363717
-557.24982351	0.03331904
-557.21649047	0.05186173
-557.18315742	0.06736901
-557.14982438	0.07840330
-557.11649133	0.08375992
-557.08315829	0.08292450
-557.04982524	0.07576286
-557.01649220	0.06299098
-556.98315915	0.04578269
-556.94982611	0.02599643
-556.91649306	0.00555095
-556.88316002	-0.01368883
-556.84982698	-0.02995594
-556.81649393	-0.04208349
-556.78316089	-0.04947334
-556.74982784	-0.05224731
-556.71649480	-0.05110232
-556.68316175	-0.04696530
-556.64982871	-0.04073663
-556.61649566	-0.03315064
-556.58316262	-0.02463603
-556.54982957	-0.01573977
-556.51649653	-0.00676942
-556.48316348	0.00191669
-556.44983044	0.01015411
-556.41649739	0.01793717
-556.38316435	0.02539891
-556.34983130	0.03271762
-556.31649826	0.03975852
-556.28316521	0.04601810
-556.24983217	0.05091898
-556.21649912	0.05355269
-556.18316608	0.05323241
-556.14983303	0.04958231
-556.11649999	0.04261844
-556.08316694	0.03285313
-556.04983390	0.02107069
-556.01650085	0.00825004
-555.98316781	-0.00468116
-555.94983476	-0.01678190
-555.91650172	-0.02739126
-555.88316867	-0.03594742
-555.84983563	-0.04185003
-555.81650258	-0.04486663
-555.78316954	-0.04486861
-555.74983649	-0.04172003
-555.71650345	-0.03561586
-555.68317040	-0.02675818
-555.64983736	-0.01556512
-555.61650431	-0.00281543
-555.58317127	0.01063406
-555.54983822	0.02364034
-555.51650518	0.03516842
-555.48317213	0.04432810
-555.44983909	0.05051932
-555.41650604	0.05315251
-555.38317300	0.05197413
-555.34983995	0.04682157
-555.31650691	0.03792147
-555.28317386	0.02604033
-555.24984082	0.01249831
-555.21650777	-0.00117307
-555.18317473	-0.01358346
-555.14984168	-0.02353484
-555.11650864	-0.03048786
-555.08317559	-0.03407904
-555.04984255	-0.03462122
-555.01650950	-0.03252535
-554.98317646	-0.02839433
-554.94984341	-0.02264525
-554.91651037	-0.01569702
-554.88317732	-0.00789822
-554.84984428	0.00007098
-554.81651123	0.00749150
-554.78317819	0.01362128
-554.74984514	0.01805639
-554.71651210	0.02094202
-554.68317905	0.02286120
-554.64984601	0.02446333
-554.61651296	0.02634093
-554.58317992	0.02867629
-554.54984687	0.03115985
-554.51651383	0.03353920
-554.48318078	0.03538640
-554.44984774	0.03637564
-554.41651469	0.03643950
-554.38318165	0.03551787
-554.34984861	0.03375157
-554.31651556	0.03112116
-554.28318252	0.02760683
-554.24984947	0.02292877
-554.21651643	0.01707291
-554.18318338	0.01011891
-554.14985034	0.00238879
-554.11651729	-0.00569515
-554.08318425	-0.01377570
-554.04985120	-0.02120550
-554.01651816	-0.02752910
-553.98318511	-0.03211492
-553.94985207	-0.03444410
-553.91651902	-0.03401941
-553.88318598	-0.03072162
-553.84985293	-0.02430636
-553.81651989	-0.01508230
-553.78318684	-0.00342725
-553.74985380	0.00974030
-553.71652075	0.02308284
-553.68318771	0.03523747
-553.64985466	0.04476044
-553.61652162	0.05071134
-553.58318857	0.05266666
-553.54985553	0.05097013
-553.51652248	0.04611199
-553.48318944	0.03884833
-553.44985639	0.02997768
-553.41652335	0.01993572
-553.38319030	0.00936843
-553.34985726	-0.00127978
-553.31652421	-0.01176847
-553.28319117	-0.02164696
-553.24985812	-0.03070170
-553.21652508	-0.03864662
-553.18319203	-0.04544754
-553.14985899	-0.05080767
-553.11652594	-0.05442579
-553.08319290	-0.05565878
-553.04985985	-0.05387153
-553.01652681	-0.04852452
-552.98319376	-0.03959290
-552.94986072	-0.02778864
-552.91652767	-0.01425699
-552.88319463	-0.00031906
-552.84986158	0.01261467
-552.81652854	0.02352840
-552.78319549	0.03156980
-552.74986245	0.03634965
-552.71652940	0.03775274
-552.68319636	0.03581159
-552.64986331	0.03084781
-552.61653027	0.02330786
-552.58319722	0.01393732
-552.54986418	0.00387920
-552.51653113	-0.00577537
-552.48319809	-0.01400338
-552.44986504	-0.02009681
-552.41653200	-0.02400087
-552.38319895	-0.02618582
-552.34986591	-0.02710787
-552.31653286	-0.02734348
-552.28319982	-0.02725470
-552.24986677	-0.02668880
-552.21653373	-0.02536499
-552.18320068	-0.02296252
-552.14986764	-0.01928735
-552.11653459	-0.01424413
-552.08320155	-0.00822376
-552.04986850	-0.00179168
-552.01653546	0.00461150
-551.98320241	0.01029236
-551.94986937	0.01471472
-551.91653632	0.01744064
-551.88320328	0.01808755
-551.84987024	0.01663418
-551.81653719	0.01319907
-551.78320415	0.00836185
-551.74987110	0.00296459
-551.71653806	-0.00221142
-551.68320501	-0.00614609
-551.64987197	-0.00799830
-551.61653892	-0.00696078
-551.58320588	-0.00266250
-551.54987283	0.00486766
-551.51653979	0.01473906
-551.48320674	0.02550695
-551.44987370	0.03521568
-551.41654065	0.04223321
-551.38320761	0.04553797
-551.34987456	0.04495491
-551.31654152	0.04096643
-551.28320847	0.03459888
-551.24987543	0.02710247
-551.21654238	0.01960609
-551.18320934	0.01288598
-551.14987629	0.00759756
-551.11654325	0.00376794
-551.08321020	0.00145926
-551.04987716	0.00031057
-551.01654411	-0.00014937
-550.98321107	-0.00044838
-550.94987802	-0.00092410
-550.91654498	-0.00180691
-550.88321193	-0.00301546
-550.84987889	-0.00445329
-550.81654584	-0.00577871
-550.78321280	-0.00672113
-550.74987975	-0.00689342
-550.71654671	-0.00618814
-550.68321366	-0.00459757
-550.64988062	-0.00233063
-550.61654757	-0.00000772
-550.58321453	0.00178535
-550.54988148	0.00240613
-550.51654844	0.00150434
-550.48321539	-0.00069579
-550.44988235	-0.00381431
-550.41654930	-0.00727103
-550.38321626	-0.01041357
-550.34988321	-0.01280022
-550.31655017	-0.01406757
-550.28321712	-0.01410557
-550.24988408	-0.01286801
-550.21655103	-0.01056495
-550.18321799	-0.00735879
-550.14988494	-0.00352083
-550.11655190	0.00060328
-550.08321885	0.00458092
-550.04988581	0.00800796
-550.01655276	0.01057550
-549.98321972	0.01220701
-549.94988667	0.01285087
-549.91655363	0.01262808
-549.88322058	0.01185426
-549.84988754	0.01078339
-549.81655449	0.00971190
-549.78322145	0.00877097
-549.74988840	0.00788346
-549.71655536	0.00705832
-549.68322231	0.00593714
-549.64988927	0.00452308
-549.61655622	0.00274086
-549.58322318	0.00079493
-549.54989013	-0.00111889
-549.51655709	-0.00290824
-549.48322404	-0.00467702
-549.44989100	-0.00624440
-549.41655795	-0.00734408
-549.38322491	-0.00772719
-549.34989187	-0.00721514
-549.31655882	-0.00596676
-549.28322578	-0.00433900
-549.24989273	-0.00273347
-549.21655969	-0.00153415
-549.18322664	-0.00087678
-549.14989360	-0.00082672
-549.11656055	-0.00108058
-549.08322751	-0.00154541
-549.04989446	-0.00181320
-549.01656142	-0.00158406
-548.98322837	-0.00068623
-548.94989533	0.00092424
-548.91656228	0.00312920
-548.88322924	0.00557172
-548.84989619	0.00779881
-548.81656315	0.00924249
-548.78323010	0.00955856
-548.74989706	0.00858015
-548.71656401	0.00627154
-548.68323097	0.00286744
-548.64989792	-0.00126586
-548.61656488	-0.00564236
-548.58323183	-0.00973548
-548.54989879	-0.01327338
-548.51656574	-0.01577407
-548.48323270	-0.01724437
-548.44989965	-0.01771069
-548.41656661	-0.01747856
-548.38323356	-0.01686580
-548.34990052	-0.01633789
-548.31656747	-0.01594992
-548.28323443	-0.01562410
-548.24990138	-0.01488369
-548.21656834	-0.01321998
-548.18323529	-0.01021598
-548.14990225	-0.00567966
-548.11656920	0.00037775
-548.08323616	0.00805189
-548.04990311	0.01716487
-548.01657007	0.02732189
-547.98323702	0.03802790
-547.94990398	0.04860715
-547.91657093	0.05814232
-547.88323789	0.06554206
-547.84990484	0.07019115
-547.81657180	0.07137922
-547.78323875	0.06881817
-547.74990571	0.06272130
-547.71657266	0.05329193
-547.68323962	0.04121260
-547.64990657	0.02735738
-547.61657353	0.01285180
-547.58324048	-0.00113591
-547.54990744	-0.01379493
-547.51657439	-0.02443457
-547.48324135	-0.03267235
-547.44990830	-0.03858936
-547.41657526	-0.04233082
-547.38324221	-0.04416668
-547.34990917	-0.04436033
-547.31657612	-0.04299360
-547.28324308	-0.04021535
-547.24991003	-0.03609546
-547.21657699	-0.03062993
-547.18324394	-0.02381720
-547.14991090	-0.01578725
-547.11657785	-0.00662803
-547.08324481	0.00338795
-547.04991176	0.01389029
-547.01657872	0.02410992
-546.98324567	0.03309165
-546.94991263	0.03988987
-546.91657958	0.04367384
-546.88324654	0.04401299
-546.84991349	0.04109638
-546.81658045	0.03560989
-546.78324741	0.02837831
-546.74991436	0.02036551
-546.71658132	0.01243103
-546.68324827	0.00500853
-546.64991523	-0.00147273
-546.61658218	-0.00679791
-546.58324914	-0.01079129
-546.54991609	-0.01311014
-546.51658305	-0.01364600
-546.48325000	-0.01228582
-546.44991696	-0.00940503
-546.41658391	-0.00557937
-546.38325087	-0.00154402
-546.34991782	0.00217638
-546.31658478	0.00540384
-546.28325173	0.00832565
-546.24991869	0.01095985
-546.21658564	0.01341224
-546.18325260	0.01535547
-546.14991955	0.01639042
-546.11658651	0.01619498
-546.08325346	0.01471683
-546.04992042	0.01224953
-546.01658737	0.00913058
-545.98325433	0.00591780
-545.94992128	0.00299462
-545.91658824	0.00047354
-545.88325519	-0.00156463
-545.84992215	-0.00310390
-545.81658910	-0.00428233
-545.78325606	-0.00524912
-545.74992301	-0.00627743
-545.71658997	-0.00750750
-545.68325692	-0.00892855
-545.64992388	-0.01034283
-545.61659083	-0.01128641
-545.58325779	-0.01136849
-545.54992474	-0.01017683
-545.51659170	-0.00748541
-545.48325865	-0.00342154
-545.44992561	0.00176979
-545.41659256	0.00772257
-545.38325952	0.01397963
-545.34992647	0.02008983
-545.31659343	0.02568938
-545.28326038	0.03042096
-545.24992734	0.03377159
-545.21659429	0.03566369
-545.18326125	0.03605753
-545.14992820	0.03495308
-545.11659516	0.03254521
-545.08326211	0.02896908
-545.04992907	0.02428554
-545.01659602	0.01875550
-544.98326298	0.01266119
-544.94992993	0.00664774
-544.91659689	0.00099090
-544.88326384	-0.00378027
-544.84993080	-0.00757184
-544.81659775	-0.01028235
-544.78326471	-0.01222985
-544.74993166	-0.01358975
-544.71659862	-0.01463009
-544.68326557	-0.01562009
-544.64993253	-0.01664619
-544.61659948	-0.01771752
-544.58326644	-0.01873903
-544.54993339	-0.01972470
-544.51660035	-0.02058259
-544.48326730	-0.02099105
-544.44993426	-0.02075550
-544.41660121	-0.01950623
-544.38326817	-0.01698246
-544.34993512	-0.01310842
-544.31660208	-0.00794188
-544.28326904	-0.00168163
-544.24993599	0.00508276
-544.21660295	0.01178154
-544.18326990	0.01761891
-544.14993686	0.02202628
-544.11660381	0.02442762
-544.08327077	0.02478670
-544.04993772	0.02305387
-544.01660468	0.01952557
-543.98327163	0.01455667
-543.94993859	0.00883280
-543.91660554	0.00307180
-543.88327250	-0.00200146
-543.84993945	-0.00548917
-543.81660641	-0.00687839
-543.78327336	-0.00581582
-543.74994032	-0.00249250
-543.71660727	0.00267247
-543.68327423	0.00895150
-543.64994118	0.01550538
-543.61660814	0.02135781
-543.58327509	0.02563361
-543.54994205	0.02791324
-543.51660900	0.02796478
-543.48327596	0.02606622
-543.44994291	0.02265313
-543.41660987	0.01814465
-543.38327682	0.01304947
-543.34994378	0.00779423
-543.31661073	0.00297412
-543.28327769	-0.00105962
-543.24994464	-0.00409679
-543.21661160	-0.00597242
-543.18327855	-0.00670364
-543.14994551	-0.00666520
-543.11661246	-0.00622406
-543.08327942	-0.00593167
-543.04994637	-0.00598388
-543.01661333	-0.00646934
-542.98328028	-0.00706456
-542.94994724	-0.00741892
-542.91661419	-0.00715806
-542.88328115	-0.00615832
-542.84994810	-0.00437475
-542.81661506	-0.00185809
-542.78328201	0.00127129
-542.74994897	0.00502285
-542.71661592	0.00942666
-542.68328288	0.01423172
-542.64994983	0.01918106
-542.61661679	0.02360719
-542.58328374	0.02715466
-542.54995070	0.02935356
-542.51661765	0.03003327
-542.48328461	0.02920961
-542.44995156	0.02695389
-542.41661852	0.02359706
-542.38328547	0.01942560
-542.34995243	0.01486986
-542.31661938	0.01029470
-542.28328634	0.00616573
-542.24995329	0.00284399
-542.21662025	0.00020271
-542.18328720	-0.00176025
-542.14995416	-0.00331253
-542.11662111	-0.00478279
-542.08328807	-0.00630756
-542.04995502	-0.00769680
-542.01662198	-0.00879484
-541.98328893	-0.00920102
-541.94995589	-0.00867731
-541.91662284	-0.00709269
-541.88328980	-0.00416059
-541.84995675	0.00032261
-541.81662371	0.00649606
-541.78329067	0.01411048
-541.74995762	0.02249213
-541.71662458	0.03063838
-541.68329153	0.03741604
-541.64995849	0.04178138
-541.61662544	0.04323959
-541.58329240	0.04172845
-541.54995935	0.03761272
-541.51662631	0.03139400
-541.48329326	0.02363423
-541.44996022	0.01492853
-541.41662717	0.00571869
-541.38329413	-0.00326311
-541.34996108	-0.01149706
-541.31662804	-0.01853939
-541.28329499	-0.02410170
-541.24996195	-0.02821374
-541.21662890	-0.03082004
-541.18329586	-0.03187233
-541.14996281	-0.03134652
-541.11662977	-0.02905449
-541.08329672	-0.02452401
-541.04996368	-0.01769231
-541.01663063	-0.00877699
-540.98329759	0.00167533
-540.94996454	0.01257589
-540.91663150	0.02272017
-540.88329845	0.03102818
-540.84996541	0.03658422
-540.81663236	0.03899740
-540.78329932	0.03840481
-540.74996627	0.03527902
-540.71663323	0.03008438
-540.68330018	0.02334485
-540.64996714	0.01551986
-540.61663409	0.00717680
-540.58330105	-0.00100736
-540.54996800	-0.00851244
-540.51663496	-0.01474958
-540.48330191	-0.01945142
-540.44996887	-0.02267981
-540.41663582	-0.02476931
-540.38330278	-0.02608968
-540.34996973	-0.02678255
-540.31663669	-0.02690300
-540.28330364	-0.02612178
-540.24997060	-0.02394471
-540.21663755	-0.01993090
-540.18330451	-0.01382368
-540.14997146	-0.00558143
-540.11663842	0.00437268
-540.08330537	0.01545256
-540.04997233	0.02650512
-540.01663928	0.03657943
-539.98330624	0.04463630
-539.94997319	0.04981647
-539.91664015	0.05175170
-539.88330710	0.05022408
-539.84997406	0.04560663
-539.81664101	0.03838342
-539.78330797	0.02915792
-539.74997492	0.01876404
-539.71664188	0.00820214
-539.68330883	-0.00147595
-539.64997579	-0.00913457
-539.61664274	-0.01389480
-539.58330970	-0.01556744
-539.54997665	-0.01439807
-539.51664361	-0.01125193
-539.48331056	-0.00722163
-539.44997752	-0.00311337
-539.41664447	0.00031481
-539.38331143	0.00284041
-539.34997838	0.00443521
-539.31664534	0.00517409
-539.28331230	0.00526172
-539.24997925	0.00480679
-539.21664621	0.00404662
-539.18331316	0.00330130
-539.14998012	0.00263105
-539.11664707	0.00216051
-539.08331403	0.00184422
-539.04998098	0.00157842
-539.01664794	0.00131023
-538.98331489	0.00113510
-538.94998185	0.00117378
-538.91664880	0.00158884
-538.88331576	0.00257732
-538.84998271	0.00409577
-538.81664967	0.00609819
-538.78331662	0.00832710
-538.74998358	0.01049779
-538.71665053	0.01222129
-538.68331749	0.01312512
-538.64998444	0.01291928
-538.61665140	0.01144676
-538.58331835	0.00889169
-538.54998531	0.00570372
-538.51665226	0.00236569
-538.48331922	-0.00057063
-538.44998617	-0.00262251
-538.41665313	-0.00355914
-538.38332008	-0.00310690
-538.34998704	-0.00132509
-538.31665399	0.00181425
-538.28332095	0.00637820
-538.24998790	0.01211392
-538.21665486	0.01847603
-538.18332181	0.02486387
-538.14998877	0.03043563
-538.11665572	0.03436110
-538.08332268	0.03612523
-538.04998963	0.03545017
-538.01665659	0.03256344
-537.98332354	0.02797376
-537.94999050	0.02201104
-537.91665745	0.01506929
-537.88332441	0.00752405
-537.84999136	-0.00030459
-537.81665832	-0.00806353
-537.78332527	-0.01533515
-537.74999223	-0.02141555
-537.71665918	-0.02583914
-537.68332614	-0.02831471
-537.64999309	-0.02876744
-537.61666005	-0.02719325
-537.58332700	-0.02399708
-537.54999396	-0.01964933
-537.51666091	-0.01428786
-537.48332787	-0.00819584
-537.44999482	-0.00170388
-537.41666178	0.00488972
-537.38332873	0.01109334
-537.34999569	0.01627717
-537.31666264	0.01999221
-537.28332960	0.02189977
-537.24999655	0.02199933
-537.21666351	0.02060547
-537.18333046	0.01791480
-537.14999742	0.01443598
-537.11666437	0.01044610
-537.08333133	0.00643873
-537.04999828	0.00271618
-537.01666524	-0.00036833
-536.98333219	-0.00259661
-536.94999915	-0.00401179
-536.91666610	-0.00459522
-536.88333306	-0.00469852
-536.85000001	-0.00448187
-536.81666697	-0.00427915
-536.78333392	-0.00425017
-536.75000088	-0.00440764
-536.71666784	-0.00472917
-536.68333479	-0.00508250
-536.65000175	-0.00526132
-536.61666870	-0.00500144
-536.58333566	-0.00415629
-536.55000261	-0.00255816
-536.51666957	-0.00012703
-536.48333652	0.00294682
-536.45000348	0.00621425
-536.41667043	0.00916736
-536.38333739	0.01121707
-536.35000434	0.01218403
-536.31667130	0.01201106
-536.28333825	0.01084775
-536.25000521	0.00878900
-536.21667216	0.00601119
-536.18333912	0.00262489
-536.15000607	-0.00098487
-536.11667303	-0.00432518
-536.08333998	-0.00663757
-536.05000694	-0.00715083
-536.01667389	-0.00553539
-535.98334085	-0.00188037
-535.95000780	0.00335376
-535.91667476	0.00947459
-535.88334171	0.01568379
-535.85000867	0.02139983
-535.81667562	0.02589520
-535.78334258	0.02880832
-535.75000953	0.02978673
-535.71667649	0.02851284
-535.68334344	0.02489694
-535.65001040	0.01899408
-535.61667735	0.01116382
-535.58334431	0.00224452
-535.55001126	-0.00686525
-535.51667822	-0.01510171
-535.48334517	-0.02154480
-535.45001213	-0.02560360
-535.41667908	-0.02701540
-535.38334604	-0.02582302
-535.35001299	-0.02247661
-535.31667995	-0.01762243
-535.28334690	-0.01202423
-535.25001386	-0.00620157
-535.21668081	-0.00070496
-535.18334777	0.00425764
-535.15001472	0.00833733
-535.11668168	0.01143182
-535.08334863	0.01348450
-535.05001559	0.01448977
-535.01668254	0.01462090
-534.98334950	0.01418855
-534.95001645	0.01336790
-534.91668341	0.01242615
-534.88335036	0.01166034
-534.85001732	0.01109862
-534.81668427	0.01073069
-534.78335123	0.01056913
-534.75001818	0.01049214
-534.71668514	0.01035061
-534.68335209	0.01024200
-534.65001905	0.01025802
-534.61668600	0.01043187
-534.58335296	0.01067137
-534.55001991	0.01109690
-534.51668687	0.01152693
-534.48335382	0.01178441
-534.45002078	0.01174869
-534.41668773	0.01131695
-534.38335469	0.01041324
-534.35002164	0.00908154
-534.31668860	0.00738749
-534.28335555	0.00544658
-534.25002251	0.00349051
-534.21668947	0.00180230
-534.18335642	0.00062564
-534.15002338	0.00036425
-534.11669033	0.00113251
-534.08335729	0.00264765
-534.05002424	0.00459111
-534.01669120	0.00622661
-533.98335815	0.00718474
-533.95002511	0.00705152
-533.91669206	0.00590651
-533.88335902	0.00397036
-533.85002597	0.00154516
-533.81669293	-0.00096839
-533.78335988	-0.00322105
-533.75002684	-0.00506014
-533.71669379	-0.00604750
-533.68336075	-0.00595172
-533.65002770	-0.00460883
-533.61669466	-0.00189930
-533.58336161	0.00203091
-533.55002857	0.00676952
-533.51669552	0.01168239
-533.48336248	0.01626500
-533.45002943	0.01986201
-533.41669639	0.02204896
-533.38336334	0.02278336
-533.35003030	0.02190640
-533.31669725	0.01975848
-533.28336421	0.01675355
-533.25003116	0.01338178
-533.21669812	0.01023040
-533.18336507	0.00759323
-533.15003203	0.00582553
-533.11669898	0.00486205
-533.08336594	0.00462321
-533.05003289	0.00498765
-533.01669985	0.00578733
-532.98336680	0.00677703
-532.95003376	0.00782803
-532.91670071	0.00870522
-532.88336767	0.00904112
-532.85003462	0.00856645
-532.81670158	0.00710027
-532.78336853	0.00468571
-532.75003549	0.00155935
-532.71670244	-0.00190777
-532.68336940	-0.00519725
-532.65003635	-0.00816813
-532.61670331	-0.01046505
-532.58337026	-0.01198360
-532.55003722	-0.01257824
-532.51670417	-0.01216725
-532.48337113	-0.01071206
-532.45003808	-0.00817481
-532.41670504	-0.00474104
-532.38337199	-0.00059371
-532.35003895	0.00389641
-532.31670590	0.00833608
-532.28337286	0.01229733
-532.25003981	0.01538973
-532.21670677	0.01735531
-532.18337372	0.01774720
-532.15004068	0.01657282
-532.11670763	0.01376609
-532.08337459	0.00956346
-532.05004154	0.00437032
-532.01670850	-0.00131201
-531.98337545	-0.00675660
-531.95004241	-0.01136625
-531.91670936	-0.01451963
-531.88337632	-0.01591155
-531.85004327	-0.01526364
-531.81671023	-0.01236696
-531.78337718	-0.00746235
-531.75004414	-0.00083640
-531.71671110	0.00683732
-531.68337805	0.01459261
-531.65004501	0.02154314
-531.61671196	0.02674451
-531.58337892	0.02956750
-531.55004587	0.02965145
-531.51671283	0.02720442
-531.48337978	0.02259439
-531.45004674	0.01660849
-531.41671369	0.00987847
-531.38338065	0.00324075
-531.35004760	-0.00258772
-531.31671456	-0.00703601
-531.28338151	-0.00967507
-531.25004847	-0.01034465
-531.21671542	-0.00929382
-531.18338238	-0.00676533
-531.15004933	-0.00349053
-531.11671629	-0.00004246
-531.08338324	0.00304219
-531.05005020	0.00554047
-531.01671715	0.00751899
-530.98338411	0.00926591
-530.95005106	0.01084596
-530.91671802	0.01242734
-530.88338497	0.01393312
-530.85005193	0.01524474
-530.81671888	0.01631016
-530.78338584	0.01704731
-530.75005279	0.01736151
-530.71671975	0.01712802
-530.68338670	0.01627046
-530.65005366	0.01462149
-530.61672061	0.01250796
-530.58338757	0.01027228
-530.55005452	0.00820830
-530.51672148	0.00677417
-530.48338843	0.00608213
-530.45005539	0.00617864
-530.41672234	0.00685488
-530.38338930	0.00792037
-530.35005625	0.00888883
-530.31672321	0.00953497
-530.28339016	0.00940326
-530.25005712	0.00836832
-530.21672407	0.00638027
-530.18339103	0.00356742
-530.15005798	0.00043343
-530.11672494	-0.00243264
-530.08339189	-0.00440353
-530.05005885	-0.00482724
-530.01672580	-0.00350896
-529.98339276	-0.00034400
-529.95005971	0.00424995
-529.91672667	0.00996891
-529.88339362	0.01610493
-529.85006058	0.02196603
-529.81672753	0.02696296
-529.78339449	0.03044261
-529.75006144	0.03193620
-529.71672840	0.03126489
-529.68339535	0.02851387
-529.65006231	0.02417921
-529.61672926	0.01891429
-529.58339622	0.01352020
-529.55006317	0.00856080
-529.51673013	0.00442790
-529.48339708	0.00131593
-529.45006404	-0.00086036
-529.41673099	-0.00227303
-529.38339795	-0.00298603
-529.35006490	-0.00316822
-529.31673186	-0.00289752
-529.28339881	-0.00225395
-529.25006577	-0.00121017
-529.21673273	0.00021110
-529.18339968	0.00197422
-529.15006664	0.00408068
-529.11673359	0.00663453
-529.08340055	0.00930231
-529.05006750	0.01205180
-529.01673446	0.01450586
-528.98340141	0.01635658
-528.95006837	0.01740523
-528.91673532	0.01756936
-528.88340228	0.01691090
-528.85006923	0.01562365
-528.81673619	0.01400918
-528.78340314	0.01226955
-528.75007010	0.01044391
-528.71673705	0.00861282
-528.68340401	0.00675646
-528.65007096	0.00475393
-528.61673792	0.00251932
-528.58340487	-0.00003965
-528.55007183	-0.00305495
-528.51673878	-0.00666616
-528.48340574	-0.01072585
-528.45007269	-0.01494089
-528.41673965	-0.01888508
-528.38340660	-0.02194069
-528.35007356	-0.02369010
-528.31674051	-0.02370194
-528.28340747	-0.02143873
-528.25007442	-0.01680223
-528.21674138	-0.00972159
-528.18340833	-0.00050039
-528.15007529	0.01034143
-528.11674224	0.02184837
-528.08340920	0.03283384
-528.05007615	0.04206217
-528.01674311	0.04848347
-527.98341006	0.05138618
-527.95007702	0.05061680
-527.91674397	0.04634916
-527.88341093	0.03928366
-527.85007788	0.03029169
-527.81674484	0.02018573
-527.78341179	0.00997828
-527.75007875	0.00044724
-527.71674570	-0.00757636
-527.68341266	-0.01355129
-527.65007961	-0.01711880
-527.61674657	-0.01813194
-527.58341352	-0.01694092
-527.55008048	-0.01407852
-527.51674743	-0.01021855
-527.48341439	-0.00593031
-527.45008134	-0.00166905
-527.41674830	0.00228212
-527.38341525	0.00571478
-527.35008221	0.00858106
-527.31674916	0.01094107
-527.28341612	0.01285957
-527.25008307	0.01436035
-527.21675003	0.01533896
-527.18341698	0.01594301
-527.15008394	0.01599410
-527.11675089	0.01534280
-527.08341785	0.01394048
-527.05008480	0.01185748
-527.01675176	0.00923144
-526.98341871	0.00628451
-526.95008567	0.00337327
-526.91675262	0.00081141
-526.88341958	-0.00131500
-526.85008653	-0.00277279
-526.81675349	-0.00367848
-526.78342044	-0.00388524
-526.75008740	-0.00361401
-526.71675436	-0.00295127
-526.68342131	-0.00202981
-526.65008827	-0.00106234
-526.61675522	-0.00019897
-526.58342218	0.00074315
-526.55008913	0.00178465
-526.51675609	0.00300059
-526.48342304	0.00448211
-526.45009000	0.00626692
-526.41675695	0.00834943
-526.38342391	0.01067795
-526.35009086	0.01321897
-526.31675782	0.01588155
-526.28342477	0.01842555
-526.25009173	0.02068203
-526.21675868	0.02222245
-526.18342564	0.02275303
-526.15009259	0.02193659
-526.11675955	0.01967458
-526.08342650	0.01604649
-526.05009346	0.01150662
-526.01676041	0.00648404
-525.98342737	0.00144953
-525.95009432	-0.00329137
-525.91676128	-0.00763886
-525.88342823	-0.01141905
-525.85009519	-0.01465971
-525.81676214	-0.01725691
-525.78342910	-0.01904969
-525.75009605	-0.01990458
-525.71676301	-0.01975108
-525.68342996	-0.01854050
-525.65009692	-0.01634210
-525.61676387	-0.01307570
-525.58343083	-0.00886328
-525.55009778	-0.00377018
-525.51676474	0.00188693
-525.48343169	0.00785981
-525.45009865	0.01349934
-525.41676560	0.01813359
-525.38343256	0.02110367
-525.35009951	0.02209667
-525.31676647	0.02112269
-525.28343342	0.01845192
-525.25010038	0.01459680
-525.21676733	0.01016448
-525.18343429	0.00551465
-525.15010124	0.00120758
-525.11676820	-0.00255774
-525.08343515	-0.00545736
-525.05010211	-0.00755101
-525.01676906	-0.00891995
-524.98343602	-0.00979646
-524.95010297	-0.01036744
-524.91676993	-0.01088140
-524.88343688	-0.01151114
-524.85010384	-0.01228077
-524.81677079	-0.01313939
-524.78343775	-0.01380402
-524.75010470	-0.01400844
-524.71677166	-0.01345032
-524.68343861	-0.01187849
-524.65010557	-0.00914217
-524.61677252	-0.00537267
-524.58343948	-0.00080571
-524.55010643	0.00427770
-524.51677339	0.00928419
-524.48344034	0.01363155
-524.45010730	0.01675504
-524.41677425	0.01829608
-524.38344121	0.01808755
-524.35010816	0.01630644
-524.31677512	0.01310524
-524.28344207	0.00887826
-524.25010903	0.00400678
-524.21677598	-0.00105143
-524.18344294	-0.00581953
-524.15010990	-0.00972351
-524.11677685	-0.01228976
-524.08344381	-0.01329664
-524.05011076	-0.01252319
-524.01677772	-0.01009216
-523.98344467	-0.00639863
-523.95011163	-0.00185474
-523.91677858	0.00297828
-523.88344554	0.00778055
-523.85011249	0.01210625
-523.81677945	0.01574655
-523.78344640	0.01843296
-523.75011336	0.01986888
-523.71678031	0.02004276
-523.68344727	0.01886929
-523.65011422	0.01652616
-523.61678118	0.01323278
-523.58344813	0.00932051
-523.55011509	0.00516755
-523.51678204	0.00112682
-523.48344900	-0.00252918
-523.45011595	-0.00555514
-523.41678291	-0.00789183
-523.38344986	-0.00943230
-523.35011682	-0.01012159
-523.31678377	-0.01003602
-523.28345073	-0.00926405
-523.25011768	-0.00794214
-523.21678464	-0.00630981
-523.18345159	-0.00452391
-523.15011855	-0.00276194
-523.11678550	-0.00122217
-523.08345246	-0.00000278
-523.05011941	0.00098841
-523.01678637	0.00181498
-522.98345332	0.00261370
-522.95012028	0.00343300
-522.91678723	0.00424231
-522.88345419	0.00500312
-522.85012114	0.00558600
-522.81678810	0.00593950
-522.78345505	0.00600296
-522.75012201	0.00580435
-522.71678896	0.00541447
-522.68345592	0.00489946
-522.65012287	0.00427180
-522.61678983	0.00363539
-522.58345678	0.00297146
-522.55012374	0.00234427
-522.51679069	0.00176744
-522.48345765	0.00130293
-522.45012460	0.00099204
-522.41679156	0.00076953
-522.38345851	0.00067518
-522.35012547	0.00058533
-522.31679242	0.00047324
-522.28345938	0.00031922
-522.25012633	0.00012698
-522.21679329	-0.00004607
-522.18346024	-0.00013431
-522.15012720	-0.00009563
-522.11679415	0.00006787
-522.08346111	0.00030268
-522.05012806	0.00056889
-522.01679502	0.00082073
-521.98346197	0.00104763
-521.95012893	0.00123773
-521.91679588	0.00140207
-521.88346284	0.00151157
-521.85012979	0.00157732
-521.81679675	0.00155307
-521.78346370	0.00142462
-521.75013066	0.00121804
-521.71679761	0.00095555
-521.68346457	0.00068461
-521.65013153	0.00045100
-521.61679848	0.00028901
-521.58346544	0.00020906
-521.55013239	0.00019537
-521.51679935	0.00021769
-521.48346630	0.00023894
-521.45013326	0.00024611
-521.41680021	0.00022230
-521.38346717	0.00017922
-521.35013412	0.00013451
-521.31680108	0.00010004
-521.28346803	0.00009123
-521.25013499	0.00011171
-521.21680194	0.00015555
-521.18346890	0.00020680
-521.15013585	0.00025795
-521.11680281	0.00029862
-521.08346976	0.00033159
-521.05013672	0.00035175
-521.01680367	0.00036128
-520.98347063	0.00035722
-520.95013758	0.00033832
-520.91680454	0.00030656
-520.88347149	0.00026183
-520.85013845	0.00021033
-520.81680540	0.00015805
-520.78347236	0.00010941
-520.75013931	0.00006884
-520.71680627	0.00003836
-520.68347322	0.00001746
-520.65014018	0.00000526
-520.61680713	-0.00000023
-520.58347409	-0.00000140
-520.55014104	-0.00000061
-520.51680800	0.00000000
