# Menlo Systems GmbH ScanControl
# Program Version 1.7.0+git.a90605a3
# Start: -624.80000000 ps, Average over 2000 waveforms. Timestamp: 2023-05-25T15:24:51
# Window type: Tukey, parameters: alpha = 0.1
# User time axis shift: 0 ps
# Time axis offset: 0 ps
# Time [ps]	THz Signal [a.u.]
-624.74927637	0.00000000
-624.71594333	0.00000003
-624.68261028	0.00000014
-624.64927724	0.00000028
-624.61594420	0.00000041
-624.58261115	0.00000077
-624.54927811	0.00000045
-624.51594506	0.00000071
-624.48261202	0.00000061
-624.44927897	0.00000063
-624.41594593	0.00000020
-624.38261288	-0.00000087
-624.34927984	-0.00000097
-624.31594679	-0.00000166
-624.28261375	-0.00000269
-624.24928070	-0.00000294
-624.21594766	-0.00000472
-624.18261461	-0.00000412
-624.14928157	-0.00000630
-624.11594852	-0.00000705
-624.08261548	-0.00000542
-624.04928243	-0.00000964
-624.01594939	-0.00000777
-623.98261634	-0.00000902
-623.94928330	-0.00000735
-623.91595025	-0.00000837
-623.88261721	-0.00000774
-623.84928416	-0.00000317
-623.81595112	-0.00000046
-623.78261807	0.00000078
-623.74928503	0.00000768
-623.71595198	0.00001154
-623.68261894	0.00001939
-623.64928589	0.00001530
-623.61595285	0.00002764
-623.58261980	0.00003332
-623.54928676	0.00004139
-623.51595371	0.00004996
-623.48262067	0.00006403
-623.44928762	0.00006772
-623.41595458	0.00008068
-623.38262153	0.00009399
-623.34928849	0.00010192
-623.31595544	0.00011186
-623.28262240	0.00012829
-623.24928935	0.00015238
-623.21595631	0.00016833
-623.18262326	0.00017402
-623.14929022	0.00019660
-623.11595717	0.00020686
-623.08262413	0.00022008
-623.04929108	0.00024908
-623.01595804	0.00024917
-622.98262499	0.00026204
-622.94929195	0.00026830
-622.91595890	0.00028429
-622.88262586	0.00027577
-622.84929281	0.00029092
-622.81595977	0.00030850
-622.78262672	0.00030514
-622.74929368	0.00027292
-622.71596063	0.00028289
-622.68262759	0.00025830
-622.64929454	0.00024780
-622.61596150	0.00021249
-622.58262845	0.00024024
-622.54929541	0.00016533
-622.51596236	0.00014453
-622.48262932	0.00010333
-622.44929627	0.00005491
-622.41596323	0.00001657
-622.38263018	-0.00000729
-622.34929714	-0.00005516
-622.31596410	-0.00011576
-622.28263105	-0.00014637
-622.24929801	-0.00017752
-622.21596496	-0.00022469
-622.18263192	-0.00028015
-622.14929887	-0.00027948
-622.11596583	-0.00028338
-622.08263278	-0.00032410
-622.04929974	-0.00039558
-622.01596669	-0.00039207
-621.98263365	-0.00040563
-621.94930060	-0.00043549
-621.91596756	-0.00043451
-621.88263451	-0.00045964
-621.84930147	-0.00044149
-621.81596842	-0.00044349
-621.78263538	-0.00049386
-621.74930233	-0.00052642
-621.71596929	-0.00049715
-621.68263624	-0.00048238
-621.64930320	-0.00049802
-621.61597015	-0.00048366
-621.58263711	-0.00048252
-621.54930406	-0.00044041
-621.51597102	-0.00045451
-621.48263797	-0.00044120
-621.44930493	-0.00043873
-621.41597188	-0.00038268
-621.38263884	-0.00030065
-621.34930579	-0.00031987
-621.31597275	-0.00026029
-621.28263970	-0.00021092
-621.24930666	-0.00022846
-621.21597361	-0.00018474
-621.18264057	-0.00015470
-621.14930752	-0.00011834
-621.11597448	-0.00009621
-621.08264143	-0.00001604
-621.04930839	-0.00003276
-621.01597534	-0.00004596
-620.98264230	-0.00001271
-620.94930925	0.00004976
-620.91597621	0.00002461
-620.88264316	-0.00000588
-620.84931012	0.00001497
-620.81597707	0.00004710
-620.78264403	0.00008813
-620.74931098	0.00002982
-620.71597794	0.00004432
-620.68264489	0.00010938
-620.64931185	0.00011260
-620.61597880	0.00006447
-620.58264576	0.00006762
-620.54931271	0.00006966
-620.51597967	0.00002760
-620.48264662	-0.00001168
-620.44931358	-0.00002199
-620.41598053	0.00004334
-620.38264749	-0.00002462
-620.34931444	-0.00005772
-620.31598140	-0.00007665
-620.28264835	-0.00009497
-620.24931531	-0.00017138
-620.21598226	-0.00016263
-620.18264922	-0.00015247
-620.14931617	-0.00022608
-620.11598313	-0.00020274
-620.08265008	-0.00023543
-620.04931704	-0.00029566
-620.01598399	-0.00031549
-619.98265095	-0.00036914
-619.94931791	-0.00039522
-619.91598486	-0.00038605
-619.88265182	-0.00043049
-619.84931877	-0.00051756
-619.81598573	-0.00048248
-619.78265268	-0.00057539
-619.74931964	-0.00058089
-619.71598659	-0.00061634
-619.68265355	-0.00061010
-619.64932050	-0.00065997
-619.61598746	-0.00061409
-619.58265441	-0.00068234
-619.54932137	-0.00066593
-619.51598832	-0.00069446
-619.48265528	-0.00065874
-619.44932223	-0.00060954
-619.41598919	-0.00056496
-619.38265614	-0.00055696
-619.34932310	-0.00053259
-619.31599005	-0.00049913
-619.28265701	-0.00041727
-619.24932396	-0.00041518
-619.21599092	-0.00033899
-619.18265787	-0.00027120
-619.14932483	-0.00019220
-619.11599178	-0.00012337
-619.08265874	0.00000715
-619.04932569	0.00003764
-619.01599265	0.00017112
-618.98265960	0.00030715
-618.94932656	0.00045883
-618.91599351	0.00052941
-618.88266047	0.00072523
-618.84932742	0.00086080
-618.81599438	0.00098245
-618.78266133	0.00116248
-618.74932829	0.00138777
-618.71599524	0.00160033
-618.68266220	0.00181892
-618.64932915	0.00212587
-618.61599611	0.00235452
-618.58266306	0.00274998
-618.54933002	0.00311731
-618.51599697	0.00351489
-618.48266393	0.00395471
-618.44933088	0.00435419
-618.41599784	0.00470879
-618.38266479	0.00522623
-618.34933175	0.00567592
-618.31599870	0.00603205
-618.28266566	0.00640774
-618.24933261	0.00659245
-618.21599957	0.00659114
-618.18266652	0.00631472
-618.14933348	0.00569589
-618.11600043	0.00457908
-618.08266739	0.00297541
-618.04933434	0.00057695
-618.01600130	-0.00262855
-617.98266825	-0.00669129
-617.94933521	-0.01158321
-617.91600216	-0.01736872
-617.88266912	-0.02354448
-617.84933607	-0.03009129
-617.81600303	-0.03653274
-617.78266998	-0.04220671
-617.74933694	-0.04676292
-617.71600389	-0.04950589
-617.68267085	-0.05009512
-617.64933781	-0.04833567
-617.61600476	-0.04414893
-617.58267172	-0.03790651
-617.54933867	-0.02997337
-617.51600563	-0.02080189
-617.48267258	-0.01094628
-617.44933954	-0.00069444
-617.41600649	0.00944554
-617.38267345	0.01906435
-617.34934040	0.02772343
-617.31600736	0.03482344
-617.28267431	0.03972806
-617.24934127	0.04213075
-617.21600822	0.04173345
-617.18267518	0.03881264
-617.14934213	0.03375178
-617.11600909	0.02723917
-617.08267604	0.02006409
-617.04934300	0.01264689
-617.01600995	0.00548407
-616.98267691	-0.00105570
-616.94934386	-0.00651459
-616.91601082	-0.01044631
-616.88267777	-0.01256096
-616.84934473	-0.01276184
-616.81601168	-0.01125444
-616.78267864	-0.00853255
-616.74934559	-0.00535052
-616.71601255	-0.00224875
-616.68267950	0.00036397
-616.64934646	0.00238025
-616.61601341	0.00372600
-616.58268037	0.00449317
-616.54934732	0.00464854
-616.51601428	0.00415519
-616.48268123	0.00315067
-616.44934819	0.00170568
-616.41601514	-0.00003586
-616.38268210	-0.00167044
-616.34934905	-0.00324940
-616.31601601	-0.00434719
-616.28268296	-0.00519213
-616.24934992	-0.00565231
-616.21601687	-0.00583484
-616.18268383	-0.00568411
-616.14935078	-0.00535724
-616.11601774	-0.00477451
-616.08268469	-0.00414196
-616.04935165	-0.00339577
-616.01601860	-0.00260049
-615.98268556	-0.00190067
-615.94935251	-0.00126184
-615.91601947	-0.00068972
-615.88268642	-0.00043811
-615.84935338	-0.00021647
-615.81602033	-0.00024235
-615.78268729	-0.00046717
-615.74935424	-0.00091124
-615.71602120	-0.00137958
-615.68268815	-0.00199130
-615.64935511	-0.00253588
-615.61602206	-0.00291840
-615.58268902	-0.00331856
-615.54935597	-0.00357661
-615.51602293	-0.00367610
-615.48268988	-0.00357174
-615.44935684	-0.00341080
-615.41602379	-0.00309098
-615.38269075	-0.00267353
-615.34935771	-0.00225387
-615.31602466	-0.00176646
-615.28269162	-0.00131008
-615.24935857	-0.00092416
-615.21602553	-0.00057848
-615.18269248	-0.00039935
-615.14935944	-0.00047967
-615.11602639	-0.00074188
-615.08269335	-0.00109699
-615.04936030	-0.00170500
-615.01602726	-0.00223638
-614.98269421	-0.00295508
-614.94936117	-0.00358074
-614.91602812	-0.00431131
-614.88269508	-0.00506840
-614.84936203	-0.00585497
-614.81602899	-0.00658797
-614.78269594	-0.00714841
-614.74936290	-0.00745220
-614.71602985	-0.00766088
-614.68269681	-0.00765592
-614.64936376	-0.00737750
-614.61603072	-0.00689326
-614.58269767	-0.00617972
-614.54936463	-0.00516953
-614.51603158	-0.00404248
-614.48269854	-0.00291253
-614.44936549	-0.00187970
-614.41603245	-0.00106488
-614.38269940	-0.00060004
-614.34936636	-0.00030731
-614.31603331	-0.00033835
-614.28270027	-0.00043798
-614.24936722	-0.00061049
-614.21603418	-0.00082321
-614.18270113	-0.00103454
-614.14936809	-0.00122837
-614.11603504	-0.00146062
-614.08270200	-0.00160427
-614.04936895	-0.00168900
-614.01603591	-0.00179585
-613.98270286	-0.00186062
-613.94936982	-0.00193222
-613.91603677	-0.00203787
-613.88270373	-0.00215291
-613.84937068	-0.00222774
-613.81603764	-0.00216018
-613.78270459	-0.00205614
-613.74937155	-0.00193222
-613.71603850	-0.00180457
-613.68270546	-0.00166554
-613.64937241	-0.00166324
-613.61603937	-0.00185876
-613.58270632	-0.00229282
-613.54937328	-0.00312665
-613.51604023	-0.00443565
-613.48270719	-0.00611561
-613.44937414	-0.00811439
-613.41604110	-0.01029701
-613.38270805	-0.01258653
-613.34937501	-0.01468088
-613.31604196	-0.01642814
-613.28270892	-0.01762847
-613.24937587	-0.01814823
-613.21604283	-0.01788760
-613.18270978	-0.01684409
-613.14937674	-0.01515424
-613.11604369	-0.01306122
-613.08271065	-0.01071247
-613.04937761	-0.00852700
-613.01604456	-0.00638059
-612.98271152	-0.00444326
-612.94937847	-0.00266092
-612.91604543	-0.00123047
-612.88271238	-0.00012050
-612.84937934	0.00058187
-612.81604629	0.00081801
-612.78271325	0.00066786
-612.74938020	0.00013749
-612.71604716	-0.00040637
-612.68271411	-0.00108666
-612.64938107	-0.00181670
-612.61604802	-0.00260610
-612.58271498	-0.00322708
-612.54938193	-0.00370684
-612.51604889	-0.00417890
-612.48271584	-0.00440805
-612.44938280	-0.00460523
-612.41604975	-0.00472728
-612.38271671	-0.00475144
-612.34938366	-0.00484831
-612.31605062	-0.00510840
-612.28271757	-0.00536786
-612.24938453	-0.00566043
-612.21605148	-0.00600035
-612.18271844	-0.00630620
-612.14938539	-0.00668408
-612.11605235	-0.00701892
-612.08271930	-0.00752292
-612.04938626	-0.00789686
-612.01605321	-0.00819802
-611.98272017	-0.00840215
-611.94938712	-0.00843871
-611.91605408	-0.00829671
-611.88272103	-0.00822853
-611.84938799	-0.00806409
-611.81605494	-0.00778207
-611.78272190	-0.00742754
-611.74938885	-0.00706461
-611.71605581	-0.00661004
-611.68272276	-0.00619559
-611.64938972	-0.00590124
-611.61605667	-0.00573088
-611.58272363	-0.00565876
-611.54939058	-0.00571354
-611.51605754	-0.00585232
-611.48272449	-0.00592479
-611.44939145	-0.00592625
-611.41605840	-0.00592796
-611.38272536	-0.00588145
-611.34939231	-0.00589187
-611.31605927	-0.00586044
-611.28272622	-0.00602292
-611.24939318	-0.00598844
-611.21606013	-0.00590314
-611.18272709	-0.00561653
-611.14939404	-0.00534277
-611.11606100	-0.00519712
-611.08272795	-0.00507698
-611.04939491	-0.00506884
-611.01606186	-0.00511733
-610.98272882	-0.00519726
-610.94939577	-0.00523053
-610.91606273	-0.00528190
-610.88272968	-0.00537947
-610.84939664	-0.00552315
-610.81606359	-0.00569662
-610.78273055	-0.00594531
-610.74939750	-0.00600624
-610.71606446	-0.00606580
-610.68273142	-0.00597110
-610.64939837	-0.00582352
-610.61606533	-0.00553044
-610.58273228	-0.00532485
-610.54939924	-0.00524374
-610.51606619	-0.00519966
-610.48273315	-0.00536436
-610.44940010	-0.00549084
-610.41606706	-0.00578934
-610.38273401	-0.00598233
-610.34940097	-0.00629131
-610.31606792	-0.00652911
-610.28273488	-0.00684368
-610.24940183	-0.00717766
-610.21606879	-0.00739745
-610.18273574	-0.00752860
-610.14940270	-0.00766336
-610.11606965	-0.00765549
-610.08273661	-0.00761367
-610.04940356	-0.00754646
-610.01607052	-0.00747282
-609.98273747	-0.00729223
-609.94940443	-0.00720211
-609.91607138	-0.00700092
-609.88273834	-0.00674016
-609.84940529	-0.00649676
-609.81607225	-0.00622469
-609.78273920	-0.00615470
-609.74940616	-0.00616622
-609.71607311	-0.00636075
-609.68274007	-0.00662399
-609.64940702	-0.00695259
-609.61607398	-0.00733596
-609.58274093	-0.00775757
-609.54940789	-0.00811865
-609.51607484	-0.00850261
-609.48274180	-0.00895633
-609.44940875	-0.00945927
-609.41607571	-0.00981843
-609.38274266	-0.01010544
-609.34940962	-0.01031248
-609.31607657	-0.01038205
-609.28274353	-0.01029509
-609.24941048	-0.01007075
-609.21607744	-0.00964359
-609.18274439	-0.00900706
-609.14941135	-0.00829516
-609.11607830	-0.00745418
-609.08274526	-0.00657469
-609.04941221	-0.00586925
-609.01607917	-0.00546244
-608.98274612	-0.00540001
-608.94941308	-0.00586137
-608.91608003	-0.00707493
-608.88274699	-0.00919125
-608.84941394	-0.01235307
-608.81608090	-0.01666474
-608.78274785	-0.02201676
-608.74941481	-0.02831339
-608.71608176	-0.03503640
-608.68274872	-0.04156378
-608.64941567	-0.04702258
-608.61608263	-0.05049846
-608.58274958	-0.05124313
-608.54941654	-0.04860684
-608.51608349	-0.04249380
-608.48275045	-0.03321695
-608.44941740	-0.02162916
-608.41608436	-0.00862184
-608.38275132	0.00415526
-608.34941827	0.01569805
-608.31608523	0.02482395
-608.28275218	0.03097562
-608.24941914	0.03387767
-608.21608609	0.03387715
-608.18275305	0.03140056
-608.14942000	0.02689067
-608.11608696	0.02123850
-608.08275391	0.01499520
-608.04942087	0.00877437
-608.01608782	0.00322041
-607.98275478	-0.00141166
-607.94942173	-0.00453454
-607.91608869	-0.00643903
-607.88275564	-0.00720273
-607.84942260	-0.00703543
-607.81608955	-0.00638979
-607.78275651	-0.00520433
-607.74942346	-0.00372218
-607.71609042	-0.00196383
-607.68275737	0.00005933
-607.64942433	0.00219759
-607.61609128	0.00434952
-607.58275824	0.00617459
-607.54942519	0.00775875
-607.51609215	0.00904188
-607.48275910	0.00997599
-607.44942606	0.01075200
-607.41609301	0.01147635
-607.38275997	0.01209037
-607.34942692	0.01257984
-607.31609388	0.01316245
-607.28276083	0.01379102
-607.24942779	0.01457375
-607.21609474	0.01559273
-607.18276170	0.01696722
-607.14942865	0.01873494
-607.11609561	0.02096125
-607.08276256	0.02367403
-607.04942952	0.02671901
-607.01609647	0.03017340
-606.98276343	0.03405848
-606.94943038	0.03814665
-606.91609734	0.04243812
-606.88276429	0.04680963
-606.84943125	0.05125979
-606.81609820	0.05571450
-606.78276516	0.06016878
-606.74943211	0.06464665
-606.71609907	0.06928447
-606.68276602	0.07407098
-606.64943298	0.07924780
-606.61609993	0.08467881
-606.58276689	0.09067780
-606.54943384	0.09739655
-606.51610080	0.10494178
-606.48276775	0.11337427
-606.44943471	0.12273614
-606.41610166	0.13315796
-606.38276862	0.14461615
-606.34943557	0.15709302
-606.31610253	0.17062193
-606.28276948	0.18523854
-606.24943644	0.20097739
-606.21610339	0.21808515
-606.18277035	0.23681327
-606.14943730	0.25728640
-606.11610426	0.27969632
-606.08277122	0.30411780
-606.04943817	0.33047671
-606.01610513	0.35894691
-605.98277208	0.38911649
-605.94943904	0.42103649
-605.91610599	0.45416118
-605.88277295	0.48786233
-605.84943990	0.52136867
-605.81610686	0.55315485
-605.78277381	0.58098491
-605.74944077	0.60137349
-605.71610772	0.60936836
-605.68277468	0.59760251
-605.64944163	0.55590525
-605.61610859	0.47057418
-605.58277554	0.32377171
-605.54944250	0.09404850
-605.51610945	-0.24158844
-605.48277641	-0.70444278
-605.44944336	-1.30983565
-605.41611032	-2.06110572
-605.38277727	-2.94461807
-605.34944423	-3.92926910
-605.31611118	-4.97190176
-605.28277814	-6.01560191
-605.24944509	-6.97674938
-605.21611205	-7.73186996
-605.18277900	-8.13346433
-605.14944596	-8.05560259
-605.11611291	-7.43999469
-605.08277987	-6.31679739
-605.04944682	-4.79559264
-605.01611378	-3.04180336
-604.98278073	-1.24039376
-604.94944769	0.44369958
-604.91611464	1.89603482
-604.88278160	3.06081265
-604.84944855	3.92267075
-604.81611551	4.48185913
-604.78278246	4.74574574
-604.74944942	4.73378529
-604.71611637	4.48265640
-604.68278333	4.04660453
-604.64945028	3.49322962
-604.61611724	2.89405320
-604.58278419	2.31173746
-604.54945115	1.78744320
-604.51611810	1.33691394
-604.48278506	0.95739514
-604.44945201	0.63844508
-604.41611897	0.37205178
-604.38278592	0.15792347
-604.34945288	0.00160489
-604.31611983	-0.09283953
-604.28278679	-0.12962729
-604.24945374	-0.12277942
-604.21612070	-0.09200661
-604.18278765	-0.05517579
-604.14945461	-0.02343283
-604.11612156	-0.00092525
-604.08278852	0.01149642
-604.04945547	0.01300074
-604.01612243	0.00139026
-603.98278938	-0.02516735
-603.94945634	-0.06646181
-603.91612329	-0.11899416
-603.88279025	-0.17744839
-603.84945720	-0.23560580
-603.81612416	-0.28730518
-603.78279112	-0.32562866
-603.74945807	-0.34344869
-603.71612503	-0.33491171
-603.68279198	-0.29733653
-603.64945894	-0.23251888
-603.61612589	-0.14651838
-603.58279285	-0.04765327
-603.54945980	0.05472903
-603.51612676	0.15100603
-603.48279371	0.23263446
-603.44946067	0.29252955
-603.41612762	0.32697768
-603.38279458	0.33515674
-603.34946153	0.31891099
-603.31612849	0.28053513
-603.28279544	0.22272484
-603.24946240	0.15000507
-603.21612935	0.06955658
-603.18279631	-0.00849093
-603.14946326	-0.07426437
-603.11613022	-0.12039395
-603.08279717	-0.14363757
-603.04946413	-0.14411128
-603.01613108	-0.12414098
-602.98279804	-0.08763441
-602.94946499	-0.04078999
-602.91613195	0.00868212
-602.88279890	0.05294801
-602.84946586	0.08698040
-602.81613281	0.10960324
-602.78279977	0.12224588
-602.74946672	0.12669218
-602.71613368	0.12392077
-602.68280063	0.11491018
-602.64946759	0.10070095
-602.61613454	0.08283860
-602.58280150	0.06276991
-602.54946845	0.04178451
-602.51613541	0.02138839
-602.48280236	0.00329465
-602.44946932	-0.01094481
-602.41613627	-0.02157091
-602.38280323	-0.02973380
-602.34947018	-0.03635471
-602.31613714	-0.04085440
-602.28280409	-0.04155219
-602.24947105	-0.03813473
-602.21613800	-0.03358577
-602.18280496	-0.03343807
-602.14947191	-0.04284670
-602.11613887	-0.06398636
-602.08280582	-0.09433649
-602.04947278	-0.12890149
-602.01613973	-0.16182035
-601.98280669	-0.18790366
-601.94947364	-0.20372709
-601.91614060	-0.20766526
-601.88280755	-0.19952538
-601.84947451	-0.17955453
-601.81614146	-0.14821444
-601.78280842	-0.10624043
-601.74947537	-0.05546248
-601.71614233	0.00061087
-601.68280928	0.05705751
-601.64947624	0.10849327
-601.61614319	0.14959551
-601.58281015	0.17613570
-601.54947710	0.18497931
-601.51614406	0.17423614
-601.48281101	0.14399633
-601.44947797	0.09644546
-601.41614493	0.03631694
-601.38281188	-0.02998020
-601.34947884	-0.09460566
-601.31614579	-0.15035867
-601.28281275	-0.19142301
-601.24947970	-0.21385247
-601.21614666	-0.21559267
-601.18281361	-0.19616937
-601.14948057	-0.15713669
-601.11614752	-0.10306747
-601.08281448	-0.04181989
-601.04948143	0.01685618
-601.01614839	0.06411667
-600.98281534	0.09397045
-600.94948230	0.10476647
-600.91614925	0.09815436
-600.88281621	0.07744476
-600.84948316	0.04664179
-600.81615012	0.00981480
-600.78281707	-0.02872893
-600.74948403	-0.06479735
-600.71615098	-0.09406425
-600.68281794	-0.11330986
-600.64948489	-0.12073641
-600.61615185	-0.11685258
-600.58281880	-0.10479475
-600.54948576	-0.08843178
-600.51615271	-0.07111094
-600.48281967	-0.05479264
-600.44948662	-0.03976484
-600.41615358	-0.02615064
-600.38282053	-0.01431280
-600.34948749	-0.00449396
-600.31615444	0.00313584
-600.28282140	0.00911697
-600.24948835	0.01378218
-600.21615531	0.01638554
-600.18282226	0.01537887
-600.14948922	0.00906443
-600.11615617	-0.00279491
-600.08282313	-0.01792177
-600.04949008	-0.03170232
-600.01615704	-0.03842286
-599.98282399	-0.03404696
-599.94949095	-0.01761235
-599.91615790	0.00788241
-599.88282486	0.03647611
-599.84949181	0.06117425
-599.81615877	0.07624820
-599.78282572	0.07905463
-599.74949268	0.07011779
-599.71615963	0.05218555
-599.68282659	0.02846501
-599.64949354	0.00207005
-599.61616050	-0.02399157
-599.58282745	-0.04673205
-599.54949441	-0.06329293
-599.51616136	-0.07134651
-599.48282832	-0.07023961
-599.44949527	-0.06058485
-599.41616223	-0.04471045
-599.38282918	-0.02557719
-599.34949614	-0.00644296
-599.31616309	0.01026455
-599.28283005	0.02387802
-599.24949700	0.03486162
-599.21616396	0.04387557
-599.18283091	0.05046142
-599.14949787	0.05258838
-599.11616483	0.04784803
-599.08283178	0.03476693
-599.04949874	0.01478154
-599.01616569	-0.00774944
-598.98283265	-0.02656798
-598.94949960	-0.03576155
-598.91616656	-0.03266283
-598.88283351	-0.01894613
-598.84950047	0.00045943
-598.81616742	0.01978530
-598.78283438	0.03516307
-598.74950133	0.04522879
-598.71616829	0.05026516
-598.68283524	0.05074059
-598.64950220	0.04648416
-598.61616915	0.03667897
-598.58283611	0.02086665
-598.54950306	0.00031735
-598.51617002	-0.02164242
-598.48283697	-0.04063548
-598.44950393	-0.05205063
-598.41617088	-0.05349224
-598.38283784	-0.04544742
-598.34950479	-0.03164771
-598.31617175	-0.01668211
-598.28283870	-0.00401032
-598.24950566	0.00501539
-598.21617261	0.01211427
-598.18283957	0.02016457
-598.14950652	0.03155255
-598.11617348	0.04725254
-598.08284043	0.06538575
-598.04950739	0.08277336
-598.01617434	0.09571950
-597.98284130	0.10113797
-597.94950825	0.09775582
-597.91617521	0.08527211
-597.88284216	0.06486381
-597.84950912	0.03861648
-597.81617607	0.00965010
-597.78284303	-0.01794683
-597.74950998	-0.04048852
-597.71617694	-0.05481973
-597.68284389	-0.05920889
-597.64951085	-0.05323986
-597.61617780	-0.03787883
-597.58284476	-0.01581911
-597.54951171	0.00879294
-597.51617867	0.03162489
-597.48284562	0.04967372
-597.44951258	0.06239219
-597.41617953	0.07157620
-597.38284649	0.07981236
-597.34951344	0.08873918
-597.31618040	0.09840800
-597.28284735	0.10680249
-597.24951431	0.11087114
-597.21618126	0.10749574
-597.18284822	0.09540799
-597.14951517	0.07526465
-597.11618213	0.04970313
-597.08284908	0.02171684
-597.04951604	-0.00658174
-597.01618299	-0.03556346
-596.98284995	-0.06712652
-596.94951690	-0.10371508
-596.91618386	-0.14720512
-596.88285081	-0.19809928
-596.84951777	-0.25506503
-596.81618473	-0.31487225
-596.78285168	-0.37186473
-596.74951864	-0.41718541
-596.71618559	-0.44054596
-596.68285255	-0.43254115
-596.64951950	-0.38877532
-596.61618646	-0.31188133
-596.58285341	-0.21139594
-596.54952037	-0.10058628
-596.51618732	0.00848888
-596.48285428	0.10717416
-596.44952123	0.19037381
-596.41618819	0.25459393
-596.38285514	0.29771708
-596.34952210	0.31833187
-596.31618905	0.31672385
-596.28285601	0.29497081
-596.24952296	0.25682241
-596.21618992	0.20739945
-596.18285687	0.15259017
-596.14952383	0.09860327
-596.11619078	0.05106778
-596.08285774	0.01403773
-596.04952469	-0.01073238
-596.01619165	-0.02383592
-595.98285860	-0.02766796
-595.94952556	-0.02518524
-595.91619251	-0.01886272
-595.88285947	-0.01055046
-595.84952642	-0.00151650
-595.81619338	0.00702568
-595.78286033	0.01328106
-595.74952729	0.01556957
-595.71619424	0.01240980
-595.68286120	0.00398042
-595.64952815	-0.00805003
-595.61619511	-0.02086534
-595.58286206	-0.03174796
-595.54952902	-0.03916087
-595.51619597	-0.04281811
-595.48286293	-0.04321489
-595.44952988	-0.04156170
-595.41619684	-0.03896989
-595.38286379	-0.03634205
-595.34953075	-0.03397432
-595.31619770	-0.03165780
-595.28286466	-0.02839748
-595.24953161	-0.02261368
-595.21619857	-0.01297199
-595.18286552	0.00117809
-595.14953248	0.01934123
-595.11619943	0.03935765
-595.08286639	0.05768834
-595.04953334	0.07043716
-595.01620030	0.07461810
-594.98286725	0.06900699
-594.94953421	0.05442385
-594.91620116	0.03306374
-594.88286812	0.00817398
-594.84953507	-0.01672125
-594.81620203	-0.03830281
-594.78286898	-0.05370627
-594.74953594	-0.06106227
-594.71620289	-0.05941901
-594.68286985	-0.04903454
-594.64953680	-0.03147905
-594.61620376	-0.00952364
-594.58287071	0.01338274
-594.54953767	0.03431955
-594.51620463	0.05139590
-594.48287158	0.06430078
-594.44953854	0.07313493
-594.41620549	0.07844816
-594.38287245	0.08031570
-594.34953940	0.07916103
-594.31620636	0.07502135
-594.28287331	0.06833649
-594.24954027	0.05954432
-594.21620722	0.04941568
-594.18287418	0.03857398
-594.14954113	0.02763423
-594.11620809	0.01717330
-594.08287504	0.00747877
-594.04954200	-0.00113888
-594.01620895	-0.00853573
-593.98287591	-0.01422128
-593.94954286	-0.01771095
-593.91620982	-0.01829299
-593.88287677	-0.01546975
-593.84954373	-0.00990196
-593.81621068	-0.00373004
-593.78287764	0.00017567
-593.74954459	-0.00072596
-593.71621155	-0.00721437
-593.68287850	-0.01834753
-593.64954546	-0.03180091
-593.61621241	-0.04537182
-593.58287937	-0.05696827
-593.54954632	-0.06504981
-593.51621328	-0.06772604
-593.48288023	-0.06355208
-593.44954719	-0.05171212
-593.41621414	-0.03274392
-593.38288110	-0.00867689
-593.34954805	0.01755987
-593.31621501	0.04318363
-593.28288196	0.06599282
-593.24954892	0.08506113
-593.21621587	0.10041980
-593.18288283	0.11189299
-593.14954978	0.11887122
-593.11621674	0.11986819
-593.08288369	0.11295570
-593.04955065	0.09677119
-593.01621760	0.07142549
-592.98288456	0.03862571
-592.94955151	0.00180654
-592.91621847	-0.03529903
-592.88288542	-0.06910916
-592.84955238	-0.09681030
-592.81621933	-0.11620204
-592.78288629	-0.12554713
-592.74955324	-0.12309455
-592.71622020	-0.10806681
-592.68288715	-0.08128737
-592.64955411	-0.04572852
-592.61622106	-0.00621552
-592.58288802	0.03159052
-592.54955497	0.06308855
-592.51622193	0.08604396
-592.48288888	0.10027414
-592.44955584	0.10735299
-592.41622279	0.10911218
-592.38288975	0.10652390
-592.34955670	0.09951308
-592.31622366	0.08708153
-592.28289061	0.06841641
-592.24955757	0.04350991
-592.21622452	0.01368539
-592.18289148	-0.01786564
-592.14955844	-0.04701690
-592.11622539	-0.06986383
-592.08289235	-0.08344532
-592.04955930	-0.08699763
-592.01622626	-0.08171333
-591.98289321	-0.06963387
-591.94956017	-0.05328246
-591.91622712	-0.03493241
-591.88289408	-0.01666322
-591.84956103	-0.00082543
-591.81622799	0.01037997
-591.78289494	0.01526315
-591.74956190	0.01330643
-591.71622885	0.00555585
-591.68289581	-0.00500745
-591.64956276	-0.01486248
-591.61622972	-0.02042454
-591.58289667	-0.01943493
-591.54956363	-0.01133524
-591.51623058	0.00246803
-591.48289754	0.01942298
-591.44956449	0.03642656
-591.41623145	0.05104064
-591.38289840	0.06159289
-591.34956536	0.06738206
-591.31623231	0.06796286
-591.28289927	0.06285771
-591.24956622	0.05154566
-591.21623318	0.03389873
-591.18290013	0.01078787
-591.14956709	-0.01565265
-591.11623404	-0.04260179
-591.08290100	-0.06664903
-591.04956795	-0.08489306
-591.01623491	-0.09498553
-590.98290186	-0.09563308
-590.94956882	-0.08680152
-590.91623577	-0.06895497
-590.88290273	-0.04328202
-590.84956968	-0.01099968
-590.81623664	0.02602543
-590.78290359	0.06505623
-590.74957055	0.10163069
-590.71623750	0.13032174
-590.68290446	0.14637526
-590.64957141	0.14687678
-590.61623837	0.13215668
-590.58290532	0.10595752
-590.54957228	0.07341309
-590.51623923	0.03945545
-590.48290619	0.00724832
-590.44957314	-0.02177078
-590.41624010	-0.04647945
-590.38290705	-0.06561847
-590.34957401	-0.07755543
-590.31624096	-0.08108222
-590.28290792	-0.07596597
-590.24957487	-0.06409663
-590.21624183	-0.04850542
-590.18290878	-0.03320386
-590.14957574	-0.02152255
-590.11624269	-0.01593620
-590.08290965	-0.01721126
-590.04957660	-0.02458865
-590.01624356	-0.03627176
-589.98291051	-0.04975473
-589.94957747	-0.06215988
-589.91624442	-0.07064863
-589.88291138	-0.07260081
-589.84957834	-0.06586026
-589.81624529	-0.04924731
-589.78291225	-0.02277085
-589.74957920	0.01179372
-589.71624616	0.05125334
-589.68291311	0.09083609
-589.64958007	0.12512041
-589.61624702	0.14854914
-589.58291398	0.15713819
-589.54958093	0.14909133
-589.51624789	0.12552024
-589.48291484	0.09021531
-589.44958180	0.04795815
-589.41624875	0.00353962
-589.38291571	-0.03915476
-589.34958266	-0.07807205
-589.31624962	-0.11178047
-589.28291657	-0.13871495
-589.24958353	-0.15666793
-589.21625048	-0.16263440
-589.18291744	-0.15400458
-589.14958439	-0.12899304
-589.11625135	-0.08805194
-589.08291830	-0.03427373
-589.04958526	0.02705060
-589.01625221	0.08913362
-588.98291917	0.14444534
-588.94958612	0.18622908
-588.91625308	0.20984984
-588.88292003	0.21280667
-588.84958699	0.19524849
-588.81625394	0.15927725
-588.78292090	0.10914624
-588.74958785	0.05056685
-588.71625481	-0.00952544
-588.68292176	-0.06393250
-588.64958872	-0.10649794
-588.61625567	-0.13344238
-588.58292263	-0.14399741
-588.54958958	-0.14070944
-588.51625654	-0.12772458
-588.48292349	-0.10978298
-588.44959045	-0.09022969
-588.41625740	-0.07109565
-588.38292436	-0.05292117
-588.34959131	-0.03613973
-588.31625827	-0.02084254
-588.28292522	-0.00759985
-588.24959218	0.00339486
-588.21625913	0.01225420
-588.18292609	0.01962817
-588.14959304	0.02641910
-588.11626000	0.03307541
-588.08292695	0.03985588
-588.04959391	0.04621170
-588.01626086	0.05176415
-587.98292782	0.05601259
-587.94959477	0.05873030
-587.91626173	0.05996840
-587.88292868	0.05961670
-587.84959564	0.05761429
-587.81626259	0.05364124
-587.78292955	0.04751917
-587.74959650	0.03902312
-587.71626346	0.02808680
-587.68293041	0.01475698
-587.64959737	-0.00076462
-587.61626432	-0.01848148
-587.58293128	-0.03782686
-587.54959824	-0.05781663
-587.51626519	-0.07659904
-587.48293215	-0.09155720
-587.44959910	-0.10005990
-587.41626606	-0.09979773
-587.38293301	-0.08975794
-587.34959997	-0.07037182
-587.31626692	-0.04324509
-587.28293388	-0.01097337
-587.24960083	0.02345606
-587.21626779	0.05725434
-587.18293474	0.08772665
-587.14960170	0.11240898
-587.11626865	0.12856383
-587.08293561	0.13397928
-587.04960256	0.12737608
-587.01626952	0.10920434
-586.98293647	0.08166825
-586.94960343	0.04840917
-586.91627038	0.01331892
-586.88293734	-0.02008210
-586.84960429	-0.04902135
-586.81627125	-0.07092027
-586.78293820	-0.08406096
-586.74960516	-0.08739689
-586.71627211	-0.08066811
-586.68293907	-0.06537419
-586.64960602	-0.04425519
-586.61627298	-0.02109919
-586.58293993	-0.00001324
-586.54960689	0.01564073
-586.51627384	0.02397531
-586.48294080	0.02490857
-586.44960775	0.01981368
-586.41627471	0.01162193
-586.38294166	0.00310419
-586.34960862	-0.00352323
-586.31627557	-0.00722232
-586.28294253	-0.00768982
-586.24960948	-0.00493655
-586.21627644	0.00083784
-586.18294339	0.00998636
-586.14961035	0.02208709
-586.11627730	0.03674127
-586.08294426	0.05252189
-586.04961121	0.06708371
-586.01627817	0.07748414
-585.98294512	0.08051135
-585.94961208	0.07381613
-585.91627903	0.05719970
-585.88294599	0.03273226
-585.84961294	0.00370444
-585.81627990	-0.02599023
-585.78294685	-0.05356307
-585.74961381	-0.07739513
-585.71628076	-0.09629505
-585.68294772	-0.10881351
-585.64961467	-0.11284758
-585.61628163	-0.10589978
-585.58294858	-0.08648080
-585.54961554	-0.05447589
-585.51628249	-0.01196947
-585.48294945	0.03678945
-585.44961640	0.08587357
-585.41628336	0.12918799
-585.38295031	0.16097879
-585.34961727	0.17716581
-585.31628422	0.17597868
-585.28295118	0.15814469
-585.24961814	0.12598602
-585.21628509	0.08318615
-585.18295205	0.03415464
-585.14961900	-0.01623476
-585.11628596	-0.06246395
-585.08295291	-0.09945767
-585.04961987	-0.12316298
-585.01628682	-0.13143290
-584.98295378	-0.12468972
-584.94962073	-0.10554979
-584.91628769	-0.07792833
-584.88295464	-0.04600233
-584.84962160	-0.01382945
-584.81628855	0.01505830
-584.78295551	0.03808609
-584.74962246	0.05349984
-584.71628942	0.06006081
-584.68295637	0.05729919
-584.64962333	0.04597462
-584.61629028	0.02763504
-584.58295724	0.00548821
-584.54962419	-0.01619163
-584.51629115	-0.03323409
-584.48295810	-0.04249454
-584.44962506	-0.04320852
-584.41629201	-0.03645240
-584.38295897	-0.02474111
-584.34962592	-0.01089425
-584.31629288	0.00242940
-584.28295983	0.01337416
-584.24962679	0.02090968
-584.21629374	0.02455499
-584.18296070	0.02460273
-584.14962765	0.02191338
-584.11629461	0.01754136
-584.08296156	0.01265450
-584.04962852	0.00802408
-584.01629547	0.00402262
-583.98296243	0.00103049
-583.94962938	-0.00121345
-583.91629634	-0.00272183
-583.88296329	-0.00357008
-583.84963025	-0.00337598
-583.81629720	-0.00190628
-583.78296416	0.00175870
-583.74963111	0.00790661
-583.71629807	0.01648581
-583.68296502	0.02691941
-583.64963198	0.03800498
-583.61629893	0.04755225
-583.58296589	0.05321144
-583.54963284	0.05240156
-583.51629980	0.04368539
-583.48296675	0.02757317
-583.44963371	0.00649863
-583.41630066	-0.01559154
-583.38296762	-0.03465417
-583.34963457	-0.04789670
-583.31630153	-0.05435947
-583.28296848	-0.05453388
-583.24963544	-0.04983505
-583.21630239	-0.04152358
-583.18296935	-0.03032040
-583.14963630	-0.01717180
-583.11630326	-0.00308928
-583.08297021	0.01038564
-583.04963717	0.02166164
-583.01630412	0.02910914
-582.98297108	0.03165671
-582.94963803	0.02902141
-582.91630499	0.02186784
-582.88297195	0.01137107
-582.84963890	-0.00073272
-582.81630586	-0.01285526
-582.78297281	-0.02319772
-582.74963977	-0.03021612
-582.71630672	-0.03239022
-582.68297368	-0.02909828
-582.64964063	-0.02062337
-582.61630759	-0.00831068
-582.58297454	0.00576824
-582.54964150	0.01944299
-582.51630845	0.03076836
-582.48297541	0.03829408
-582.44964236	0.04126691
-582.41630932	0.03948609
-582.38297627	0.03345897
-582.34964323	0.02441843
-582.31631018	0.01363986
-582.28297714	0.00244149
-582.24964409	-0.00810716
-582.21631105	-0.01748805
-582.18297800	-0.02483215
-582.14964496	-0.02959416
-582.11631191	-0.03085455
-582.08297887	-0.02790044
-582.04964582	-0.02067309
-582.01631278	-0.01004958
-581.98297973	0.00323427
-581.94964669	0.01788901
-581.91631364	0.03327113
-581.88298060	0.04850313
-581.84964755	0.06232420
-581.81631451	0.07275690
-581.78298146	0.07766423
-581.74964842	0.07538774
-581.71631537	0.06542400
-581.68298233	0.04837063
-581.64964928	0.02574868
-581.61631624	-0.00003669
-581.58298319	-0.02615346
-581.54965015	-0.04982781
-581.51631710	-0.06787684
-581.48298406	-0.07740942
-581.44965101	-0.07633137
-581.41631797	-0.06412975
-581.38298492	-0.04198690
-581.34965188	-0.01329608
-581.31631883	0.01709079
-581.28298579	0.04434727
-581.24965274	0.06450374
-581.21631970	0.07517463
-581.18298665	0.07602314
-581.14965361	0.06830175
-581.11632056	0.05414984
-581.08298752	0.03570609
-581.04965447	0.01520728
-581.01632143	-0.00535182
-580.98298838	-0.02451247
-580.94965534	-0.04073507
-580.91632229	-0.05315721
-580.88298925	-0.06125098
-580.84965620	-0.06469159
-580.81632316	-0.06310340
-580.78299011	-0.05616117
-580.74965707	-0.04377168
-580.71632402	-0.02692150
-580.68299098	-0.00752950
-580.64965793	0.01173734
-580.61632489	0.02813597
-580.58299185	0.03939197
-580.54965880	0.04430474
-580.51632576	0.04253668
-580.48299271	0.03517779
-580.44965967	0.02456658
-580.41632662	0.01353271
-580.38299358	0.00478093
-580.34966053	0.00048134
-580.31632749	0.00113176
-580.28299444	0.00618767
-580.24966140	0.01418969
-580.21632835	0.02330668
-580.18299531	0.03179388
-580.14966226	0.03841181
-580.11632922	0.04207050
-580.08299617	0.04202692
-580.04966313	0.03763908
-580.01633008	0.02857813
-579.98299704	0.01511094
-579.94966399	-0.00172295
-579.91633095	-0.01993516
-579.88299790	-0.03664209
-579.84966486	-0.04817536
-579.81633181	-0.05187333
-579.78299877	-0.04607090
-579.74966572	-0.03124892
-579.71633268	-0.00981979
-579.68299963	0.01433255
-579.64966659	0.03724557
-579.61633354	0.05576371
-579.58300050	0.06742641
-579.54966745	0.07094595
-579.51633441	0.06618359
-579.48300136	0.05408737
-579.44966832	0.03624917
-579.41633527	0.01515212
-579.38300223	-0.00666654
-579.34966918	-0.02691665
-579.31633614	-0.04362715
-579.28300309	-0.05537165
-579.24967005	-0.06146431
-579.21633700	-0.06200285
-579.18300396	-0.05790216
-579.14967091	-0.05040476
-579.11633787	-0.04057657
-579.08300482	-0.02905097
-579.04967178	-0.01611218
-579.01633873	-0.00209221
-578.98300569	0.01250670
-578.94967264	0.02698036
-578.91633960	0.04028234
-578.88300655	0.05134870
-578.84967351	0.05922381
-578.81634046	0.06309603
-578.78300742	0.06278888
-578.74967437	0.05855603
-578.71634133	0.05113760
-578.68300828	0.04165482
-578.64967524	0.03134835
-578.61634219	0.02155660
-578.58300915	0.01338630
-578.54967610	0.00804557
-578.51634306	0.00641758
-578.48301001	0.00880455
-578.44967697	0.01442060
-578.41634392	0.02151357
-578.38301088	0.02790190
-578.34967783	0.03150968
-578.31634479	0.03102765
-578.28301175	0.02634405
-578.24967870	0.01777492
-578.21634566	0.00597956
-578.18301261	-0.00790386
-578.14967957	-0.02212380
-578.11634652	-0.03471293
-578.08301348	-0.04333921
-578.04968043	-0.04643113
-578.01634739	-0.04329737
-577.98301434	-0.03437134
-577.94968130	-0.02069287
-577.91634825	-0.00380516
-577.88301521	0.01429694
-577.84968216	0.03171701
-577.81634912	0.04643898
-577.78301607	0.05721539
-577.74968303	0.06284232
-577.71634998	0.06336999
-577.68301694	0.05908521
-577.64968389	0.05096258
-577.61635085	0.04030554
-577.58301780	0.02847554
-577.54968476	0.01603586
-577.51635171	0.00362230
-577.48301867	-0.00875928
-577.44968562	-0.02094779
-577.41635258	-0.03215282
-577.38301953	-0.04136736
-577.34968649	-0.04778398
-577.31635344	-0.05100656
-577.28302040	-0.05133416
-577.24968735	-0.04914448
-577.21635431	-0.04448228
-577.18302126	-0.03701117
-577.14968822	-0.02617913
-577.11635517	-0.01205316
-577.08302213	0.00467321
-577.04968908	0.02298803
-577.01635604	0.04109086
-576.98302299	0.05748892
-576.94968995	0.07087491
-576.91635690	0.08003820
-576.88302386	0.08427093
-576.84969081	0.08314278
-576.81635777	0.07659394
-576.78302472	0.06463621
-576.74969168	0.04776883
-576.71635863	0.02719491
-576.68302559	0.00468641
-576.64969254	-0.01751564
-576.61635950	-0.03688970
-576.58302645	-0.05157429
-576.54969341	-0.06033047
-576.51636036	-0.06306317
-576.48302732	-0.06055848
-576.44969427	-0.05405482
-576.41636123	-0.04503471
-576.38302818	-0.03501097
-576.34969514	-0.02504486
-576.31636209	-0.01562627
-576.28302905	-0.00680104
-576.24969600	0.00173583
-576.21636296	0.01067383
-576.18302991	0.02039700
-576.14969687	0.03091682
-576.11636382	0.04185600
-576.08303078	0.05245256
-576.04969773	0.06103925
-576.01636469	0.06604381
-575.98303165	0.06562906
-575.94969860	0.05884328
-575.91636556	0.04590663
-575.88303251	0.02828698
-575.84969947	0.00846396
-575.81636642	-0.01110871
-575.78303338	-0.02824065
-575.74970033	-0.04151833
-575.71636729	-0.05026475
-575.68303424	-0.05466516
-575.64970120	-0.05520398
-575.61636815	-0.05265277
-575.58303511	-0.04857109
-575.54970206	-0.04436050
-575.51636902	-0.04113220
-575.48303597	-0.03915423
-575.44970293	-0.03771742
-575.41636988	-0.03515167
-575.38303684	-0.02992221
-575.34970379	-0.02077795
-575.31637075	-0.00759666
-575.28303770	0.00850023
-575.24970466	0.02543804
-575.21637161	0.04057396
-575.18303857	0.05180270
-575.14970552	0.05757987
-575.11637248	0.05742403
-575.08303943	0.05137612
-575.04970639	0.04035511
-575.01637334	0.02588456
-574.98304030	0.01002774
-574.94970725	-0.00507791
-574.91637421	-0.01745776
-574.88304116	-0.02612279
-574.84970812	-0.03062033
-574.81637507	-0.03100031
-574.78304203	-0.02751277
-574.74970898	-0.02082126
-574.71637594	-0.01209233
-574.68304289	-0.00306392
-574.64970985	0.00454694
-574.61637680	0.00872556
-574.58304376	0.00846601
-574.54971071	0.00407634
-574.51637767	-0.00299048
-574.48304462	-0.01023304
-574.44971158	-0.01515116
-574.41637853	-0.01612069
-574.38304549	-0.01279265
-574.34971244	-0.00576244
-574.31637940	0.00337635
-574.28304635	0.01275886
-574.24971331	0.02047982
-574.21638026	0.02530873
-574.18304722	0.02648495
-574.14971417	0.02405379
-574.11638113	0.01898664
-574.08304808	0.01243535
-574.04971504	0.00557401
-574.01638199	-0.00064866
-573.98304895	-0.00595714
-573.94971590	-0.01051948
-573.91638286	-0.01452463
-573.88304981	-0.01819783
-573.84971677	-0.02154154
-573.81638372	-0.02459461
-573.78305068	-0.02734006
-573.74971763	-0.02968499
-573.71638459	-0.03135736
-573.68305154	-0.03173934
-573.64971850	-0.02965946
-573.61638546	-0.02395861
-573.58305241	-0.01387882
-573.54971937	0.00086319
-573.51638632	0.01956247
-573.48305328	0.04061448
-573.44972023	0.06167810
-573.41638719	0.08039006
-573.38305414	0.09445561
-573.34972110	0.10219276
-573.31638805	0.10282405
-573.28305501	0.09635424
-573.24972196	0.08330800
-573.21638892	0.06500518
-573.18305587	0.04336197
-573.14972283	0.02045105
-573.11638978	-0.00126489
-573.08305674	-0.01968108
-573.04972369	-0.03298622
-573.01639065	-0.04025562
-572.98305760	-0.04125132
-572.94972456	-0.03699968
-572.91639151	-0.02900085
-572.88305847	-0.01886630
-572.84972542	-0.00794051
-572.81639238	0.00294563
-572.78305933	0.01319590
-572.74972629	0.02240144
-572.71639324	0.02999047
-572.68306020	0.03525460
-572.64972715	0.03779116
-572.61639411	0.03766761
-572.58306106	0.03568433
-572.54972802	0.03270570
-572.51639497	0.02936062
-572.48306193	0.02561497
-572.44972888	0.02080158
-572.41639584	0.01423596
-572.38306279	0.00520552
-572.34972975	-0.00572690
-572.31639670	-0.01773764
-572.28306366	-0.02953924
-572.24973061	-0.03945893
-572.21639757	-0.04633358
-572.18306452	-0.04973955
-572.14973148	-0.04934003
-572.11639843	-0.04521956
-572.08306539	-0.03754325
-572.04973234	-0.02692250
-572.01639930	-0.01450637
-571.98306625	-0.00188118
-571.94973321	0.00917249
-571.91640016	0.01708296
-571.88306712	0.02094626
-571.84973407	0.02081760
-571.81640103	0.01712834
-571.78306798	0.01101567
-571.74973494	0.00371968
-571.71640189	-0.00294638
-571.68306885	-0.00762237
-571.64973580	-0.00902424
-571.61640276	-0.00640622
-571.58306971	-0.00027574
-571.54973667	0.00835334
-571.51640362	0.01756525
-571.48307058	0.02518410
-571.44973753	0.02943095
-571.41640449	0.02939322
-571.38307144	0.02508701
-571.34973840	0.01760006
-571.31640536	0.00829629
-571.28307231	-0.00148118
-571.24973927	-0.01058339
-571.21640622	-0.01770046
-571.18307318	-0.02175185
-571.14974013	-0.02181984
-571.11640709	-0.01757900
-571.08307404	-0.00914377
-571.04974100	0.00173820
-571.01640795	0.01319886
-570.98307491	0.02312556
-570.94974186	0.02974006
-570.91640882	0.03239093
-570.88307577	0.03150418
-570.84974273	0.02803293
-570.81640968	0.02295602
-570.78307664	0.01733607
-570.74974359	0.01173156
-570.71641055	0.00654338
-570.68307750	0.00224966
-570.64974446	-0.00058209
-570.61641141	-0.00153817
-570.58307837	-0.00047159
-570.54974532	0.00220123
-570.51641228	0.00558559
-570.48307923	0.00844101
-570.44974619	0.00962870
-570.41641314	0.00861289
-570.38308010	0.00533188
-570.34974705	0.00053249
-570.31641401	-0.00521931
-570.28308096	-0.01128875
-570.24974792	-0.01714080
-570.21641487	-0.02284816
-570.18308183	-0.02824951
-570.14974878	-0.03340268
-570.11641574	-0.03791823
-570.08308269	-0.04137352
-570.04974965	-0.04292650
-570.01641660	-0.04154233
-569.98308356	-0.03653830
-569.94975051	-0.02759862
-569.91641747	-0.01538763
-569.88308442	-0.00094509
-569.84975138	0.01413221
-569.81641833	0.02826898
-569.78308529	0.03988296
-569.74975224	0.04798018
-569.71641920	0.05216240
-569.68308615	0.05210849
-569.64975311	0.04798043
-569.61642006	0.04021353
-569.58308702	0.02912301
-569.54975397	0.01567342
-569.51642093	0.00109359
-569.48308788	-0.01314095
-569.44975484	-0.02538244
-569.41642179	-0.03422946
-569.38308875	-0.03881014
-569.34975570	-0.03876536
-569.31642266	-0.03416314
-569.28308961	-0.02541306
-569.24975657	-0.01369100
-569.21642352	-0.00058245
-569.18309048	0.01205799
-569.14975743	0.02229249
-569.11642439	0.02863023
-569.08309134	0.03058876
-569.04975830	0.02815689
-569.01642526	0.02222153
-568.98309221	0.01437212
-568.94975917	0.00594214
-568.91642612	-0.00171802
-568.88309308	-0.00799623
-568.84976003	-0.01276968
-568.81642699	-0.01614877
-568.78309394	-0.01839045
-568.74976090	-0.01961379
-568.71642785	-0.02006912
-568.68309481	-0.01962892
-568.64976176	-0.01842306
-568.61642872	-0.01648101
-568.58309567	-0.01376479
-568.54976263	-0.01045437
-568.51642958	-0.00629310
-568.48309654	-0.00168969
-568.44976349	0.00297738
-568.41643045	0.00695588
-568.38309740	0.00935149
-568.34976436	0.00993881
-568.31643131	0.00872964
-568.28309827	0.00627112
-568.24976522	0.00349390
-568.21643218	0.00130851
-568.18309913	0.00013422
-568.14976609	0.00009007
-568.11643304	0.00136778
-568.08310000	0.00396130
-568.04976695	0.00810670
-568.01643391	0.01412684
-567.98310086	0.02171901
-567.94976782	0.03024897
-567.91643477	0.03845469
-567.88310173	0.04519713
-567.84976868	0.04985192
-567.81643564	0.05227369
-567.78310259	0.05274992
-567.74976955	0.05151788
-567.71643650	0.04854881
-567.68310346	0.04361769
-567.64977041	0.03670524
-567.61643737	0.02852639
-567.58310432	0.02048882
-567.54977128	0.01401545
-567.51643823	0.01035087
-567.48310519	0.01001881
-567.44977214	0.01223481
-567.41643910	0.01593207
-567.38310605	0.01981111
-567.34977301	0.02300636
-567.31643996	0.02530572
-567.28310692	0.02677763
-567.24977387	0.02758928
-567.21644083	0.02755548
-567.18310778	0.02665314
-567.14977474	0.02487811
-567.11644169	0.02259328
-567.08310865	0.02058929
-567.04977560	0.01985525
-567.01644256	0.02071159
-566.98310951	0.02334900
-566.94977647	0.02757619
-566.91644342	0.03286983
-566.88311038	0.03861330
-566.84977733	0.04408257
-566.81644429	0.04828618
-566.78311124	0.05049437
-566.74977820	0.04993179
-566.71644516	0.04615402
-566.68311211	0.03928274
-566.64977907	0.02983151
-566.61644602	0.01875581
-566.58311298	0.00759743
-566.54977993	-0.00232898
-566.51644689	-0.00987861
-566.48311384	-0.01437220
-566.44978080	-0.01565135
-566.41644775	-0.01378984
-566.38311471	-0.00947716
-566.34978166	-0.00304366
-566.31644862	0.00447827
-566.28311557	0.01214833
-566.24978253	0.01868041
-566.21644948	0.02291794
-566.18311644	0.02413141
-566.14978339	0.02200450
-566.11645035	0.01692633
-566.08311730	0.00968450
-566.04978426	0.00109339
-566.01645121	-0.00782968
-565.98311817	-0.01645227
-565.94978512	-0.02441087
-565.91645208	-0.03136151
-565.88311903	-0.03670370
-565.84978599	-0.04000947
-565.81645294	-0.04047508
-565.78311990	-0.03758856
-565.74978685	-0.03139992
-565.71645381	-0.02231421
-565.68312076	-0.01133165
-565.64978772	0.00014088
-565.61645467	0.01046348
-565.58312163	0.01815574
-565.54978858	0.02166033
-565.51645554	0.01983790
-565.48312249	0.01191079
-565.44978945	-0.00160238
-565.41645640	-0.01931116
-565.38312336	-0.03910606
-565.34979031	-0.05819452
-565.31645727	-0.07388480
-565.28312422	-0.08384408
-565.24979118	-0.08644430
-565.21645813	-0.08116478
-565.18312509	-0.06853102
-565.14979204	-0.05041600
-565.11645900	-0.02978893
-565.08312595	-0.00996806
-565.04979291	0.00598136
-565.01645986	0.01587209
-564.98312682	0.01871641
-564.94979377	0.01490881
-564.91646073	0.00603515
-564.88312768	-0.00554179
-564.84979464	-0.01730155
-564.81646159	-0.02697710
-564.78312855	-0.03304912
-564.74979550	-0.03475729
-564.71646246	-0.03233913
-564.68312941	-0.02644931
-564.64979637	-0.01861529
-564.61646332	-0.01067018
-564.58313028	-0.00447353
-564.54979723	-0.00154822
-564.51646419	-0.00215764
-564.48313114	-0.00589963
-564.44979810	-0.01147891
-564.41646505	-0.01729899
-564.38313201	-0.02220019
-564.34979897	-0.02503746
-564.31646592	-0.02499257
-564.28313288	-0.02157804
-564.24979983	-0.01455783
-564.21646679	-0.00425054
-564.18313374	0.00829196
-564.14980070	0.02140831
-564.11646765	0.03346034
-564.08313461	0.04333989
-564.04980156	0.05034945
-564.01646852	0.05456523
-563.98313547	0.05654040
-563.94980243	0.05670739
-563.91646938	0.05513562
-563.88313634	0.05166847
-563.84980329	0.04566746
-563.81647025	0.03671299
-563.78313720	0.02502815
-563.74980416	0.01118090
-563.71647111	-0.00351482
-563.68313807	-0.01762722
-563.64980502	-0.02963911
-563.61647198	-0.03801631
-563.58313893	-0.04178319
-563.54980589	-0.04017305
-563.51647284	-0.03334022
-563.48313980	-0.02201294
-563.44980675	-0.00772231
-563.41647371	0.00764421
-563.38314066	0.02188372
-563.34980762	0.03348409
-563.31647457	0.04156480
-563.28314153	0.04584450
-563.24980848	0.04647548
-563.21647544	0.04362286
-563.18314239	0.03779466
-563.14980935	0.03004778
-563.11647630	0.02139948
-563.08314326	0.01326592
-563.04981021	0.00700166
-563.01647717	0.00341051
-562.98314412	0.00282118
-562.94981108	0.00459431
-562.91647803	0.00765881
-562.88314499	0.01071302
-562.84981194	0.01255372
-562.81647890	0.01289857
-562.78314585	0.01167025
-562.74981281	0.00958307
-562.71647976	0.00726427
-562.68314672	0.00514690
-562.64981367	0.00342938
-562.61648063	0.00212328
-562.58314758	0.00135773
-562.54981454	0.00132183
-562.51648149	0.00205478
-562.48314845	0.00379957
-562.44981540	0.00612109
-562.41648236	0.00887482
-562.38314931	0.01188501
-562.34981627	0.01512769
-562.31648322	0.01903612
-562.28315018	0.02380082
-562.24981713	0.02944901
-562.21648409	0.03549625
-562.18315104	0.04081153
-562.14981800	0.04457169
-562.11648495	0.04565253
-562.08315191	0.04370874
-562.04981887	0.03850103
-562.01648582	0.03049507
-561.98315278	0.02000188
-561.94981973	0.00775040
-561.91648669	-0.00548411
-561.88315364	-0.01885527
-561.84982060	-0.03099908
-561.81648755	-0.04081134
-561.78315451	-0.04678273
-561.74982146	-0.04826981
-561.71648842	-0.04485298
-561.68315537	-0.03709880
-561.64982233	-0.02557332
-561.61648928	-0.01112177
-561.58315624	0.00506885
-561.54982319	0.02181878
-561.51649015	0.03803995
-561.48315710	0.05224591
-561.44982406	0.06322008
-561.41649101	0.07004419
-561.38315797	0.07200100
-561.34982492	0.06878737
-561.31649188	0.06066977
-561.28315883	0.04835309
-561.24982579	0.03305584
-561.21649274	0.01636437
-561.18315970	-0.00015852
-561.14982665	-0.01511838
-561.11649361	-0.02751562
-561.08316056	-0.03652666
-561.04982752	-0.04185790
-561.01649447	-0.04379838
-560.98316143	-0.04275916
-560.94982838	-0.03942691
-560.91649534	-0.03417215
-560.88316229	-0.02742979
-560.84982925	-0.01959389
-560.81649620	-0.01109404
-560.78316316	-0.00221054
-560.74983011	0.00672457
-560.71649707	0.01557752
-560.68316402	0.02460858
-560.64983098	0.03404717
-560.61649793	0.04335961
-560.58316489	0.05217847
-560.54983184	0.05950499
-560.51649880	0.06442481
-560.48316575	0.06628488
-560.44983271	0.06458374
-560.41649966	0.05948001
-560.38316662	0.05123206
-560.34983357	0.04025557
-560.31650053	0.02736517
-560.28316748	0.01349692
-560.24983444	-0.00062728
-560.21650139	-0.01427346
-560.18316835	-0.02664168
-560.14983530	-0.03719748
-560.11650226	-0.04544258
-560.08316921	-0.05079808
-560.04983617	-0.05268600
-560.01650312	-0.05060821
-559.98317008	-0.04411571
-559.94983703	-0.03304183
-559.91650399	-0.01780583
-559.88317094	0.00049795
-559.84983790	0.02027455
-559.81650485	0.03948726
-559.78317181	0.05619033
-559.74983877	0.06860943
-559.71650572	0.07576194
-559.68317268	0.07669431
-559.64983963	0.07121763
-559.61650659	0.05977294
-559.58317354	0.04351711
-559.54984050	0.02444910
-559.51650745	0.00503574
-559.48317441	-0.01264219
-559.44984136	-0.02677582
-559.41650832	-0.03645697
-559.38317527	-0.04141190
-559.34984223	-0.04196474
-559.31650918	-0.03886063
-559.28317614	-0.03325781
-559.24984309	-0.02596075
-559.21651005	-0.01785576
-559.18317700	-0.00942076
-559.14984396	-0.00112481
-559.11651091	0.00631249
-559.08317787	0.01256653
-559.04984482	0.01725575
-559.01651178	0.02068084
-558.98317873	0.02361824
-558.94984569	0.02674450
-558.91651264	0.03064649
-558.88317960	0.03558974
-558.84984655	0.04095819
-558.81651351	0.04613455
-558.78318046	0.05030093
-558.74984742	0.05292453
-558.71651437	0.05344201
-558.68318133	0.05188072
-558.64984828	0.04845672
-558.61651524	0.04346742
-558.58318219	0.03717804
-558.54984915	0.02988437
-558.51651610	0.02178532
-558.48318306	0.01316640
-558.44985001	0.00436055
-558.41651697	-0.00449916
-558.38318392	-0.01317830
-558.34985088	-0.02134222
-558.31651783	-0.02856232
-558.28318479	-0.03410123
-558.24985174	-0.03711416
-558.21651870	-0.03697651
-558.18318565	-0.03318677
-558.14985261	-0.02565845
-558.11651956	-0.01474024
-558.08318652	-0.00097351
-558.04985347	0.01422186
-558.01652043	0.02948340
-557.98318738	0.04278727
-557.94985434	0.05263936
-557.91652129	0.05782764
-557.88318825	0.05802679
-557.84985520	0.05392194
-557.81652216	0.04660730
-557.78318911	0.03741581
-557.74985607	0.02748662
-557.71652302	0.01794299
-557.68318998	0.00922365
-557.64985693	0.00181045
-557.61652389	-0.00406598
-557.58319084	-0.00847292
-557.54985780	-0.01155756
-557.51652475	-0.01384488
-557.48319171	-0.01565556
-557.44985867	-0.01749519
-557.41652562	-0.01944042
-557.38319258	-0.02133739
-557.34985953	-0.02239838
-557.31652649	-0.02198103
-557.28319344	-0.01954860
-557.24986040	-0.01494244
-557.21652735	-0.00837979
-557.18319431	-0.00062584
-557.14986126	0.00738334
-557.11652822	0.01498294
-557.08319517	0.02131832
-557.04986213	0.02569301
-557.01652908	0.02756720
-556.98319604	0.02673114
-556.94986299	0.02294159
-556.91652995	0.01630814
-556.88319690	0.00738978
-556.84986386	-0.00316764
-556.81653081	-0.01431678
-556.78319777	-0.02452682
-556.74986472	-0.03299429
-556.71653168	-0.03895709
-556.68319863	-0.04230517
-556.64986559	-0.04357573
-556.61653254	-0.04342512
-556.58319950	-0.04249075
-556.54986645	-0.04117319
-556.51653341	-0.03934550
-556.48320036	-0.03659196
-556.44986732	-0.03255347
-556.41653427	-0.02670494
-556.38320123	-0.01897116
-556.34986818	-0.00982838
-556.31653514	0.00008365
-556.28320209	0.00955733
-556.24986905	0.01762785
-556.21653600	0.02322415
-556.18320296	0.02601241
-556.14986991	0.02559625
-556.11653687	0.02210298
-556.08320382	0.01624251
-556.04987078	0.00874597
-556.01653773	0.00059758
-555.98320469	-0.00678416
-555.94987164	-0.01222305
-555.91653860	-0.01432510
-555.88320555	-0.01236681
-555.84987251	-0.00605148
-555.81653946	0.00393513
-555.78320642	0.01628991
-555.74987337	0.02898078
-555.71654033	0.03992330
-555.68320728	0.04728627
-555.64987424	0.05021008
-555.61654119	0.04854210
-555.58320815	0.04311426
-555.54987510	0.03522456
-555.51654206	0.02639164
-555.48320901	0.01802504
-555.44987597	0.01111250
-555.41654292	0.00621335
-555.38320988	0.00344152
-555.34987683	0.00213117
-555.31654379	0.00170807
-555.28321074	0.00150619
-555.24987770	0.00083691
-555.21654465	-0.00037693
-555.18321161	-0.00223067
-555.14987856	-0.00466083
-555.11654552	-0.00765876
-555.08321248	-0.01088314
-555.04987943	-0.01409774
-555.01654639	-0.01683265
-554.98321334	-0.01876572
-554.94988030	-0.01964265
-554.91654725	-0.01987962
-554.88321421	-0.01974642
-554.84988116	-0.01974156
-554.81654812	-0.02020253
-554.78321507	-0.02112334
-554.74988203	-0.02227893
-554.71654898	-0.02306113
-554.68321594	-0.02301506
-554.64988289	-0.02196244
-554.61654985	-0.01997725
-554.58321680	-0.01709069
-554.54988376	-0.01352010
-554.51655071	-0.00960587
-554.48321767	-0.00529923
-554.44988462	-0.00096149
-554.41655158	0.00332463
-554.38321853	0.00715368
-554.34988549	0.01040807
-554.31655244	0.01301085
-554.28321940	0.01514575
-554.24988635	0.01685143
-554.21655331	0.01832119
-554.18322026	0.01969351
-554.14988722	0.02094123
-554.11655417	0.02199421
-554.08322113	0.02284477
-554.04988808	0.02328662
-554.01655504	0.02302460
-553.98322199	0.02185408
-553.94988895	0.01953843
-553.91655590	0.01601244
-553.88322286	0.01168971
-553.84988981	0.00673696
-553.81655677	0.00139262
-553.78322372	-0.00416522
-553.74989068	-0.00956524
-553.71655763	-0.01424175
-553.68322459	-0.01750061
-553.64989154	-0.01854646
-553.61655850	-0.01696856
-553.58322545	-0.01302859
-553.54989241	-0.00698372
-553.51655936	0.00031647
-553.48322632	0.00832908
-553.44989327	0.01610243
-553.41656023	0.02315170
-553.38322718	0.02886961
-553.34989414	0.03273996
-553.31656109	0.03453035
-553.28322805	0.03415720
-553.24989500	0.03177439
-553.21656196	0.02754468
-553.18322891	0.02199659
-553.14989587	0.01575733
-553.11656282	0.00945758
-553.08322978	0.00370264
-553.04989673	-0.00114725
-553.01656369	-0.00488354
-552.98323064	-0.00747287
-552.94989760	-0.00904132
-552.91656455	-0.00967402
-552.88323151	-0.00976060
-552.84989846	-0.00950270
-552.81656542	-0.00905159
-552.78323238	-0.00862249
-552.74989933	-0.00818517
-552.71656629	-0.00810863
-552.68323324	-0.00833837
-552.64990020	-0.00902162
-552.61656715	-0.00990582
-552.58323411	-0.01050150
-552.54990106	-0.01012255
-552.51656802	-0.00822646
-552.48323497	-0.00435012
-552.44990193	0.00139483
-552.41656888	0.00898028
-552.38323584	0.01824960
-552.34990279	0.02854940
-552.31656975	0.03964051
-552.28323670	0.05087422
-552.24990366	0.06147260
-552.21657061	0.07064943
-552.18323757	0.07763864
-552.14990452	0.08171925
-552.11657148	0.08223357
-552.08323843	0.07909560
-552.04990539	0.07201019
-552.01657234	0.06134825
-551.98323930	0.04773822
-551.94990625	0.03201101
-551.91657321	0.01546403
-551.88324016	-0.00041740
-551.84990712	-0.01437763
-551.81657407	-0.02553254
-551.78324103	-0.03362074
-551.74990798	-0.03865760
-551.71657494	-0.04131948
-551.68324189	-0.04220614
-551.64990885	-0.04189702
-551.61657580	-0.04090245
-551.58324276	-0.03944346
-551.54990971	-0.03763933
-551.51657667	-0.03529582
-551.48324362	-0.03208986
-551.44991058	-0.02745546
-551.41657753	-0.02100103
-551.38324449	-0.01269456
-551.34991144	-0.00219132
-551.31657840	0.00971595
-551.28324535	0.02210223
-551.24991231	0.03379869
-551.21657926	0.04341249
-551.18324622	0.04988925
-551.14991317	0.05252599
-551.11658013	0.05115683
-551.08324708	0.04612815
-551.04991404	0.03837861
-551.01658099	0.02876211
-550.98324795	0.01843878
-550.94991490	0.00834771
-550.91658186	-0.00076798
-550.88324881	-0.00833904
-550.84991577	-0.01381123
-550.81658272	-0.01684055
-550.78324968	-0.01722901
-550.74991663	-0.01502072
-550.71658359	-0.01068502
-550.68325054	-0.00512135
-550.64991750	0.00092130
-550.61658445	0.00688882
-550.58325141	0.01213099
-550.54991836	0.01655235
-550.51658532	0.02012916
-550.48325228	0.02258117
-550.44991923	0.02359441
-550.41658619	0.02265711
-550.38325314	0.01963273
-550.34992010	0.01471204
-550.31658705	0.00833376
-550.28325401	0.00139513
-550.24992096	-0.00529498
-550.21658792	-0.01109435
-550.18325487	-0.01541536
-550.14992183	-0.01786404
-550.11658878	-0.01835573
-550.08325574	-0.01718856
-550.04992269	-0.01471430
-550.01658965	-0.01153552
-549.98325660	-0.00823291
-549.94992356	-0.00496276
-549.91659051	-0.00168577
-549.88325747	0.00188408
-549.84992442	0.00583312
-549.81659138	0.01032384
-549.78325833	0.01530325
-549.74992529	0.02004082
-549.71659224	0.02434199
-549.68325920	0.02754796
-549.64992615	0.02948294
-549.61659311	0.03000652
-549.58326006	0.02898693
-549.54992702	0.02679307
-549.51659397	0.02365170
-549.48326093	0.02027182
-549.44992788	0.01701096
-549.41659484	0.01449571
-549.38326179	0.01292251
-549.34992875	0.01210455
-549.31659570	0.01176902
-549.28326266	0.01166060
-549.24992961	0.01160973
-549.21659657	0.01149177
-549.18326352	0.01121708
-549.14993048	0.01078955
-549.11659743	0.00985876
-549.08326439	0.00827174
-549.04993134	0.00588533
-549.01659830	0.00274600
-548.98326525	-0.00123410
-548.94993221	-0.00582735
-548.91659916	-0.01074231
-548.88326612	-0.01602770
-548.84993307	-0.02131703
-548.81660003	-0.02625766
-548.78326698	-0.03072734
-548.74993394	-0.03431880
-548.71660089	-0.03667617
-548.68326785	-0.03742933
-548.64993480	-0.03633246
-548.61660176	-0.03312937
-548.58326871	-0.02765451
-548.54993567	-0.02007027
-548.51660262	-0.01096092
-548.48326958	-0.00090206
-548.44993653	0.00905054
-548.41660349	0.01804214
-548.38327044	0.02533542
-548.34993740	0.03026186
-548.31660435	0.03258934
-548.28327131	0.03230938
-548.24993826	0.02996101
-548.21660522	0.02603144
-548.18327218	0.02132831
-548.14993913	0.01688840
-548.11660609	0.01365147
-548.08327304	0.01214012
-548.04994000	0.01262441
-548.01660695	0.01471215
-547.98327391	0.01785157
-547.94994086	0.02121636
-547.91660782	0.02386277
-547.88327477	0.02510155
-547.84994173	0.02450255
-547.81660868	0.02194287
-547.78327564	0.01778280
-547.74994259	0.01273248
-547.71660955	0.00745932
-547.68327650	0.00276598
-547.64994346	-0.00072933
-547.61661041	-0.00275210
-547.58327737	-0.00314148
-547.54994432	-0.00209305
-547.51661128	0.00007454
-547.48327823	0.00275836
-547.44994519	0.00543839
-547.41661214	0.00756492
-547.38327910	0.00854177
-547.34994605	0.00800179
-547.31661301	0.00593113
-547.28327996	0.00277735
-547.24994692	-0.00084238
-547.21661387	-0.00413581
-547.18328083	-0.00665499
-547.14994778	-0.00791347
-547.11661474	-0.00766492
-547.08328169	-0.00579786
-547.04994865	-0.00235217
-547.01661560	0.00239694
-546.98328256	0.00818967
-546.94994951	0.01440335
-546.91661647	0.02013241
-546.88328342	0.02475554
-546.84995038	0.02788410
-546.81661733	0.02911010
-546.78328429	0.02839061
-546.74995124	0.02613678
-546.71661820	0.02235210
-546.68328515	0.01772313
-546.64995211	0.01267459
-546.61661906	0.00768851
-546.58328602	0.00346985
-546.54995297	0.00062590
-546.51661993	-0.00069777
-546.48328688	-0.00070087
-546.44995384	0.00027686
-546.41662079	0.00155279
-546.38328775	0.00260996
-546.34995470	0.00320987
-546.31662166	0.00346728
-546.28328861	0.00344596
-546.24995557	0.00356291
-546.21662252	0.00389212
-546.18328948	0.00469663
-546.14995643	0.00639181
-546.11662339	0.00921983
-546.08329034	0.01344265
-546.04995730	0.01913593
-546.01662425	0.02563466
-545.98329121	0.03188399
-545.94995816	0.03683595
-545.91662512	0.03974157
-545.88329208	0.04014255
-545.84995903	0.03807025
-545.81662599	0.03357059
-545.78329294	0.02733817
-545.74995990	0.01982096
-545.71662685	0.01155799
-545.68329381	0.00319177
-545.64996076	-0.00466487
-545.61662772	-0.01130486
-545.58329467	-0.01649281
-545.54996163	-0.01992331
-545.51662858	-0.02175428
-545.48329554	-0.02211866
-545.44996249	-0.02092397
-545.41662945	-0.01815820
-545.38329640	-0.01372712
-545.34996336	-0.00747107
-545.31663031	0.00048058
-545.28329727	0.00966808
-545.24996422	0.01929552
-545.21663118	0.02854446
-545.18329813	0.03620521
-545.14996509	0.04114538
-545.11663204	0.04308409
-545.08329900	0.04197027
-545.04996595	0.03823401
-545.01663291	0.03264787
-544.98329986	0.02587908
-544.94996682	0.01850073
-544.91663377	0.01089006
-544.88330073	0.00345101
-544.84996768	-0.00349031
-544.81663464	-0.00953937
-544.78330159	-0.01435322
-544.74996855	-0.01800893
-544.71663550	-0.02052002
-544.68330246	-0.02218343
-544.64996941	-0.02335995
-544.61663637	-0.02381928
-544.58330332	-0.02357741
-544.54997028	-0.02209063
-544.51663723	-0.01901130
-544.48330419	-0.01361222
-544.44997114	-0.00575633
-544.41663810	0.00430679
-544.38330505	0.01623042
-544.34997201	0.02906821
-544.31663896	0.04170341
-544.28330592	0.05270950
-544.24997287	0.06094808
-544.21663983	0.06561785
-544.18330678	0.06642286
-544.14997374	0.06344717
-544.11664069	0.05713923
-544.08330765	0.04798979
-544.04997460	0.03665169
-544.01664156	0.02406146
-543.98330851	0.01099932
-543.94997547	-0.00124457
-543.91664242	-0.01143101
-543.88330938	-0.01883138
-543.84997633	-0.02308286
-543.81664329	-0.02456151
-543.78331024	-0.02374782
-543.74997720	-0.02147999
-543.71664415	-0.01807991
-543.68331111	-0.01416135
-543.64997806	-0.00999842
-543.61664502	-0.00599198
-543.58331197	-0.00255483
-543.54997893	0.00019827
-543.51664589	0.00221979
-543.48331284	0.00339403
-543.44997980	0.00403697
-543.41664675	0.00442334
-543.38331371	0.00447094
-543.34998066	0.00422462
-543.31664762	0.00385412
-543.28331457	0.00367051
-543.24998153	0.00380651
-543.21664848	0.00467770
-543.18331544	0.00634087
-543.14998239	0.00886996
-543.11664935	0.01198861
-543.08331630	0.01536492
-543.04998326	0.01853913
-543.01665021	0.02103651
-542.98331717	0.02232594
-542.94998412	0.02199806
-542.91665108	0.02010962
-542.88331803	0.01698158
-542.84998499	0.01304714
-542.81665194	0.00903968
-542.78331890	0.00560659
-542.74998585	0.00327922
-542.71665281	0.00224909
-542.68331976	0.00266968
-542.64998672	0.00458310
-542.61665367	0.00800305
-542.58332063	0.01296784
-542.54998758	0.01917760
-542.51665454	0.02646405
-542.48332149	0.03400249
-542.44998845	0.04101650
-542.41665540	0.04645340
-542.38332236	0.04935498
-542.34998931	0.04922478
-542.31665627	0.04613852
-542.28332322	0.04064178
-542.24999018	0.03324553
-542.21665713	0.02446405
-542.18332409	0.01474178
-542.14999104	0.00432664
-542.11665800	-0.00629447
-542.08332495	-0.01658772
-542.04999191	-0.02571642
-542.01665886	-0.03291956
-541.98332582	-0.03742441
-541.94999277	-0.03896676
-541.91665973	-0.03764247
-541.88332668	-0.03358055
-541.84999364	-0.02744796
-541.81666059	-0.01971700
-541.78332755	-0.01094173
-541.74999450	-0.00159299
-541.71666146	0.00780424
-541.68332841	0.01676132
-541.64999537	0.02428083
-541.61666232	0.02982783
-541.58332928	0.03310147
-541.54999623	0.03399901
-541.51666319	0.03270571
-541.48333014	0.02967462
-541.44999710	0.02533105
-541.41666405	0.02025104
-541.38333101	0.01475977
-541.34999796	0.00927218
-541.31666492	0.00435246
-541.28333187	0.00025668
-541.24999883	-0.00294935
-541.21666579	-0.00512428
-541.18333274	-0.00629030
-541.14999970	-0.00686430
-541.11666665	-0.00680572
-541.08333361	-0.00640345
-541.05000056	-0.00572234
-541.01666752	-0.00488919
-540.98333447	-0.00397764
-540.95000143	-0.00273736
-540.91666838	-0.00112939
-540.88333534	0.00090087
-540.85000229	0.00363026
-540.81666925	0.00700548
-540.78333620	0.01112765
-540.75000316	0.01555678
-540.71667011	0.01974725
-540.68333707	0.02322504
-540.65000402	0.02532412
-540.61667098	0.02583926
-540.58333793	0.02478251
-540.55000489	0.02204548
-540.51667184	0.01779013
-540.48333880	0.01189950
-540.45000575	0.00461810
-540.41667271	-0.00329518
-540.38333966	-0.01097006
-540.35000662	-0.01723818
-540.31667357	-0.02105075
-540.28334053	-0.02193614
-540.25000748	-0.01987718
-540.21667444	-0.01538183
-540.18334139	-0.00896833
-540.15000835	-0.00144390
-540.11667530	0.00639183
-540.08334226	0.01391576
-540.05000921	0.02037263
-540.01667617	0.02509298
-539.98334312	0.02745882
-539.95001008	0.02697733
-539.91667703	0.02343440
-539.88334399	0.01729110
-539.85001094	0.00933329
-539.81667790	0.00078094
-539.78334485	-0.00707612
-539.75001181	-0.01298838
-539.71667876	-0.01618867
-539.68334572	-0.01622483
-539.65001267	-0.01356866
-539.61667963	-0.00870704
-539.58334658	-0.00285743
-539.55001354	0.00316214
-539.51668049	0.00855749
-539.48334745	0.01280568
-539.45001440	0.01546078
-539.41668136	0.01642457
-539.38334831	0.01586210
-539.35001527	0.01389167
-539.31668222	0.01105148
-539.28334918	0.00784885
-539.25001613	0.00499817
-539.21668309	0.00318245
-539.18335004	0.00256285
-539.15001700	0.00345578
-539.11668395	0.00544419
-539.08335091	0.00817284
-539.05001786	0.01118974
-539.01668482	0.01422612
-538.98335177	0.01709898
-538.95001873	0.01946493
-538.91668569	0.02148107
-538.88335264	0.02302702
-538.85001960	0.02402441
-538.81668655	0.02431797
-538.78335351	0.02379952
-538.75002046	0.02242706
-538.71668742	0.02044928
-538.68335437	0.01789404
-538.65002133	0.01481689
-538.61668828	0.01142328
-538.58335524	0.00772728
-538.55002219	0.00379027
-538.51668915	0.00012670
-538.48335610	-0.00250845
-538.45002306	-0.00378485
-538.41669001	-0.00300919
-538.38335697	-0.00039176
-538.35002392	0.00347100
-538.31669088	0.00764804
-538.28335783	0.01102693
-538.25002479	0.01298273
-538.21669174	0.01326781
-538.18335870	0.01182841
-538.15002565	0.00916773
-538.11669261	0.00607590
-538.08335956	0.00297686
-538.05002652	0.00040413
-538.01669347	-0.00111186
-537.98336043	-0.00123366
-537.95002738	0.00008811
-537.91669434	0.00297005
-537.88336129	0.00717494
-537.85002825	0.01217160
-537.81669520	0.01741100
-537.78336216	0.02199849
-537.75002911	0.02546971
-537.71669607	0.02729399
-537.68336302	0.02689406
-537.65002998	0.02446501
-537.61669693	0.02042074
-537.58336389	0.01516523
-537.55003084	0.00968082
-537.51669780	0.00461972
-537.48336475	0.00077130
-537.45003171	-0.00156417
-537.41669866	-0.00226944
-537.38336562	-0.00139658
-537.35003257	0.00080361
-537.31669953	0.00388743
-537.28336648	0.00754195
-537.25003344	0.01127020
-537.21670039	0.01470485
-537.18336735	0.01728701
-537.15003430	0.01858359
-537.11670126	0.01830404
-537.08336821	0.01637063
-537.05003517	0.01309405
-537.01670212	0.00901226
-536.98336908	0.00462019
-536.95003603	0.00056454
-536.91670299	-0.00277222
-536.88336994	-0.00505142
-536.85003690	-0.00629632
-536.81670385	-0.00625249
-536.78337081	-0.00497919
-536.75003776	-0.00261677
-536.71670472	0.00068160
-536.68337167	0.00457390
-536.65003863	0.00859907
-536.61670559	0.01237949
-536.58337254	0.01554458
-536.55003950	0.01784393
-536.51670645	0.01898978
-536.48337341	0.01885403
-536.45004036	0.01720127
-536.41670732	0.01408712
-536.38337427	0.00965643
-536.35004123	0.00426485
-536.31670818	-0.00155653
-536.28337514	-0.00714271
-536.25004209	-0.01189794
-536.21670905	-0.01537430
-536.18337600	-0.01716750
-536.15004296	-0.01691012
-536.11670991	-0.01470501
-536.08337687	-0.01037443
-536.05004382	-0.00420824
-536.01671078	0.00336520
-535.98337773	0.01174719
-535.95004469	0.01968425
-535.91671164	0.02637964
-535.88337860	0.03099672
-535.85004555	0.03292424
-535.81671251	0.03183370
-535.78337946	0.02819400
-535.75004642	0.02232429
-535.71671337	0.01535301
-535.68338033	0.00796734
-535.65004728	0.00115071
-535.61671424	-0.00435693
-535.58338119	-0.00797052
-535.55004815	-0.00946711
-535.51671510	-0.00871110
-535.48338206	-0.00595516
-535.45004901	-0.00186539
-535.41671597	0.00280364
-535.38338292	0.00744611
-535.35004988	0.01155120
-535.31671683	0.01497899
-535.28338379	0.01779520
-535.25005074	0.02003212
-535.21671770	0.02189242
-535.18338465	0.02340479
-535.15005161	0.02430335
-535.11671856	0.02477081
-535.08338552	0.02447795
-535.05005247	0.02338960
-535.01671943	0.02146173
-534.98338638	0.01861032
-534.95005334	0.01503527
-534.91672029	0.01083549
-534.88338725	0.00679818
-534.85005420	0.00325907
-534.81672116	0.00105044
-534.78338811	0.00039689
-534.75005507	0.00128299
-534.71672202	0.00360723
-534.68338898	0.00679449
-534.65005593	0.01016984
-534.61672289	0.01318793
-534.58338984	0.01510622
-534.55005680	0.01546760
-534.51672375	0.01416637
-534.48339071	0.01133411
-534.45005766	0.00756128
-534.41672462	0.00370927
-534.38339157	0.00069135
-534.35005853	-0.00066298
-534.31672548	0.00007171
-534.28339244	0.00308472
-534.25005940	0.00807420
-534.21672635	0.01440486
-534.18339331	0.02110833
-534.15006026	0.02741410
-534.11672722	0.03220905
-534.08339417	0.03482579
-534.05006113	0.03490566
-534.01672808	0.03244314
-533.98339504	0.02784712
-533.95006199	0.02177470
-533.91672895	0.01537335
-533.88339590	0.00923584
-533.85006286	0.00426883
-533.81672981	0.00099576
-533.78339677	-0.00051987
-533.75006372	-0.00037708
-533.71673068	0.00090119
-533.68339763	0.00299796
-533.65006459	0.00541743
-533.61673154	0.00787214
-533.58339850	0.01046943
-533.55006545	0.01277449
-533.51673241	0.01504006
-533.48339936	0.01717753
-533.45006632	0.01906635
-533.41673327	0.02059839
-533.38340023	0.02173090
-533.35006718	0.02201162
-533.31673414	0.02150831
-533.28340109	0.02000951
-533.25006805	0.01782252
-533.21673500	0.01505996
-533.18340196	0.01197952
-533.15006891	0.00922281
-533.11673587	0.00715065
-533.08340282	0.00590606
-533.05006978	0.00542500
-533.01673673	0.00558898
-532.98340369	0.00627329
-532.95007064	0.00705601
-532.91673760	0.00765335
-532.88340455	0.00755236
-532.85007151	0.00642566
-532.81673846	0.00384140
-532.78340542	-0.00011819
-532.75007237	-0.00496939
-532.71673933	-0.01014178
-532.68340628	-0.01491679
-532.65007324	-0.01842309
-532.61674019	-0.02003747
-532.58340715	-0.01931566
-532.55007410	-0.01613858
-532.51674106	-0.01035084
-532.48340801	-0.00214252
-532.45007497	0.00797962
-532.41674192	0.01927217
-532.38340888	0.03051767
-532.35007583	0.04053732
-532.31674279	0.04812801
-532.28340974	0.05235540
-532.25007670	0.05274381
-532.21674365	0.04949048
-532.18341061	0.04319268
-532.15007756	0.03466148
-532.11674452	0.02494120
-532.08341147	0.01489003
-532.05007843	0.00544441
-532.01674538	-0.00269264
-531.98341234	-0.00905408
-531.95007930	-0.01338481
-531.91674625	-0.01552139
-531.88341321	-0.01558947
-531.85008016	-0.01392150
-531.81674712	-0.01095195
-531.78341407	-0.00701621
-531.75008103	-0.00246137
-531.71674798	0.00193769
-531.68341494	0.00632215
-531.65008189	0.01025606
-531.61674885	0.01377814
-531.58341580	0.01669854
-531.55008276	0.01919389
-531.51674971	0.02119226
-531.48341667	0.02259227
-531.45008362	0.02342794
-531.41675058	0.02332452
-531.38341753	0.02220946
-531.35008449	0.02004606
-531.31675144	0.01694771
-531.28341840	0.01312009
-531.25008535	0.00894724
-531.21675231	0.00479549
-531.18341926	0.00097553
-531.15008622	-0.00232760
-531.11675317	-0.00494120
-531.08342013	-0.00671700
-531.05008708	-0.00756631
-531.01675404	-0.00742457
-530.98342099	-0.00647147
-530.95008795	-0.00487005
-530.91675490	-0.00277620
-530.88342186	-0.00037554
-530.85008881	0.00227868
-530.81675577	0.00515126
-530.78342272	0.00803955
-530.75008968	0.01086108
-530.71675663	0.01372962
-530.68342359	0.01639290
-530.65009054	0.01874841
-530.61675750	0.02074360
-530.58342445	0.02223526
-530.55009141	0.02314361
-530.51675836	0.02329038
-530.48342532	0.02239663
-530.45009227	0.02038364
-530.41675923	0.01726681
-530.38342618	0.01310015
-530.35009314	0.00819901
-530.31676009	0.00321076
-530.28342705	-0.00158506
-530.25009400	-0.00570561
-530.21676096	-0.00905236
-530.18342791	-0.01159169
-530.15009487	-0.01326658
-530.11676182	-0.01428250
-530.08342878	-0.01474245
-530.05009573	-0.01469599
-530.01676269	-0.01410502
-529.98342964	-0.01291115
-529.95009660	-0.01095608
-529.91676355	-0.00834183
-529.88343051	-0.00495056
-529.85009746	-0.00065384
-529.81676442	0.00433243
-529.78343137	0.01002095
-529.75009833	0.01545474
-529.71676528	0.02013074
-529.68343224	0.02339156
-529.65009920	0.02464191
-529.61676615	0.02372573
-529.58343311	0.02104269
-529.55010006	0.01698353
-529.51676702	0.01215886
-529.48343397	0.00725933
-529.45010093	0.00259661
-529.41676788	-0.00139911
-529.38343484	-0.00460237
-529.35010179	-0.00676427
-529.31676875	-0.00829991
-529.28343570	-0.00922061
-529.25010266	-0.00995846
-529.21676961	-0.01077605
-529.18343657	-0.01167622
-529.15010352	-0.01287706
-529.11677048	-0.01408091
-529.08343743	-0.01504625
-529.05010439	-0.01555791
-529.01677134	-0.01525020
-528.98343830	-0.01373413
-528.95010525	-0.01079964
-528.91677221	-0.00651453
-528.88343916	-0.00113671
-528.85010612	0.00485998
-528.81677307	0.01098065
-528.78344003	0.01646093
-528.75010698	0.02068426
-528.71677394	0.02311692
-528.68344089	0.02365275
-528.65010785	0.02214457
-528.61677480	0.01903654
-528.58344176	0.01450847
-528.55010871	0.00900461
-528.51677567	0.00319231
-528.48344262	-0.00248084
-528.45010958	-0.00737298
-528.41677653	-0.01115155
-528.38344349	-0.01343406
-528.35011044	-0.01402316
-528.31677740	-0.01295775
-528.28344435	-0.01035638
-528.25011131	-0.00659541
-528.21677826	-0.00200562
-528.18344522	0.00296095
-528.15011217	0.00796186
-528.11677913	0.01262285
-528.08344608	0.01674168
-528.05011304	0.02001629
-528.01677999	0.02225932
-527.98344695	0.02329945
-527.95011390	0.02312017
-527.91678086	0.02170913
-527.88344781	0.01932132
-527.85011477	0.01603277
-527.81678172	0.01222950
-527.78344868	0.00799694
-527.75011563	0.00368774
-527.71678259	-0.00039543
-527.68344954	-0.00400518
-527.65011650	-0.00688118
-527.61678345	-0.00886233
-527.58345041	-0.00983588
-527.55011736	-0.00984967
-527.51678432	-0.00901287
-527.48345127	-0.00764879
-527.45011823	-0.00593948
-527.41678518	-0.00415410
-527.38345214	-0.00249270
-527.35011910	-0.00099035
-527.31678605	0.00036052
-527.28345301	0.00167482
-527.25011996	0.00303623
-527.21678692	0.00436017
-527.18345387	0.00566792
-527.15012083	0.00680429
-527.11678778	0.00753206
-527.08345474	0.00790886
-527.05012169	0.00790819
-527.01678865	0.00756071
-526.98345560	0.00691975
-526.95012256	0.00612320
-526.91678951	0.00522172
-526.88345647	0.00426051
-526.85012342	0.00332802
-526.81679038	0.00244729
-526.78345733	0.00171542
-526.75012429	0.00123127
-526.71679124	0.00096238
-526.68345820	0.00089888
-526.65012515	0.00094580
-526.61679211	0.00102827
-526.58345906	0.00106213
-526.55012602	0.00098715
-526.51679297	0.00082152
-526.48345993	0.00063096
-526.45012688	0.00049902
-526.41679384	0.00045231
-526.38346079	0.00051913
-526.35012775	0.00069161
-526.31679470	0.00095489
-526.28346166	0.00132182
-526.25012861	0.00169833
-526.21679557	0.00210820
-526.18346252	0.00250516
-526.15012948	0.00280783
-526.11679643	0.00298602
-526.08346339	0.00298822
-526.05013034	0.00280016
-526.01679730	0.00243382
-525.98346425	0.00193725
-525.95013121	0.00138659
-525.91679816	0.00086377
-525.88346512	0.00043841
-525.85013207	0.00013992
-525.81679903	-0.00005291
-525.78346598	-0.00015074
-525.75013294	-0.00018757
-525.71679989	-0.00020417
-525.68346685	-0.00020007
-525.65013380	-0.00017851
-525.61680076	-0.00013460
-525.58346771	-0.00006284
-525.55013467	0.00003879
-525.51680162	0.00015755
-525.48346858	0.00027765
-525.45013553	0.00037915
-525.41680249	0.00045614
-525.38346944	0.00050737
-525.35013640	0.00053596
-525.31680335	0.00054344
-525.28347031	0.00053786
-525.25013726	0.00051592
-525.21680422	0.00047966
-525.18347117	0.00042867
-525.15013813	0.00036626
-525.11680508	0.00029971
-525.08347204	0.00023135
-525.05013899	0.00016862
-525.01680595	0.00011430
-524.98347291	0.00007129
-524.95013986	0.00003946
-524.91680682	0.00001831
-524.88347377	0.00000633
-524.85014073	0.00000111
-524.81680768	-0.00000009
-524.78347464	0.00000000
