# Menlo Systems GmbH ScanControl
# Program Version 1.7.0+git.a90605a3
# Start: -624.80000000 ps, Average over 2000 waveforms. Timestamp: 2023-05-25T15:24:51
# Window type: Tukey, parameters: alpha = 0.1
# User time axis shift: 0 ps
# Time axis offset: 0 ps
# Frequency [THz]	THz Signal [a.u.]
0.00000000	-19.33990522
0.00732607	-11.28116321
0.01465214	-13.94751187
0.02197821	-12.37674577
0.02930428	-13.98167045
0.03663035	-13.09214884
0.04395642	-14.13979878
0.05128249	-13.74634766
0.05860857	-13.62683673
0.06593464	-14.25348469
0.07326071	-13.98486882
0.08058678	-14.07323087
0.08791285	-14.07657410
0.09523892	-13.41151138
0.10256499	-12.87916083
0.10989106	-13.74600541
0.11721713	-12.33732670
0.12454320	-11.79251753
0.13186927	-12.40544684
0.13919534	-11.49602988
0.14652141	-11.22361551
0.15384748	-11.94396441
0.16117356	-11.20347559
0.16849963	-10.34833761
0.17582570	-10.01020092
0.18315177	-10.41275639
0.19047784	-9.75512969
0.19780391	-8.31350503
0.20512998	-8.74904268
0.21245605	-8.85489900
0.21978212	-7.74721815
0.22710819	-7.29308323
0.23443426	-7.62514746
0.24176033	-7.35859341
0.24908640	-6.77362355
0.25641247	-7.53763440
0.26373855	-7.31311259
0.27106462	-6.80399617
0.27839069	-6.83715472
0.28571676	-7.32569445
0.29304283	-6.61755541
0.30036890	-6.31562029
0.30769497	-6.39320228
0.31502104	-6.24845104
0.32234711	-5.70572897
0.32967318	-5.20909383
0.33699925	-5.64065874
0.34432532	-5.35487092
0.35165139	-4.76892955
0.35897746	-4.99084477
0.36630354	-4.93479203
0.37362961	-4.64156195
0.38095568	-4.85233838
0.38828175	-4.56239426
0.39560782	-4.48360822
0.40293389	-4.59700144
0.41025996	-4.47944507
0.41758603	-4.36610631
0.42491210	-4.15129947
0.43223817	-4.00366259
0.43956424	-3.81930379
0.44689031	-3.49456784
0.45421638	-3.04510071
0.46154245	-3.03666298
0.46886853	-2.90719722
0.47619460	-2.49725007
0.48352067	-2.52258339
0.49084674	-2.54181086
0.49817281	-2.41146288
0.50549888	-2.72834247
0.51282495	-2.40646421
0.52015102	-2.50588989
0.52747709	-2.64887812
0.53480316	-2.12030155
0.54212923	-2.25366389
0.54945530	-2.02352137
0.55678137	-2.37359531
0.56410744	-1.75094815
0.57143352	-1.11400065
0.57875959	-0.78794231
0.58608566	-0.99476163
0.59341173	-0.64240232
0.60073780	-0.69672327
0.60806387	-0.88168972
0.61538994	-0.60847360
0.62271601	-1.08128615
0.63004208	-0.95131487
0.63736815	-0.98941377
0.64469422	-1.32116632
0.65202029	-0.93494226
0.65934636	-1.03550449
0.66667243	-0.97335401
0.67399851	-0.73263297
0.68132458	-0.77815142
0.68865065	-0.45593652
0.69597672	-0.32321139
0.70330279	-0.23685161
0.71062886	-0.01760677
0.71795493	-0.19810747
0.72528100	-0.08362214
0.73260707	-0.32395911
0.73993314	-0.48718644
0.74725921	-0.80703800
0.75458528	-1.50498037
0.76191135	-0.83100243
0.76923742	-1.07973771
0.77656350	-0.75109978
0.78388957	-0.76695554
0.79121564	-0.65496463
0.79854171	-0.36874001
0.80586778	-0.43345823
0.81319385	-0.18577447
0.82051992	-0.10223033
0.82784599	-0.23216050
0.83517206	-0.01872032
0.84249813	-0.17410175
0.84982420	-0.28563700
0.85715027	-0.17240353
0.86447634	-0.52509241
0.87180241	-0.47474461
0.87912849	-0.61573372
0.88645456	-0.86469377
0.89378063	-0.71541197
0.90110670	-0.88164252
0.90843277	-0.82248143
0.91575884	-0.57554706
0.92308491	-0.62755968
0.93041098	-0.35770581
0.93773705	-0.13863438
0.94506312	-0.31848470
0.95238919	0.00000000
0.95971526	-0.26944632
0.96704133	-0.45651136
0.97436740	-0.49827177
0.98169348	-1.30960577
0.98901955	-1.45335061
0.99634562	-1.75401563
1.00367169	-1.69794196
1.01099776	-1.58225013
1.01832383	-1.99125670
1.02564990	-1.29220427
1.03297597	-1.60858430
1.04030204	-1.16376006
1.04762811	-0.99096843
1.05495418	-1.14875537
1.06228025	-0.72606244
1.06960632	-1.08495183
1.07693239	-1.04472519
1.08425847	-1.30628941
1.09158454	-2.23802808
1.09891061	-4.79465902
1.10623668	-2.45545031
1.11356275	-3.00726274
1.12088882	-2.31332490
1.12821489	-2.29415057
1.13554096	-2.15352355
1.14286703	-2.24089886
1.15019310	-2.49965454
1.15751917	-3.18311800
1.16484524	-5.28170312
1.17217131	-1.90556611
1.17949738	-1.58501619
1.18682346	-1.24562207
1.19414953	-1.44956648
1.20147560	-1.66171338
1.20880167	-2.84001028
1.21612774	-2.38033963
1.22345381	-2.71893524
1.23077988	-3.70635834
1.23810595	-3.08643777
1.24543202	-3.28404057
1.25275809	-3.08014804
1.26008416	-3.22607079
1.26741023	-2.93958738
1.27473630	-2.80340814
1.28206237	-2.75868475
1.28938845	-2.45280885
1.29671452	-2.66129829
1.30404059	-2.51511650
1.31136666	-2.65074687
1.31869273	-3.09652004
1.32601880	-2.97922790
1.33334487	-3.63426571
1.34067094	-3.52992037
1.34799701	-4.07099602
1.35532308	-4.33783668
1.36264915	-4.22239587
1.36997522	-4.85549787
1.37730129	-4.20137264
1.38462736	-4.61823267
1.39195344	-4.12732589
1.39927951	-4.17169221
1.40660558	-5.05268567
1.41393165	-6.18609124
1.42125772	-3.88958255
1.42858379	-3.78578738
1.43590986	-3.65304113
1.44323593	-4.12538498
1.45056200	-4.28883377
1.45788807	-4.78569199
1.46521414	-5.28465133
1.47254021	-5.48894979
1.47986628	-6.06180877
1.48719235	-5.82749140
1.49451843	-5.97698819
1.50184450	-5.73927058
1.50917057	-5.48804436
1.51649664	-5.40065819
1.52382271	-5.14447877
1.53114878	-5.24631949
1.53847485	-5.20453605
1.54580092	-5.48715030
1.55312699	-5.70341398
1.56045306	-6.26717736
1.56777913	-6.52166291
1.57510520	-7.27290499
1.58243127	-7.43347945
1.58975734	-8.04155049
1.59708342	-8.46816454
1.60440949	-9.56726654
1.61173556	-8.41010413
1.61906163	-8.11833271
1.62638770	-7.97601551
1.63371377	-7.98573227
1.64103984	-7.88799753
1.64836591	-8.30877606
1.65569198	-9.40650022
1.66301805	-13.11702374
1.67034412	-16.14747096
1.67767019	-11.44525882
1.68499626	-9.28733550
1.69232233	-9.43976451
1.69964841	-10.04397873
1.70697448	-10.64051323
1.71430055	-14.73583679
1.72162662	-15.18587630
1.72895269	-10.69730187
1.73627876	-10.31246359
1.74360483	-9.85122382
1.75093090	-9.73540667
1.75825697	-9.85399407
1.76558304	-10.21481976
1.77290911	-9.87013464
1.78023518	-10.14239330
1.78756125	-10.45185534
1.79488732	-11.91561702
1.80221340	-12.14131742
1.80953947	-11.61979705
1.81686554	-12.13231745
1.82419161	-12.37127160
1.83151768	-12.58694125
1.83884375	-12.78272473
1.84616982	-12.59636926
1.85349589	-12.88344798
1.86082196	-12.71852110
1.86814803	-15.28964506
1.87547410	-13.24689900
1.88280017	-12.44768744
1.89012624	-12.48247295
1.89745231	-12.66024407
1.90477839	-13.04997286
1.91210446	-13.51023608
1.91943053	-15.62616727
1.92675660	-14.82040558
1.93408267	-14.40673065
1.94140874	-14.61438020
1.94873481	-14.88576620
1.95606088	-14.83179754
1.96338695	-14.97429689
1.97071302	-14.76242742
1.97803909	-14.64731253
1.98536516	-14.51999427
1.99269123	-14.31959860
2.00001730	-14.43312724
2.00734338	-14.34551997
2.01466945	-14.70408140
2.02199552	-14.79761071
2.02932159	-14.96553418
2.03664766	-15.71140102
2.04397373	-16.75985281
2.05129980	-15.96873899
2.05862587	-16.27368622
2.06595194	-16.35746296
2.07327801	-17.12126822
2.08060408	-16.97826470
2.08793015	-16.36743132
2.09525622	-16.34505910
2.10258229	-16.21221601
2.10990837	-16.26330435
2.11723444	-16.25905484
2.12456051	-16.39748765
2.13188658	-16.57763316
2.13921265	-16.86872939
2.14653872	-17.38453262
2.15386479	-17.95832891
2.16119086	-20.13649527
2.16851693	-22.30905318
2.17584300	-18.93166420
2.18316907	-19.40092974
2.19049514	-19.46462591
2.19782121	-22.92686380
2.20514728	-20.10535556
2.21247336	-19.42697382
2.21979943	-21.01725406
2.22712550	-21.66354169
2.23445157	-19.08260252
2.24177764	-19.30384868
2.24910371	-19.52315920
2.25642978	-19.92035082
2.26375585	-23.47674144
2.27108192	-22.23750329
2.27840799	-20.40044402
2.28573406	-20.47620214
2.29306013	-20.84639585
2.30038620	-20.98613542
2.30771227	-21.35699239
2.31503835	-21.58840067
2.32236442	-21.84120193
2.32969049	-21.95335707
2.33701656	-22.01264586
2.34434263	-23.05081259
2.35166870	-22.63711907
2.35899477	-22.07026397
2.36632084	-23.27232465
2.37364691	-22.76251300
2.38097298	-22.55305371
2.38829905	-24.27121329
2.39562512	-26.85101968
2.40295119	-23.48572200
2.41027726	-23.68993022
2.41760334	-23.57515527
2.42492941	-24.05000708
2.43225548	-24.16593227
2.43958155	-24.21676010
2.44690762	-24.49490394
2.45423369	-24.46094671
2.46155976	-26.67090911
2.46888583	-27.00401200
2.47621190	-24.41352338
2.48353797	-24.41008053
2.49086404	-24.35315407
2.49819011	-24.53960309
2.50551618	-24.76729323
2.51284225	-25.00949106
2.52016833	-25.38533886
2.52749440	-25.61841962
2.53482047	-25.91276832
2.54214654	-26.11050799
2.54947261	-26.31973494
2.55679868	-26.46043736
2.56412475	-26.53564539
2.57145082	-26.63566917
2.57877689	-26.41940994
2.58610296	-26.42022585
2.59342903	-26.44251249
2.60075510	-26.58152379
2.60808117	-26.85507865
2.61540724	-27.22482215
2.62273332	-27.98586987
2.63005939	-30.00646128
2.63738546	-33.93171674
2.64471153	-35.17343782
2.65203760	-31.63037620
2.65936367	-29.08889181
2.66668974	-29.32848763
2.67401581	-28.87044341
2.68134188	-28.74157706
2.68866795	-29.67220592
2.69599402	-28.67013566
2.70332009	-28.52608532
2.71064616	-28.40418480
2.71797223	-28.50683323
2.72529830	-28.47498584
2.73262438	-28.60979147
2.73995045	-28.83006000
2.74727652	-29.13085970
2.75460259	-29.70271460
2.76192866	-30.47117624
2.76925473	-33.19130426
2.77658080	-36.20499202
2.78390687	-34.18710964
2.79123294	-31.65556885
2.79855901	-31.34938924
2.80588508	-31.11770084
2.81321115	-31.00722339
2.82053722	-30.76423904
2.82786329	-30.60785029
2.83518937	-30.53640090
2.84251544	-30.55906671
2.84984151	-30.61215347
2.85716758	-30.65990991
2.86449365	-30.88879977
2.87181972	-31.15686560
2.87914579	-32.42494761
2.88647186	-33.76569295
2.89379793	-32.45224587
2.90112400	-32.54125425
2.90845007	-32.63325238
2.91577614	-32.79672720
2.92310221	-32.65001164
2.93042828	-32.59112985
2.93775436	-32.44160923
2.94508043	-32.46674747
2.95240650	-32.45273169
2.95973257	-32.80357181
2.96705864	-34.45566006
2.97438471	-35.86619600
2.98171078	-33.76455942
2.98903685	-33.05296220
2.99636292	-33.47957282
3.00368899	-34.35745154
3.01101506	-37.01652500
3.01834113	-38.38482624
3.02566720	-37.84966801
3.03299327	-35.81265347
3.04031935	-35.28430498
3.04764542	-36.15833922
3.05497149	-35.27692230
3.06229756	-34.71701083
3.06962363	-34.28235040
3.07694970	-34.07416521
3.08427577	-33.74093677
3.09160184	-33.89336834
3.09892791	-33.98092064
3.10625398	-34.25196244
3.11358005	-34.49116340
3.12090612	-34.84558592
3.12823219	-35.71326213
3.13555826	-37.26540099
3.14288434	-38.40085267
3.15021041	-36.67407374
3.15753648	-36.19059973
3.16486255	-36.16651749
3.17218862	-38.16215117
3.17951469	-36.34419217
3.18684076	-36.07876627
3.19416683	-35.13378822
3.20149290	-34.79488974
3.20881897	-34.71892533
3.21614504	-35.20197949
3.22347111	-34.97655895
3.23079718	-35.78046896
3.23812325	-36.44286417
3.24544933	-36.00205472
3.25277540	-36.23070969
3.26010147	-36.32926199
3.26742754	-36.35372543
3.27475361	-36.14250557
3.28207968	-36.00682453
3.28940575	-35.72994142
3.29673182	-35.36932413
3.30405789	-34.98706144
3.31138396	-34.70291845
3.31871003	-34.67446757
3.32603610	-34.66489347
3.33336217	-36.81784340
3.34068824	-37.22219831
3.34801432	-35.93301530
3.35534039	-36.08142818
3.36266646	-36.40220395
3.36999253	-36.74622450
3.37731860	-37.02769314
3.38464467	-36.84793521
3.39197074	-36.83409569
3.39929681	-36.62069818
3.40662288	-36.30266538
3.41394895	-35.83741279
3.42127502	-35.30578964
3.42860109	-34.99258620
3.43592716	-34.87393604
3.44325323	-34.87851703
3.45057931	-34.94329801
3.45790538	-35.36114126
3.46523145	-35.75685248
3.47255752	-36.25625672
3.47988359	-36.56578737
3.48720966	-36.79379280
3.49453573	-36.87429182
3.50186180	-37.15895307
3.50918787	-36.67504325
3.51651394	-36.29516234
3.52384001	-35.91162747
3.53116608	-35.39894372
3.53849215	-36.40359686
3.54581822	-35.83666185
3.55314430	-35.26291621
3.56047037	-35.39255798
3.56779644	-35.52343857
3.57512251	-35.81928144
3.58244858	-36.21451247
3.58977465	-36.69106366
3.59710072	-38.06174303
3.60442679	-40.69062539
3.61175286	-38.28735617
3.61907893	-38.36769282
3.62640500	-37.52872644
3.63373107	-37.60566791
3.64105714	-37.58004182
3.64838321	-39.55452591
3.65570929	-41.75001256
3.66303536	-41.76315888
3.67036143	-39.16439139
3.67768750	-37.39668739
3.68501357	-37.33952393
3.69233964	-37.72717869
3.69966571	-37.89218233
3.70699178	-37.89442426
3.71431785	-38.17864959
3.72164392	-38.49067882
3.72896999	-38.59746392
3.73629606	-38.54922297
3.74362213	-38.42986384
3.75094820	-38.23545215
3.75827428	-38.05518069
3.76560035	-37.87704294
3.77292642	-37.93481400
3.78025249	-38.01825775
3.78757856	-38.53134395
3.79490463	-39.93107192
3.80223070	-42.23751876
3.80955677	-42.62447918
3.81688284	-42.33387992
3.82420891	-39.63497225
3.83153498	-39.10205055
3.83886105	-39.08085695
3.84618712	-39.26797582
3.85351319	-39.56422807
3.86083927	-39.87092313
3.86816534	-39.34060824
3.87549141	-39.33212739
3.88281748	-39.21687442
3.89014355	-39.22006117
3.89746962	-39.25309779
3.90479569	-39.27794184
3.91212176	-39.45472358
3.91944783	-39.79736909
3.92677390	-40.43481536
3.93409997	-40.75832222
3.94142604	-41.60749144
3.94875211	-43.15499076
3.95607818	-44.28844102
3.96340426	-43.49012942
3.97073033	-45.73511188
3.97805640	-46.89800898
3.98538247	-44.48324155
3.99270854	-42.28966376
4.00003461	-42.59533053
4.00736068	-42.44441171
4.01468675	-42.12050077
4.02201282	-42.65074387
4.02933889	-42.91645282
4.03666496	-42.96423966
4.04399103	-43.19713417
4.05131710	-43.40533763
4.05864317	-43.76196455
4.06596925	-43.99376662
4.07329532	-44.48955377
4.08062139	-44.71432892
4.08794746	-44.85455075
4.09527353	-44.93866313
4.10259960	-44.96392118
4.10992567	-45.05876416
4.11725174	-45.07901734
4.12457781	-45.24017494
4.13190388	-45.37299853
4.13922995	-45.73212892
4.14655602	-46.59699254
4.15388209	-47.86541204
4.16120816	-51.18860192
4.16853424	-48.14185288
4.17586031	-46.09293078
4.18318638	-44.75679770
4.19051245	-48.37856046
4.19783852	-46.88182551
4.20516459	-46.39474631
4.21249066	-47.73922580
4.21981673	-49.66283027
4.22714280	-47.20522101
4.23446887	-46.66152478
4.24179494	-47.64162936
4.24912101	-46.79251434
4.25644708	-46.97884333
4.26377315	-47.33543862
4.27109923	-47.87700803
4.27842530	-48.37789655
4.28575137	-49.15237927
4.29307744	-49.73421508
4.30040351	-50.69754969
4.30772958	-51.42885486
4.31505565	-52.28880830
4.32238172	-52.94917525
4.32970779	-53.69240717
4.33703386	-54.17003736
4.34435993	-54.55957653
4.35168600	-54.67724674
4.35901207	-55.04793423
4.36633814	-55.40418065
4.37366422	-56.00355150
4.38099029	-56.63232885
4.38831636	-57.35363114
4.39564243	-57.82333175
4.40296850	-58.73891346
4.41029457	-59.21297566
4.41762064	-60.00059027
4.42494671	-60.51466737
4.43227278	-60.45556882
4.43959885	-60.19790053
4.44692492	-59.07607344
4.45425099	-57.33397786
4.46157706	-54.90051998
4.46890313	-52.95394527
4.47622921	-53.96478857
4.48355528	-57.79142935
4.49088135	-56.27849548
4.49820742	-53.51889133
4.50553349	-51.35038922
4.51285956	-52.38049273
4.52018563	-53.36589128
4.52751170	-53.18222749
4.53483777	-57.18335820
4.54216384	-55.29072953
4.54948991	-57.23332906
4.55681598	-60.87900854
4.56414205	-63.65189211
4.57146812	-63.30006135
4.57879420	-62.04899366
4.58612027	-60.44043265
4.59344634	-57.50244603
4.60077241	-55.54279320
4.60809848	-55.54046759
4.61542455	-58.52983430
4.62275062	-60.32532581
4.63007669	-61.17162795
4.63740276	-61.30975013
4.64472883	-61.68633352
4.65205490	-61.80280282
4.65938097	-62.11607200
4.66670704	-61.81186266
4.67403311	-61.09867679
4.68135919	-60.71078208
4.68868526	-59.59596226
4.69601133	-59.83032210
4.70333740	-58.92858457
4.71066347	-57.63766076
4.71798954	-56.81071001
4.72531561	-56.02150781
4.73264168	-57.33979111
4.73996775	-57.40904835
4.74729382	-61.99056168
4.75461989	-62.19154736
4.76194596	-61.96991112
4.76927203	-61.96507112
4.77659810	-62.43392869
4.78392418	-62.20496716
4.79125025	-62.07740361
4.79857632	-61.66220601
4.80590239	-61.25213212
4.81322846	-60.89861031
4.82055453	-60.07935169
4.82788060	-59.74808163
4.83520667	-59.30278100
4.84253274	-59.18781022
4.84985881	-59.30647412
4.85718488	-59.43564177
4.86451095	-59.83255303
4.87183702	-60.30125240
4.87916309	-60.92840364
4.88648917	-61.75360980
4.89381524	-62.34149635
4.90114131	-62.78505356
4.90846738	-62.67430926
4.91579345	-62.71181821
4.92311952	-62.24021417
4.93044559	-61.80072459
4.93777166	-61.02996966
4.94509773	-60.62355610
4.95242380	-60.49902003
4.95974987	-60.28391807
4.96707594	-60.55030767
4.97440201	-60.87407496
4.98172808	-61.58148808
4.98905416	-62.67014311
4.99638023	-63.28594372
5.00370630	-65.46698933
5.01103237	-65.03411302
5.01835844	-64.74669889
5.02568451	-64.63118018
5.03301058	-64.11248558
5.04033665	-63.75364076
5.04766272	-63.10237259
5.05498879	-62.86799156
5.06231486	-61.98649417
5.06964093	-62.28855526
5.07696700	-62.58233744
5.08429307	-63.57277227
5.09161915	-65.17182124
5.09894522	-69.03283784
5.10627129	-72.41146526
5.11359736	-70.32173464
5.12092343	-68.40611900
5.12824950	-65.53321572
5.13557557	-65.87227868
5.14290164	-66.31530135
5.15022771	-66.63931930
5.15755378	-66.73323696
5.16487985	-66.79675233
5.17220592	-66.64572666
5.17953199	-67.70766609
5.18685806	-67.88886951
5.19418414	-70.57423520
5.20151021	-70.46009691
5.20883628	-68.50440647
5.21616235	-68.66731503
5.22348842	-70.87629537
5.23081449	-74.66977163
5.23814056	-78.79145377
5.24546663	-91.28810193
5.25279270	-86.58243427
5.26011877	-77.54039993
5.26744484	-74.29863134
5.27477091	-68.22899657
5.28209698	-66.27546779
5.28942305	-69.56537107
5.29674913	-77.98660871
5.30407520	-78.38199449
5.31140127	-76.08758469
5.31872734	-69.95729853
5.32605341	-68.86658822
5.33337948	-76.25128913
5.34070555	-78.34813423
5.34803162	-72.50992677
5.35535769	-69.14169700
5.36268376	-68.00252873
5.37000983	-66.22765896
5.37733590	-66.95229326
5.38466197	-65.73344151
5.39198804	-65.38567405
5.39931411	-64.50517856
5.40664019	-64.70003392
5.41396626	-64.16680490
5.42129233	-63.90552908
5.42861840	-63.53092058
5.43594447	-63.77260840
5.44327054	-67.11225422
5.45059661	-66.02042489
5.45792268	-64.27683791
5.46524875	-64.15436202
5.47257482	-64.08115609
5.47990089	-64.02905265
5.48722696	-64.09203941
5.49455303	-63.99424495
5.50187910	-63.81441668
5.50920518	-64.08810230
5.51653125	-63.88647696
5.52385732	-63.76332689
5.53118339	-64.06281759
5.53850946	-64.32270077
5.54583553	-64.97046863
5.55316160	-65.39454649
5.56048767	-66.12851219
5.56781374	-66.87028947
5.57513981	-67.41348667
5.58246588	-68.60548162
5.58979195	-68.78625923
5.59711802	-69.59980065
5.60444409	-69.76409386
5.61177017	-69.60056164
5.61909624	-69.65463804
5.62642231	-69.51303186
5.63374838	-69.73203914
5.64107445	-69.29373420
5.64840052	-67.88469749
5.65572659	-68.51098770
5.66305266	-69.56402827
5.67037873	-69.88654757
5.67770480	-70.45688930
5.68503087	-70.03830558
5.69235694	-70.45303039
5.69968301	-70.14751297
5.70700908	-69.84525014
5.71433516	-69.59892852
5.72166123	-69.16080847
5.72898730	-69.02559171
5.73631337	-68.63224352
5.74363944	-68.04882871
5.75096551	-68.35495424
5.75829158	-67.82384353
5.76561765	-68.75041521
5.77294372	-68.59922650
5.78026979	-68.75570459
5.78759586	-67.86829656
5.79492193	-68.19660050
5.80224800	-66.96604432
5.80957407	-68.38551905
5.81690015	-67.18138650
5.82422622	-66.50244684
5.83155229	-66.77327410
5.83887836	-67.67351676
5.84620443	-66.83176334
5.85353050	-65.98213289
5.86085657	-66.41786039
5.86818264	-65.87180852
5.87550871	-66.36696345
5.88283478	-66.05646520
5.89016085	-65.86400379
5.89748692	-66.04860804
5.90481299	-66.04443130
5.91213906	-66.29006041
5.91946514	-66.54694925
5.92679121	-66.72721261
5.93411728	-67.01956617
5.94144335	-66.65613488
5.94876942	-67.33423793
5.95609549	-67.67514861
5.96342156	-67.96887141
5.97074763	-68.25059315
5.97807370	-68.45147596
5.98539977	-68.90957082
5.99272584	-69.03318379
6.00005191	-69.61474806
6.00737798	-69.83199234
6.01470405	-69.87011249
6.02203013	-70.04513299
6.02935620	-70.50700953
6.03668227	-70.41759486
6.04400834	-69.62140452
6.05133441	-68.49733488
6.05866048	-67.70882695
6.06598655	-67.66071179
6.07331262	-68.53446912
6.08063869	-68.11586216
6.08796476	-68.07859892
6.09529083	-67.65925959
6.10261690	-68.68322537
6.10994297	-68.98665880
6.11726904	-69.87918616
6.12459512	-69.43936305
6.13192119	-69.44036804
6.13924726	-69.19592960
6.14657333	-68.90854636
6.15389940	-68.48867042
6.16122547	-68.43526165
6.16855154	-68.45787531
6.17587761	-68.07647121
6.18320368	-67.36853252
6.19052975	-67.64098189
6.19785582	-68.12236206
6.20518189	-68.09237562
6.21250796	-68.19193287
6.21983403	-68.01079946
6.22716011	-68.90438329
6.23448618	-69.20095308
6.24181225	-70.00474738
6.24913832	-69.23141237
6.25646439	-69.38714816
6.26379046	-69.01471645
6.27111653	-69.56224395
6.27844260	-69.16539632
6.28576867	-69.93767896
6.29309474	-70.26927095
6.30042081	-70.97617385
6.30774688	-70.77883333
6.31507295	-70.20032793
6.32239902	-69.93485654
6.32972510	-69.68558598
6.33705117	-70.44320383
6.34437724	-69.71984658
6.35170331	-69.15602111
6.35902938	-69.19532110
6.36635545	-69.69225313
6.37368152	-70.05848544
6.38100759	-69.49978694
6.38833366	-70.65536765
6.39565973	-69.77683163
6.40298580	-70.36714253
6.41031187	-70.37701290
6.41763794	-70.31500658
6.42496401	-70.15851238
6.43229009	-69.77559216
6.43961616	-70.19912387
6.44694223	-69.87684324
6.45426830	-70.45509709
6.46159437	-70.16973534
6.46892044	-70.77232812
6.47624651	-70.93750696
6.48357258	-70.98901097
6.49089865	-70.76713477
6.49822472	-70.87894205
6.50555079	-71.34975171
6.51287686	-71.42179215
6.52020293	-71.36347318
6.52752900	-71.28276260
6.53485508	-71.25536914
6.54218115	-70.88753018
6.54950722	-70.69180229
6.55683329	-70.59406241
6.56415936	-70.74854088
6.57148543	-70.54915298
6.57881150	-71.25415512
6.58613757	-71.22619490
6.59346364	-71.07362550
6.60078971	-71.35343146
6.60811578	-72.38392664
6.61544185	-71.80332413
6.62276792	-71.35640620
6.63009399	-71.99100451
6.63742007	-71.33817910
6.64474614	-71.99741470
6.65207221	-72.03710900
6.65939828	-72.79313765
6.66672435	-72.60599163
6.67405042	-73.81872373
6.68137649	-72.65036300
6.68870256	-72.52523576
6.69602863	-73.13179380
6.70335470	-73.10356427
6.71068077	-73.03385519
6.71800684	-72.67633805
6.72533291	-73.88222460
6.73265898	-73.33120536
6.73998506	-72.89698358
6.74731113	-72.44267291
6.75463720	-73.10586045
6.76196327	-72.33366119
6.76928934	-72.57976818
6.77661541	-73.10335789
6.78394148	-72.82313923
6.79126755	-73.68366327
6.79859362	-73.53450101
6.80591969	-73.86295577
6.81324576	-73.96157421
6.82057183	-73.85525955
6.82789790	-73.40001401
6.83522397	-74.74052206
6.84255005	-73.95953138
6.84987612	-75.40269012
6.85720219	-74.49433223
6.86452826	-74.90363928
6.87185433	-73.96416273
6.87918040	-74.07351273
6.88650647	-74.97628391
6.89383254	-75.03196779
6.90115861	-75.07327287
6.90848468	-75.08624359
6.91581075	-75.99021262
6.92313682	-75.32044270
6.93046289	-75.76503534
6.93778896	-75.87400354
6.94511504	-76.14726118
6.95244111	-76.29987890
6.95976718	-76.46856033
6.96709325	-76.55077147
6.97441932	-76.49403115
6.98174539	-77.11524543
6.98907146	-76.79705799
6.99639753	-77.32334196
7.00372360	-76.25509701
7.01104967	-76.92611043
7.01837574	-76.62244294
7.02570181	-77.37321181
7.03302788	-76.38056315
7.04035395	-77.39091217
7.04768003	-76.26560358
7.05500610	-76.99595862
7.06233217	-77.69242405
7.06965824	-77.91472249
7.07698431	-77.79262421
7.08431038	-78.42889633
7.09163645	-79.11952930
7.09896252	-78.12470933
7.10628859	-78.23208541
7.11361466	-78.01201694
7.12094073	-77.06511405
7.12826680	-77.84488984
7.13559287	-77.17949407
7.14291894	-78.30156414
7.15024502	-79.30083600
7.15757109	-78.88664211
7.16489716	-80.61999322
7.17222323	-78.65633749
7.17954930	-80.33219394
7.18687537	-80.92570373
7.19420144	-79.75521092
7.20152751	-82.13172433
7.20885358	-80.14815353
7.21617965	-82.77011074
7.22350572	-80.70822796
7.23083179	-82.12685282
7.23815786	-79.42616827
7.24548393	-79.57358948
7.25281001	-80.80801041
7.26013608	-80.38250426
7.26746215	-82.60144206
7.27478822	-81.97299879
7.28211429	-81.79651424
7.28944036	-83.28710988
7.29676643	-85.42098573
7.30409250	-83.21067046
7.31141857	-84.36247340
7.31874464	-84.91476993
7.32607071	-86.48621238
7.33339678	-84.45644326
7.34072285	-86.57183329
7.34804892	-85.42669392
7.35537500	-85.14379961
7.36270107	-84.11215927
7.37002714	-87.72929034
7.37735321	-82.18573140
7.38467928	-89.49434546
7.39200535	-86.17957029
7.39933142	-85.77318035
7.40665749	-87.33902508
7.41398356	-87.37502962
7.42130963	-89.32366237
7.42863570	-87.94525130
7.43596177	-90.48669107
7.44328784	-87.73813559
7.45061391	-87.83610517
7.45793999	-86.58351369
7.46526606	-90.04752603
7.47259213	-87.48224924
7.47991820	-87.15055185
7.48724427	-90.98362851
7.49457034	-90.75281726
7.50189641	-92.49327267
7.50922248	-86.80053376
7.51654855	-90.41235831
7.52387462	-90.44002038
7.53120069	-89.45315073
7.53852676	-89.05203936
7.54585283	-94.46824833
7.55317890	-86.51152477
7.56050498	-94.05093961
7.56783105	-88.25200387
7.57515712	-105.50566410
7.58248319	-89.08134648
7.58980926	-95.42783762
7.59713533	-87.44116511
7.60446140	-96.20999972
7.61178747	-96.68851738
7.61911354	-96.77855159
7.62643961	-96.36616934
7.63376568	-95.53110069
7.64109175	-104.81194353
7.64841782	-92.37130915
7.65574389	-102.46007748
7.66306997	-94.52298157
7.67039604	-115.67079874
7.67772211	-93.80957661
7.68504818	-94.53775705
7.69237425	-92.75724062
7.69970032	-89.25894291
7.70702639	-97.03420556
7.71435246	-92.22499733
7.72167853	-98.20904809
7.72900460	-95.98278616
7.73633067	-96.55578555
7.74365674	-98.13371274
7.75098281	-98.25084306
7.75830888	-98.46730602
7.76563496	-96.27164947
7.77296103	-99.08288400
7.78028710	-108.53389504
7.78761317	-93.73159274
7.79493924	-107.80765919
7.80226531	-93.16839793
7.80959138	-92.79069785
7.81691745	-94.23183714
7.82424352	-100.59257504
7.83156959	-108.38123176
7.83889566	-104.44659272
7.84622173	-94.49565934
7.85354780	-104.64723704
7.86087387	-95.37079607
7.86819995	-105.85469367
7.87552602	-105.27829071
7.88285209	-97.46170022
7.89017816	-109.12900280
7.89750423	-99.93235390
7.90483030	-100.65148030
7.91215637	-100.26663790
7.91948244	-88.30610097
7.92680851	-88.81766273
7.93413458	-93.38960405
7.94146065	-94.45280681
7.94878672	-93.91245660
7.95611279	-93.15267932
7.96343886	-98.29468510
7.97076494	-94.99443456
7.97809101	-86.78485271
7.98541708	-90.85436280
7.99274315	-94.00922084
8.00006922	-105.64936720
8.00739529	-94.45797707
8.01472136	-95.70912858
8.02204743	-95.82677701
8.02937350	-99.32731059
8.03669957	-92.62628757
8.04402564	-94.50032294
8.05135171	-92.20762932
8.05867778	-107.71169346
8.06600385	-90.97194310
8.07332993	-97.51942986
8.08065600	-96.09566053
8.08798207	-110.20269379
8.09530814	-90.97570563
8.10263421	-94.74658782
8.10996028	-90.18293919
8.11728635	-97.70169751
8.12461242	-88.61274810
8.13193849	-90.09146878
8.13926456	-94.07838693
8.14659063	-98.85535007
8.15391670	-104.36505405
8.16124277	-94.13309892
8.16856884	-94.65117076
8.17589491	-90.58712492
8.18322099	-108.11096832
8.19054706	-96.18333289
8.19787313	-95.65259100
8.20519920	-99.18975626
8.21252527	-90.51086991
8.21985134	-89.38931307
8.22717741	-95.10447117
8.23450348	-101.56807556
8.24182955	-92.82594550
8.24915562	-90.43929658
8.25648169	-92.96894089
8.26380776	-91.66040182
8.27113383	-90.61717845
8.27845990	-93.68569324
8.28578598	-89.66553178
8.29311205	-95.22728618
8.30043812	-103.72254445
8.30776419	-94.89955820
8.31509026	-98.41590883
8.32241633	-87.92825791
8.32974240	-106.85928202
8.33706847	-89.13323512
8.34439454	-102.03567989
8.35172061	-90.63365132
8.35904668	-89.80797671
8.36637275	-94.44009880
8.37369882	-109.62642699
8.38102489	-95.97315069
8.38835097	-109.39584973
8.39567704	-93.17039912
8.40300311	-94.48640377
8.41032918	-92.02011350
8.41765525	-102.61260388
8.42498132	-91.69487335
8.43230739	-105.77847339
8.43963346	-93.94932668
8.44695953	-91.92531802
8.45428560	-89.70703619
8.46161167	-101.39434461
8.46893774	-91.89088737
8.47626381	-100.26913857
8.48358988	-96.00170063
8.49091596	-90.67916362
8.49824203	-95.56292171
8.50556810	-96.38226440
8.51289417	-94.09814748
8.52022024	-93.67092960
8.52754631	-99.09588608
8.53487238	-92.60549299
8.54219845	-95.36781787
8.54952452	-106.25067158
8.55685059	-92.98325332
8.56417666	-103.71638129
8.57150273	-94.45020660
8.57882880	-98.61853370
8.58615487	-97.37768959
8.59348095	-95.05065336
8.60080702	-91.56228910
8.60813309	-95.70015424
8.61545916	-93.31960252
8.62278523	-92.03042437
8.63011130	-105.88951041
8.63743737	-102.68444490
8.64476344	-99.68917248
8.65208951	-94.84825921
8.65941558	-91.79953724
8.66674165	-92.32598299
8.67406772	-119.48147457
8.68139379	-100.46424978
8.68871986	-100.14058711
8.69604594	-93.53844216
8.70337201	-107.71775124
8.71069808	-104.17322847
8.71802415	-98.64557831
8.72535022	-98.36504544
8.73267629	-90.76026067
8.74000236	-95.00930775
8.74732843	-93.48497844
8.75465450	-113.29197872
8.76198057	-93.95642741
8.76930664	-98.01302776
8.77663271	-95.88374495
8.78395878	-91.25604457
8.79128485	-90.55677696
8.79861093	-97.14713546
8.80593700	-100.72318364
8.81326307	-101.18092760
8.82058914	-97.76970944
8.82791521	-108.89305397
8.83524128	-98.15326307
8.84256735	-97.88709607
8.84989342	-98.06705212
8.85721949	-92.69814436
8.86454556	-91.43240231
8.87187163	-91.26624082
8.87919770	-97.10233720
8.88652377	-91.19458544
8.89384984	-91.00596131
8.90117592	-109.66626056
8.90850199	-91.63534355
8.91582806	-98.93851134
8.92315413	-92.33902007
8.93048020	-93.90461523
8.93780627	-93.64621757
8.94513234	-99.46826990
8.95245841	-98.51963499
8.95978448	-96.11184217
8.96711055	-102.73863597
8.97443662	-103.10834666
8.98176269	-94.17627608
8.98908876	-100.51211522
8.99641483	-96.72125757
9.00374091	-93.82358859
9.01106698	-96.63891379
9.01839305	-96.56715688
9.02571912	-98.62710888
9.03304519	-97.88967938
9.04037126	-94.86502398
9.04769733	-100.95213793
9.05502340	-100.81507554
9.06234947	-93.52453592
9.06967554	-96.32006763
9.07700161	-110.47096740
9.08432768	-95.94560558
9.09165375	-100.06865851
9.09897982	-98.34928040
9.10630590	-97.33134093
9.11363197	-95.54113491
9.12095804	-95.55232907
9.12828411	-99.65705029
9.13561018	-97.84289779
9.14293625	-94.97651939
9.15026232	-99.31056302
9.15758839	-91.86801671
9.16491446	-92.53218285
9.17224053	-96.22058562
9.17956660	-90.28188912
9.18689267	-96.87704904
9.19421874	-93.92087291
9.20154481	-111.84774272
9.20887089	-91.66327493
9.21619696	-98.28605894
9.22352303	-103.88216506
9.23084910	-110.59391004
9.23817517	-108.65099690
9.24550124	-99.10611638
9.25282731	-96.05729569
9.26015338	-109.92040196
9.26747945	-95.59615464
9.27480552	-129.98290183
9.28213159	-92.96841589
9.28945766	-103.38094410
9.29678373	-99.03356091
9.30410980	-93.17512727
9.31143588	-92.88770248
9.31876195	-94.54470860
9.32608802	-96.04320514
9.33341409	-103.19973730
9.34074016	-124.90298888
9.34806623	-94.83988387
9.35539230	-103.58253044
9.36271837	-92.51150531
9.37004444	-95.93529598
9.37737051	-97.27714496
9.38469658	-97.36592196
9.39202265	-92.91447431
9.39934872	-100.11860737
9.40667479	-95.87072313
9.41400087	-93.67983047
9.42132694	-92.42087517
9.42865301	-92.32698360
9.43597908	-96.14181048
9.44330515	-97.56954716
9.45063122	-96.39296952
9.45795729	-103.15500549
9.46528336	-109.35594983
9.47260943	-90.20565350
9.47993550	-93.02371152
9.48726157	-98.58097056
9.49458764	-103.47222540
9.50191371	-97.91682347
9.50923978	-96.67212404
9.51656586	-89.82208086
9.52389193	-91.54107581
9.53121800	-106.21529500
9.53854407	-94.94267529
9.54587014	-97.66380017
9.55319621	-96.47131353
9.56052228	-98.24501903
9.56784835	-92.85550455
9.57517442	-99.23759840
9.58250049	-94.05422319
9.58982656	-91.10332244
9.59715263	-98.19759910
9.60447870	-99.66290501
9.61180477	-104.40707979
9.61913085	-96.91725253
9.62645692	-97.90881240
9.63378299	-102.52273900
9.64110906	-131.03415215
9.64843513	-100.61327414
9.65576120	-106.28437927
9.66308727	-91.51090236
9.67041334	-93.66468388
9.67773941	-94.47054585
9.68506548	-100.03622818
9.69239155	-101.73035429
9.69971762	-96.49002090
9.70704369	-98.22330175
9.71436976	-97.13417265
9.72169584	-96.49229169
9.72902191	-93.65294097
9.73634798	-98.02319625
9.74367405	-91.78495704
9.75100012	-107.69076426
9.75832619	-93.74218507
9.76565226	-98.89226975
9.77297833	-105.21828515
9.78030440	-98.43160232
9.78763047	-102.72370493
9.79495654	-104.00905027
9.80228261	-100.94309463
9.80960868	-103.68882690
9.81693475	-97.20203734
9.82426083	-98.90636590
9.83158690	-94.44504403
9.83891297	-93.88226886
9.84623904	-92.36321015
9.85356511	-103.64712021
9.86089118	-90.22593475
9.86821725	-100.25062698
9.87554332	-102.94407129
9.88286939	-102.41931535
9.89019546	-108.84921089
9.89752153	-104.45368486
9.90484760	-95.29527845
9.91217367	-93.64697179
9.91949974	-97.47026832
9.92682582	-95.28317610
9.93415189	-97.12710781
9.94147796	-93.47968762
9.94880403	-96.09581503
9.95613010	-113.69490996
9.96345617	-88.31506698
9.97078224	-89.71712577
9.97810831	-98.12568656
9.98543438	-103.09502529
9.99276045	-103.25086612
10.00008652	-96.29845562
10.00741259	-96.98267348
10.01473866	-95.28173373
10.02206473	-97.04797010
10.02939081	-91.23694426
10.03671688	-99.84748361
10.04404295	-99.31789653
10.05136902	-98.68711071
10.05869509	-96.70629753
10.06602116	-101.38922954
10.07334723	-97.12993140
10.08067330	-99.37766171
10.08799937	-91.28295375
10.09532544	-93.13246068
10.10265151	-102.64635315
10.10997758	-97.85767825
10.11730365	-114.65991836
10.12462972	-98.29602118
10.13195580	-100.74486297
10.13928187	-99.19684578
10.14660794	-98.65704757
10.15393401	-100.23095922
10.16126008	-99.22021344
10.16858615	-94.94295463
10.17591222	-107.41864510
10.18323829	-95.63498100
10.19056436	-97.84566985
10.19789043	-92.10663098
10.20521650	-96.52775896
10.21254257	-94.16173327
10.21986864	-99.08904287
10.22719471	-98.92241369
10.23452079	-93.98141651
10.24184686	-95.11775131
10.24917293	-94.14635528
10.25649900	-96.48393673
10.26382507	-96.01671033
10.27115114	-97.36081394
10.27847721	-111.55159991
10.28580328	-97.87485099
10.29312935	-93.49359668
10.30045542	-92.85231975
10.30778149	-100.65569396
10.31510756	-99.31574157
10.32243363	-96.82971548
10.32975970	-97.63129308
10.33708578	-97.86293544
10.34441185	-98.97458265
10.35173792	-102.59849952
10.35906399	-111.22281490
10.36639006	-98.15165642
10.37371613	-100.01147724
10.38104220	-95.38004805
10.38836827	-95.25054761
10.39569434	-102.44624497
10.40302041	-91.74755805
10.41034648	-96.86054541
10.41767255	-96.21567742
10.42499862	-98.60889295
10.43232469	-98.91360306
10.43965077	-97.82640227
10.44697684	-108.05207513
10.45430291	-103.10841702
10.46162898	-98.99511331
10.46895505	-97.53354327
10.47628112	-95.14405847
10.48360719	-89.20434846
10.49093326	-100.26175749
10.49825933	-95.54768094
10.50558540	-99.69435491
10.51291147	-94.13418072
10.52023754	-91.88229777
10.52756361	-104.01235589
10.53488968	-104.16075693
10.54221576	-99.43746909
10.54954183	-101.30893471
10.55686790	-93.32805027
10.56419397	-96.51090747
10.57152004	-105.49009535
10.57884611	-98.85311237
10.58617218	-96.94119275
10.59349825	-113.13018940
10.60082432	-110.32486431
10.60815039	-119.88461670
10.61547646	-102.60506749
10.62280253	-112.67512242
10.63012860	-106.95343630
10.63745467	-97.49057061
10.64478075	-96.47806114
10.65210682	-94.41054975
10.65943289	-92.19909683
10.66675896	-99.73767066
10.67408503	-99.79105975
10.68141110	-110.46455866
10.68873717	-96.24048608
10.69606324	-97.32410755
10.70338931	-109.93052797
10.71071538	-101.70147607
10.71804145	-100.39953721
10.72536752	-105.58872481
10.73269359	-95.36899082
10.74001966	-98.53890518
10.74734574	-98.32664391
10.75467181	-112.35625953
10.76199788	-100.42537196
10.76932395	-98.17092423
10.77665002	-96.59139325
10.78397609	-95.35810894
10.79130216	-106.24536566
10.79862823	-101.95935958
10.80595430	-101.61504638
10.81328037	-106.36797907
10.82060644	-96.46243545
10.82793251	-103.42461791
10.83525858	-104.88971095
10.84258465	-103.52343862
10.84991072	-104.57654456
10.85723680	-95.47257708
10.86456287	-89.50671456
10.87188894	-93.67704848
10.87921501	-96.07718402
10.88654108	-97.28067011
10.89386715	-99.24306573
10.90119322	-98.85909646
10.90851929	-98.55725679
10.91584536	-102.00672885
10.92317143	-103.44779815
10.93049750	-97.99262466
10.93782357	-95.87135277
10.94514964	-100.37145525
10.95247571	-119.57553440
10.95980179	-105.71803015
10.96712786	-98.23205141
10.97445393	-98.01629202
10.98178000	-107.52759095
10.98910607	-96.61320663
10.99643214	-93.86291094
11.00375821	-99.26830975
11.01108428	-94.63426938
11.01841035	-96.52329884
11.02573642	-99.65339576
11.03306249	-97.07952393
11.04038856	-99.56630854
11.04771463	-102.64789555
11.05504070	-109.56650885
11.06236678	-104.34571340
11.06969285	-98.50833170
11.07701892	-102.22892295
11.08434499	-96.99001635
11.09167106	-105.38323438
11.09899713	-97.65565019
11.10632320	-110.97299570
11.11364927	-96.22445960
11.12097534	-101.95141736
11.12830141	-92.91145254
11.13562748	-109.79631762
11.14295355	-94.93498844
11.15027962	-99.05496003
11.15760569	-97.02767251
11.16493177	-93.96876719
11.17225784	-96.92738257
11.17958391	-112.62981468
11.18690998	-96.29152766
11.19423605	-89.83529203
11.20156212	-95.00757972
11.20888819	-109.45112544
11.21621426	-104.24134420
11.22354033	-99.41599261
11.23086640	-106.45735674
11.23819247	-102.19014014
11.24551854	-100.04542637
11.25284461	-98.31048908
11.26017068	-99.23872860
11.26749676	-102.81919051
11.27482283	-112.43613636
11.28214890	-94.20681450
11.28947497	-101.31169767
11.29680104	-91.80658340
11.30412711	-101.84374418
11.31145318	-99.82070657
11.31877925	-96.00714904
11.32610532	-105.64724773
11.33343139	-100.85095239
11.34075746	-116.41861866
11.34808353	-98.45912177
11.35540960	-101.25395775
11.36273567	-100.44617789
11.37006175	-98.88408864
11.37738782	-96.20875802
11.38471389	-97.97225064
11.39203996	-91.93915652
11.39936603	-96.02882314
11.40669210	-103.78939065
11.41401817	-98.84884176
11.42134424	-103.46025097
11.42867031	-97.77722414
11.43599638	-102.82624840
11.44332245	-93.52425940
11.45064852	-103.89897070
11.45797459	-101.39179981
11.46530066	-101.22220086
11.47262674	-106.01255693
11.47995281	-95.45861786
11.48727888	-99.14062919
11.49460495	-96.22460313
11.50193102	-104.35704353
11.50925709	-100.91191681
11.51658316	-100.04344179
11.52390923	-96.04417707
11.53123530	-103.62683861
11.53856137	-104.84877380
11.54588744	-95.33632522
11.55321351	-101.51823950
11.56053958	-99.12424861
11.56786565	-93.90727996
11.57519173	-101.40376790
11.58251780	-103.98674278
11.58984387	-91.93766506
11.59716994	-92.01655634
11.60449601	-100.05549557
11.61182208	-106.83359454
11.61914815	-96.09100354
11.62647422	-115.08421622
11.63380029	-100.19387451
11.64112636	-99.64555201
11.64845243	-98.48065590
11.65577850	-99.24253736
11.66310457	-95.86386921
11.67043064	-100.80386119
11.67775672	-97.39954493
11.68508279	-97.53025022
11.69240886	-94.31928002
11.69973493	-102.86886601
11.70706100	-100.63902234
11.71438707	-103.34241913
11.72171314	-98.61110979
11.72903921	-100.46955865
11.73636528	-103.00642232
11.74369135	-98.63956166
11.75101742	-95.54545075
11.75834349	-105.30967147
11.76566956	-107.50229718
11.77299563	-103.43295419
11.78032171	-98.99092562
11.78764778	-108.67036465
11.79497385	-102.68550951
11.80229992	-102.58842379
11.80962599	-100.63402968
11.81695206	-100.24009381
11.82427813	-100.29193794
11.83160420	-97.71843127
11.83893027	-103.24231948
11.84625634	-96.90417759
11.85358241	-106.82463222
11.86090848	-97.07757793
11.86823455	-110.69070399
11.87556062	-95.08008418
11.88288670	-98.96618982
11.89021277	-98.04729115
11.89753884	-97.30995955
11.90486491	-99.22567107
11.91219098	-103.52524761
11.91951705	-95.77587710
11.92684312	-94.23802607
11.93416919	-99.70718021
11.94149526	-102.70964606
11.94882133	-104.85357620
11.95614740	-101.78456641
11.96347347	-98.36541400
11.97079954	-94.33305343
11.97812561	-94.90357173
11.98545169	-99.27916483
11.99277776	-93.23275246
12.00010383	-95.60170351
12.00742990	-103.32837987
12.01475597	-104.23787809
12.02208204	-106.75169839
12.02940811	-103.31774339
12.03673418	-98.12496119
12.04406025	-97.39326563
12.05138632	-98.08181779
12.05871239	-92.23509065
12.06603846	-103.14466720
12.07336453	-98.74929977
12.08069060	-98.27990929
12.08801668	-98.93025726
12.09534275	-100.61434025
12.10266882	-94.20073139
12.10999489	-106.94833060
12.11732096	-95.29212221
12.12464703	-97.63548487
12.13197310	-97.85956017
12.13929917	-109.74713335
12.14662524	-92.38578513
12.15395131	-99.86421866
12.16127738	-97.20308985
12.16860345	-97.63561671
12.17592952	-105.89316678
12.18325559	-102.23888622
12.19058167	-99.35068216
12.19790774	-100.15952999
12.20523381	-91.72481942
12.21255988	-95.15768347
12.21988595	-96.90295618
12.22721202	-96.07695586
12.23453809	-112.53601677
12.24186416	-105.31516127
12.24919023	-105.96092009
12.25651630	-99.54715585
12.26384237	-100.54324539
12.27116844	-101.99441299
12.27849451	-96.83081461
12.28582058	-102.63348329
12.29314666	-98.45328850
12.30047273	-96.94702432
12.30779880	-100.79222868
12.31512487	-92.68384837
12.32245094	-97.25758751
12.32977701	-100.75298291
12.33710308	-115.12920695
12.34442915	-98.27199047
12.35175522	-105.80811578
12.35908129	-97.82886593
12.36640736	-97.87931148
12.37373343	-95.87178470
12.38105950	-97.72626526
12.38838557	-97.70638577
12.39571165	-96.66115073
12.40303772	-91.41905778
12.41036379	-98.03742672
12.41768986	-94.56040245
12.42501593	-106.18807462
12.43234200	-96.16084236
12.43966807	-100.08558913
12.44699414	-101.91545602
12.45432021	-93.97998233
12.46164628	-91.49639660
12.46897235	-97.12974073
12.47629842	-115.79448752
12.48362449	-105.02869516
12.49095056	-94.95131091
12.49827664	-92.46178982
12.50560271	-98.40601340
12.51292878	-98.58326187
12.52025485	-93.84950052
12.52758092	-96.82803015
12.53490699	-100.20652351
12.54223306	-99.81931959
12.54955913	-102.38738533
12.55688520	-110.52057098
12.56421127	-99.08296867
12.57153734	-97.67666323
12.57886341	-98.82295193
12.58618948	-102.03538955
12.59351555	-101.80000396
12.60084163	-98.88982515
12.60816770	-96.96449500
12.61549377	-101.15420432
12.62281984	-104.96390640
12.63014591	-101.61754885
12.63747198	-96.16864324
12.64479805	-100.24435891
12.65212412	-100.19568992
12.65945019	-103.11351140
12.66677626	-97.55122204
12.67410233	-104.60824498
12.68142840	-101.38230658
12.68875447	-95.16216763
12.69608054	-95.12486009
12.70340662	-100.86344265
12.71073269	-98.05938867
12.71805876	-100.00603010
12.72538483	-100.49961841
12.73271090	-94.56859258
12.74003697	-104.36201124
12.74736304	-94.61877229
12.75468911	-100.07056586
12.76201518	-96.22801603
12.76934125	-97.98417487
12.77666732	-92.10293125
12.78399339	-90.91514141
12.79131946	-99.78153893
12.79864553	-95.13784459
12.80597161	-98.35901397
12.81329768	-99.78337085
12.82062375	-99.29263191
12.82794982	-108.80229822
12.83527589	-106.82356838
12.84260196	-106.43081276
12.84992803	-104.21555605
12.85725410	-100.50474935
12.86458017	-98.73645827
12.87190624	-99.63369833
12.87923231	-106.37984922
12.88655838	-101.35509691
12.89388445	-102.03267027
12.90121052	-100.38667175
12.90853660	-101.40405015
12.91586267	-98.31488681
12.92318874	-108.00714073
12.93051481	-101.03589609
12.93784088	-108.23123938
12.94516695	-106.86759748
12.95249302	-101.29550639
12.95981909	-103.87845216
12.96714516	-100.60193334
12.97447123	-102.26645543
12.98179730	-98.05333608
12.98912337	-96.60050253
12.99644944	-94.62614410
13.00377551	-93.10777639
13.01110159	-102.58362260
13.01842766	-99.53943681
13.02575373	-98.57005089
13.03307980	-96.02232766
13.04040587	-98.50410710
13.04773194	-119.55266291
13.05505801	-103.60042110
13.06238408	-99.74800300
13.06971015	-94.53984707
13.07703622	-98.67958732
13.08436229	-108.82489282
13.09168836	-102.08505946
13.09901443	-99.31482326
13.10634050	-93.61196157
13.11366658	-100.86746880
13.12099265	-99.43135359
13.12831872	-95.15684046
13.13564479	-99.59386950
13.14297086	-93.00591751
13.15029693	-101.77005401
13.15762300	-91.58436803
13.16494907	-96.42713462
13.17227514	-100.55016449
13.17960121	-101.59213451
13.18692728	-104.72456633
13.19425335	-107.78470381
13.20157942	-98.28522483
13.20890549	-108.26296098
13.21623157	-98.91242990
13.22355764	-96.54727513
13.23088371	-97.23890879
13.23820978	-95.88759182
13.24553585	-96.53895888
13.25286192	-99.29592304
13.26018799	-100.25648393
13.26751406	-94.87254444
13.27484013	-102.30440861
13.28216620	-100.83940753
13.28949227	-105.13723468
13.29681834	-100.46376030
13.30414441	-102.68216431
13.31147048	-99.08631544
13.31879656	-95.68306851
13.32612263	-96.89301474
13.33344870	-95.85794174
13.34077477	-96.49914713
13.34810084	-107.60070889
13.35542691	-90.36744698
13.36275298	-107.51607293
13.37007905	-94.02684183
13.37740512	-95.20277964
13.38473119	-99.04905922
13.39205726	-100.11556542
13.39938333	-95.89028285
13.40670940	-100.97938557
13.41403547	-107.13991495
13.42136155	-99.90941660
13.42868762	-97.07957619
13.43601369	-102.06418367
13.44333976	-109.79396986
13.45066583	-95.38133256
13.45799190	-98.55733150
13.46531797	-97.40769410
13.47264404	-104.65473089
13.47997011	-100.45061764
13.48729618	-112.83587542
13.49462225	-100.58385950
13.50194832	-96.62313274
13.50927439	-92.54480036
13.51660046	-101.97850408
13.52392653	-95.65986174
13.53125261	-95.62549694
13.53857868	-96.55166590
13.54590475	-96.11153718
13.55323082	-105.64592026
13.56055689	-103.70191959
13.56788296	-97.72370510
13.57520903	-95.68121279
13.58253510	-100.95751004
13.58986117	-106.52510578
13.59718724	-126.55500616
13.60451331	-101.31363582
13.61183938	-101.91465528
13.61916545	-102.03483916
13.62649152	-99.27007048
13.63381760	-98.70443794
13.64114367	-94.74691692
13.64846974	-96.96503841
13.65579581	-96.49268623
13.66312188	-97.57768236
13.67044795	-99.84723107
13.67777402	-99.46336496
13.68510009	-91.63525079
13.69242616	-95.90683452
13.69975223	-106.46764627
13.70707830	-95.81049012
13.71440437	-94.89893880
13.72173044	-102.49892862
13.72905651	-92.65185935
13.73638259	-93.59837890
13.74370866	-104.70465163
13.75103473	-97.06943490
13.75836080	-101.21685175
13.76568687	-93.60556159
13.77301294	-99.44270223
13.78033901	-105.04227361
13.78766508	-100.16244070
13.79499115	-110.58865173
13.80231722	-110.51697575
13.80964329	-110.55082322
13.81696936	-103.99932682
13.82429543	-98.29536699
13.83162150	-103.71644977
13.83894758	-109.33399303
13.84627365	-102.93665729
13.85359972	-112.86928386
13.86092579	-100.83045755
13.86825186	-98.65938814
13.87557793	-102.85579129
13.88290400	-102.53782862
13.89023007	-101.82381684
13.89755614	-99.59281783
13.90488221	-99.25530834
13.91220828	-108.40970072
13.91953435	-122.04969245
13.92686042	-104.08703490
13.93418649	-101.72031517
13.94151257	-98.83358589
13.94883864	-102.41182149
13.95616471	-108.83493699
13.96349078	-98.59260834
13.97081685	-96.74893318
13.97814292	-107.16547191
13.98546899	-108.63242829
13.99279506	-95.76736984
14.00012113	-93.43006572
14.00744720	-96.74810134
14.01477327	-98.26031327
14.02209934	-98.68834067
14.02942541	-106.84619437
14.03675148	-96.48388602
14.04407756	-102.92632167
14.05140363	-100.22987792
14.05872970	-102.16405467
14.06605577	-103.00573530
14.07338184	-96.15119202
14.08070791	-99.81132015
14.08803398	-102.68235052
14.09536005	-95.26058327
14.10268612	-97.71067326
14.11001219	-96.67003903
14.11733826	-97.99940223
14.12466433	-108.95022310
14.13199040	-98.91023596
14.13931647	-104.06498660
14.14664255	-95.99758447
14.15396862	-98.63300426
14.16129469	-95.57076150
14.16862076	-94.62738105
14.17594683	-90.10584069
14.18327290	-94.03907642
14.19059897	-98.30205385
14.19792504	-104.01498383
14.20525111	-96.72009856
14.21257718	-99.24866568
14.21990325	-95.12934718
14.22722932	-101.37815159
14.23455539	-111.48339039
14.24188146	-102.15621355
14.24920754	-102.24027405
14.25653361	-104.09378989
14.26385968	-101.99471380
14.27118575	-97.97555420
14.27851182	-99.48259326
14.28583789	-97.51371289
14.29316396	-99.90671722
14.30049003	-105.54972911
14.30781610	-108.04611916
14.31514217	-101.28891730
14.32246824	-93.83107103
14.32979431	-95.48732326
14.33712038	-110.80956544
14.34444645	-114.66588753
14.35177253	-108.14850422
14.35909860	-100.77599530
14.36642467	-99.20296339
14.37375074	-104.27183464
14.38107681	-112.05199146
14.38840288	-102.08754804
14.39572895	-107.78921253
14.40305502	-98.38275553
14.41038109	-104.89294700
14.41770716	-96.56769194
14.42503323	-100.23544666
14.43235930	-97.98563618
14.43968537	-99.02206304
14.44701144	-102.83952240
14.45433752	-100.97082898
14.46166359	-108.71725704
14.46898966	-99.01755602
14.47631573	-98.11706321
14.48364180	-120.38833219
14.49096787	-98.22194642
14.49829394	-103.45904574
14.50562001	-100.07867629
14.51294608	-103.89247845
14.52027215	-100.37061167
14.52759822	-100.74607051
14.53492429	-97.82887172
14.54225036	-96.52018297
14.54957643	-104.36390606
14.55690251	-97.87658794
14.56422858	-93.21515055
14.57155465	-95.17949998
14.57888072	-104.94181112
14.58620679	-105.60858726
14.59353286	-94.13193964
14.60085893	-104.20955036
14.60818500	-96.44403958
14.61551107	-99.29672020
14.62283714	-94.46543625
14.63016321	-96.25837213
14.63748928	-101.57040710
14.64481535	-100.35671444
14.65214142	-98.11792390
14.65946750	-99.02490826
14.66679357	-97.37565997
14.67411964	-117.05844473
14.68144571	-104.59420927
14.68877178	-99.10274320
14.69609785	-108.13531315
14.70342392	-98.41294031
14.71074999	-109.75929138
14.71807606	-100.87814030
14.72540213	-103.89669018
14.73272820	-98.47943660
14.74005427	-101.95491751
14.74738034	-105.45783351
14.75470641	-103.26509791
14.76203249	-109.53809374
14.76935856	-96.48056042
14.77668463	-100.12507881
14.78401070	-95.74107756
14.79133677	-91.97463758
14.79866284	-98.20424975
14.80598891	-97.29392522
14.81331498	-100.50562496
14.82064105	-91.61922982
14.82796712	-94.08300348
14.83529319	-99.37012828
14.84261926	-97.28569477
14.84994533	-100.92788678
14.85727140	-93.96228635
14.86459748	-96.74182401
14.87192355	-103.64621247
14.87924962	-97.14244360
14.88657569	-99.72213864
14.89390176	-103.04026674
14.90122783	-122.45297354
14.90855390	-109.58812587
14.91587997	-100.65098261
14.92320604	-99.57569171
14.93053211	-95.41980366
14.93785818	-111.93059220
14.94518425	-102.28129343
14.95251032	-104.10132814
14.95983639	-98.46937886
14.96716247	-102.25537539
14.97448854	-109.28394475
14.98181461	-109.04254686
14.98914068	-99.19846231
14.99646675	-101.85490827
